1 976
660 976
767 976
867 953
912 976
914 995
953 976
976 976
2 781
425 806
497 806
523 806
656 806
701 806
781 850
806 932
3 965
789 977
927 965
945 988
955 965
964 965
965 965
966 964
4 977
653 977
861 977
862 862
916 977
962 977
977 977
992 977
5 972
752 983
836 930
873 972
922 982
968 972
972 983
999 968
6 852
281 892
305 892
601 892
654 989
715 933
828 892
852 928
7 983
625 994
787 983
958 983
980 983
982 983
983 983
991 982
8 961
682 961
785 961
853 961
934 961
952 961
961 961
971 961
9 974
783 974
884 974
915 974
926 974
974 974
981 974
10 949
17 850
54 885
551 885
808 885
850 885
907 974
949 995
11 803
173 699
215 699
410 699
442 961
459 995
614 928
803 847
12 912
639 812
692 916
736 812
780 812
812 812
825 998
13 995
538 995
848 995
929 983
957 995
970 983
995 995
14 995
855 855
897 989
969 995
990 995
1000 990
15 936
28 921
421 855
640 855
680 990
921 952
936 965
16 977
360 943
694 972
943 978
474 885
565 995
617 885
834 885
18 885
562 921
583 885
885 885
19 918
188 913
456 918
711 918
725 983
859 918
918 984
939 962
20 974
799 974
818 974
829 974
877 974
888 993
21 979
22 699
343 803
414 987
510 699
699 699
979 994
226 699
369 699
23 993
569 993
895 993
960 993
989 993
993 993
997 989
24 862
146 862
485 872
544 862
557 862
683 862
744 885
25 812
101 812
516 974
690 954
724 812
26 974
560 974
755 974
902 974
27 957
823 930
844 990
881 943
882 930
919 930
930 930
487 921
509 967
708 925
756 913
29 930
731 937
826 930
863 953
30 983
693 961
860 983
944 983
31 986
402 986
453 986
633 986
737 986
924 986
986 986
996 986
32 812
113 812
749 812
784 812
33 892
386 968
543 892
555 892
687 892
892 892
894 892
34 986
133 744
541 986
570 986
704 986
35 967
45 963
168 967
956 967
963 980
967 967
975 967
36 965
239 875
37 814
534 814
573 810
615 887
801 814
810 986
814 814
851 943
38 875
196 947
321 875
584 875
710 875
838 954
875 906
891 986
39 968
142 968
391 699
480 968
786 972
874 972
909 972
40 701
157 874
200 806
424 879
502 993
41 845
309 790
529 790
620 946
623 1000
717 790
778 944
845 933
42 892
261 892
758 892
43 918
400 918
779 935
913 990
44 995
849 965
883 995
910 995
954 995
141 963
689 995
948 967
46 892
160 892
214 892
462 892
47 983
154 983
870 983
48 986
586 986
622 924
772 986
776 720
49 951
618 946
700 946
746 946
854 946
928 946
951 946
973 946
50 965
511 885
931 965
51 965
817 993
899 965
52 879
66 903
269 946
504 879
688 879
858 984
879 879
887 976
53 994
287 983
940 994
947 994
984 982
988 980
994 994
547 888
795 974
55 855
443 875
621 855
634 855
670 953
847 879
56 699
178 699
327 914
57 879
247 887
679 991
762 879
764 976
896 879
58 917
105 862
250 862
521 862
872 872
917 986
59 937
712 879
728 995
748 930
880 930
937 982
60 946
946 946
61 988
609 875
876 994
998 994
62 976
138 976
311 879
513 953
575 976
733 976
890 976
63 977
898 983
932 977
64 976
282 930
433 976
610 976
985 962
65 986
362 986
578 967
920 924
393 887
903 976
67 993
796 994
837 993
839 993
978 993
68 877
79 935
427 812
790 790
69 885
449 850
496 943
70 986
219 986
338 986
457 986
900 986
71 933
318 972
420 972
591 972
800 972
866 968
933 972
72 939
743 918
769 918
846 994
73 994
911 967
942 963
74 976
256 887
75 919
98 860
388 971
490 997
661 971
720 720
757 966
76 872
211 872
741 948
77 871
218 831
381 871
431 831
536 909
576 871
647 831
871 942
78 1000
495 1000
486 845
532 790
935 946
80 961
463 918
841 961
908 961
81 838
120 875
750 922
788 953
82 974
678 981
83 972
588 933
794 972
84 905
407 831
549 922
642 892
686 890
905 930
85 860
390 979
663 812
86 790
165 720
350 757
491 720
611 970
87 993
131 994
593 993
840 993
923 993
88 961
651 972
941 961
89 983
90 891
401 959
429 999
468 875
824 994
91 981
374 855
445 921
92 776
408 720
672 994
93 993
695 993
813 993
94 993
702 993
95 988
307 974
889 994
987 994
96 921
117 921
156 855
340 855
409 921
807 855
97 720
716 720
351 896
99 994
869 994
100 993
412 946
102 845
125 790
180 790
317 892
600 934
681 899
103 977
742 989
791 977
104 701
522 701
643 989
674 989
123 862
494 862
106 967
475 967
766 967
107 974
506 976
797 974
108 862
240 906
592 862
726 862
109 965
153 995
110 965
332 972
675 972
804 972
111 977
293 963
432 977
599 962
809 977
112 993
616 993
893 965
492 946
554 980
114 983
925 983
115 993
358 993
116 972
186 972
489 855
118 814
739 952
119 961
868 961
605 875
121 994
696 871
959 994
122 855
406 855
530 996
703 859
342 862
357 862
124 812
664 974
596 993
126 961
646 961
747 961
127 643
224 806
373 806
627 942
128 986
697 986
805 986
129 974
344 974
698 974
130 946
329 946
722 946
820 946
857 946
132 879
677 879
258 902
134 982
842 983
135 976
760 968
136 962
662 977
886 977
137 918
440 972
718 976
830 977
139 918
396 918
904 993
140 918
151 885
229 885
721 967
906 967
213 996
143 995
144 961
380 952
481 961
667 961
843 961
145 879
458 790
751 920
612 862
147 983
148 930
572 930
865 924
938 930
149 995
392 993
950 993
150 885
155 850
365 885
508 950
533 980
152 965
613 977
553 994
290 855
190 806
158 977
238 977
272 972
159 892
730 952
161 919
753 995
827 930
162 967
428 967
163 977
792 951
164 967
345 967
466 953
166 907
299 806
471 995
167 946
709 967
169 961
782 961
170 974
527 974
171 983
878 983
172 967
537 967
649 967
191 972
174 977
714 930
175 983
176 974
177 870
465 868
179 918
310 913
540 952
659 918
379 908
181 995
341 968
734 972
182 831
277 985
447 831
632 958
777 831
831 946
183 814
604 814
691 814
706 948
821 976
184 972
603 977
671 977
185 993
833 993
295 972
187 986
319 986
765 986
394 918
189 986
312 930
652 986
775 986
197 699
192 937
566 965
193 699
499 961
194 953
384 976
819 976
195 937
556 964
500 875
732 875
326 699
665 994
198 946
635 951
793 994
856 984
199 976
201 977
202 989
822 993
203 994
535 967
204 994
469 850
735 934
205 972
303 972
206 946
657 946
207 993
684 993
208 921
209 879
658 879
210 919
411 961
212 972
270 972
349 972
629 986
216 995
816 995
217 875
606 875
525 986
220 983
221 946
636 951
723 986
222 976
470 967
705 953
774 976
901 976
223 812
520 812
581 993
225 946
597 946
227 965
228 983
230 967
399 967
628 983
231 933
232 879
233 780
322 953
234 964
864 965
235 875
236 949
296 884
559 814
619 814
237 933
707 977
241 993
571 993
242 967
594 994
243 967
244 852
245 983
246 976
685 993
248 946
249 994
251 887
552 994
252 976
253 974
328 989
773 974
254 974
582 974
255 983
257 967
259 930
284 977
761 930
771 930
260 892
477 941
484 892
488 986
262 994
263 962
264 937
265 996
539 986
648 986
266 976
444 995
602 976
267 875
430 923
561 875
268 974
366 918
382 974
493 972
271 976
638 976
273 986
395 951
274 879
275 918
347 918
574 918
276 720
278 983
279 790
280 939
483 918
283 972
598 972
815 977
285 974
286 924
738 983
288 943
289 834
655 965
472 807
512 965
291 983
292 993
389 967
567 967
763 967
294 967
383 967
835 994
297 993
298 967
300 918
419 918
548 831
301 926
302 976
505 976
339 968
304 972
563 930
306 989
580 974
308 935
759 965
719 988
313 992
314 983
315 988
316 983
450 995
713 983
446 986
320 977
415 918
439 995
745 976
323 877
324 990
451 862
325 965
330 994
331 986
644 990
333 982
334 995
335 951
336 981
337 993
676 993
422 993
558 961
545 926
464 967
666 967
346 961
348 986
352 986
356 958
353 995
802 995
354 961
355 780
376 862
630 994
770 993
359 995
361 977
363 994
364 972
367 965
368 814
517 995
798 965
727 982
370 983
371 946
372 946
595 977
375 995
729 995
377 937
641 930
378 905
403 790
626 994
467 983
668 974
385 885
434 885
608 885
387 965
441 995
503 955
435 918
514 986
397 965
398 983
404 983
405 946
448 847
524 946
413 814
416 967
417 983
418 994
478 994
740 994
423 965
426 951
519 967
436 972
437 976
438 993
452 946
454 995
455 986
460 977
585 977
461 961
587 961
645 994
631 983
473 955
476 976
624 994
479 906
482 961
507 977
669 965
498 930
501 994
515 976
811 965
518 995
526 994
528 965
832 956
531 994
546 995
542 977
550 976
564 965
754 965
768 979
568 994
577 961
607 961
579 978
590 974
589 983
650 993
637 995
673 995
