0 2303
78 1458
523 3960
537 3960
555 0
600 1458
1017 4668
1458 3769
1887 0
1931 1854
2032 764
2113 4370
2303 2303
2373 4199
2456 1854
2620 1962
3321 2921
4199 1962
4208 3960
4500 3960
4724 2303
4851 8
5224 3960
1 4314
1013 1962
3026 1962
4314 2303
2 1848
1848 1962
3 1344
1344 4199
3088 1344
3492 1458
4097 2390
4 2303
4697 2303
5131 1458
5 5
2779 2779
6 2303
7 2303
46 1962
124 7
223 2921
273 2303
423 2303
483 1962
515 2303
564 7
587 1962
613 4199
651 4199
705 7
715 1962
727 2303
744 1962
764 2303
790 1458
812 458
884 1962
933 2303
954 7
964 1962
1018 2303
1082 1962
1086 7
1135 3960
1173 4199
1319 1962
1382 1458
1400 1962
1419 4199
1488 1962
1552 764
1567 1962
1580 3769
1584 1962
1609 1962
1644 1962
1679 7
1714 1962
1791 7
1807 2303
1866 1458
1872 7
1888 2303
1890 1962
1891 1962
1983 7
2070 1962
2108 4199
2114 1962
2122 764
2144 7
2170 1854
2194 1962
2197 7
2247 1962
2305 2303
2369 1962
2411 2303
2445 1962
2613 7
2618 4668
2649 1962
2668 2303
2715 1962
2718 2303
2773 2303
2852 4949
2962 7
2966 2531
3053 2303
3148 1854
3206 1962
3324 1962
3326 2303
3329 1962
3360 1962
3448 7
3489 1962
3559 2303
3644 7
3774 1962
3783 1962
3789 7
3794 1962
3954 4370
3958 7
3989 1962
4012 7
4039 2303
4042 7
4043 7
4046 4370
4055 7
4056 3769
4130 7
4134 7
4154 7
4236 4314
4286 933
4298 1962
4300 7
4325 7
4357 7
4358 2518
4426 7
4430 7
4445 1962
4463 1962
4638 2303
4761 7
4908 7
4925 4199
4931 7
4941 7
4963 1962
4974 1962
5016 2303
5022 4314
5036 4668
5051 4314
5070 7
5094 1962
5140 1962
8 4199
29 1854
35 3960
36 2303
116 3769
132 8
187 3960
195 8
336 1962
479 8
506 3960
525 1458
554 3769
648 3960
712 2303
733 8
855 933
972 8
982 1458
1034 1458
1062 4314
1116 1854
1189 3769
1196 1458
1275 1962
1368 8
1394 764
1477 1854
1643 8
1651 3769
1715 8
1773 3960
1802 3960
1834 4949
1835 4314
1854 4199
1889 1458
1897 1962
1928 8
1930 3960
1975 3769
2014 1458
2072 8
2080 1962
2096 2303
2126 2303
2179 8
2224 2303
2354 2303
2574 2303
2685 2921
2739 1458
2759 3595
2807 3960
2833 3769
2847 4314
2883 3960
2916 4668
2921 1962
2935 1854
2955 1458
3050 3769
3054 1854
3127 1854
3164 3769
3169 8
3263 3960
3282 2303
3289 2303
3473 1458
3476 3769
3518 8
3584 8
3595 1962
3656 1854
3663 1962
3756 1458
3822 8
3845 8
3894 4199
3923 1458
3955 8
3960 1962
3977 2303
3978 4199
4019 3769
4026 4486
4085 8
4159 1962
4211 1458
4227 8
4241 4668
4250 1962
4265 1458
4412 1458
4486 3769
4538 1854
4563 8
4661 8
4723 3960
4749 8
4858 4199
4875 8
4877 1962
4949 4199
4959 1962
5011 3769
5032 2303
5233 4199
5244 1962
5246 4199
9 4194
4194 1854
10 5145
5145 2113
11 3960
80 458
226 2921
546 11
839 3769
912 1962
1171 11
2531 4199
2545 11
2547 1458
2571 11
2629 4199
3858 101
3867 11
3967 1962
4370 2303
4539 11
4561 4250
4713 4370
4812 11
4896 2303
5030 4199
5192 4199
12 5147
850 1962
5147 4314
13 3769
3769 3769
14 4199
771 1962
1668 933
3491 2600
3988 1458
15 4814
458 4314
3422 3769
4170 1458
4814 1854
16 2718
17 3769
411 1854
557 764
1339 17
1446 4314
1459 4199
1762 17
1906 2303
2476 3769
2518 1854
2592 4486
2605 17
2611 17
3132 1458
3133 17
3354 17
3720 1854
4091 3769
4971 764
18 2264
2264 587
19 2896
2219 3960
2896 4949
20 20
502 5154
1765 5154
3689 20
21 1253
1253 2598
22 5131
182 4314
460 912
574 4199
1518 3960
2077 2077
2284 1962
2409 2303
2952 1962
3961 1962
4160 1962
4575 1962
4594 2600
23 4199
1793 3457
2100 4370
2700 2113
3457 1962
24 3960
25 1106
288 764
1106 4486
26 2303
198 4668
427 4668
2972 4668
4668 2303
27 189
189 189
28 4668
3286 4724
30 1139
1139 1009
5210 3164
31 4199
2029 3961
3477 31
32 1395
1395 4668
33 3594
3594 477
34 5147
433 1458
903 3769
2447 2921
1025 1962
1360 4199
2169 1962
2471 4199
2546 2303
4256 3894
4983 3769
5001 2303
37 4919
1110 4919
2005 4919
2465 4314
3468 4919
4919 1962
38 3960
840 3960
891 4314
904 474
1781 1962
5230 101
39 3961
40 1854
4469 3978
41 933
101 4370
477 3595
625 1822
1031 4370
1065 764
1822 2620
2478 1822
2885 2303
3243 1962
3302 101
3550 1822
4518 2921
4527 1822
4797 1822
4893 2620
42 3769
43 4486
491 1854
615 4314
647 3960
918 1458
2190 3769
2245 3769
3359 3960
3807 1962
4329 3769
4556 2921
5207 3769
44 4199
971 2544
45 1962
74 2303
286 4949
660 2303
683 4199
756 3960
802 1854
875 4314
1075 2303
1238 1854
1333 3769
1348 1962
1378 4314
1667 45
1850 4668
1853 45
1962 2303
2155 1854
2165 4314
2300 2303
2600 2303
2636 1854
2705 74
2836 45
3494 1854
3574 1962
3665 2876
3758 3769
3848 45
3903 1458
4245 3960
4544 45
4671 2921
4684 3574
4737 1854
4778 2303
4886 45
5193 2303
5252 1962
334 2765
490 1084
2805 46
2989 46
4033 46
4074 2598
47 4314
492 3960
896 3769
941 5085
1692 3769
2027 2303
2089 3894
3514 47
5085 3769
48 1962
237 4314
995 1962
49 1962
50 3960
424 50
1377 4370
1529 50
2516 3960
3079 3769
4569 4314
4898 1356
5087 1139
51 1962
224 2390
1060 4199
1134 3960
3934 1962
4073 51
52 1773
653 4370
1005 3769
3755 4486
3777 1773
4284 5085
4629 1636
53 4160
54 4417
4417 2718
55 995
122 2303
1701 2303
2598 995
2663 2303
56 220
220 3204
57 2027
1636 1854
2722 3476
2862 3272
3730 3769
58 1458
920 1962
2751 58
4152 3960
59 4744
1356 1854
1473 4949
3023 4486
3450 554
4744 1773
60 1458
61 2598
698 698
1009 4370
2698 1458
3039 4199
62 74
3005 74
4022 1962
5105 1962
63 3789
2318 3672
64 1701
65 2224
66 552
552 3960
67 1962
3935 1962
68 887
887 1458
69 2303
2436 2113
70 3769
71 3921
1397 1446
3505 2598
3921 2303
72 4668
358 72
3098 2303
4998 427
5112 5251
73 2191
545 4695
992 4199
2191 458
153 3769
203 2126
229 1962
230 2531
338 1962
342 1458
441 3769
469 4199
480 74
629 1962
669 1458
752 2303
998 74
1152 1962
1163 4199
1180 4314
1222 4668
1252 4199
1362 74
1389 74
1630 3960
1732 1962
1804 2531
1808 587
1907 2303
2174 2518
2360 74
2470 1962
2504 2303
2947 4949
3060 4199
3131 3960
3153 74
3386 74
3655 3960
3672 2303
3834 933
4226 74
4386 4370
4433 3960
4492 3960
4582 3769
4732 4314
4766 74
4785 74
5079 4949
75 1084
466 2773
1084 1084
76 4478
107 3595
244 1013
1027 76
3155 3769
4478 5131
5102 3289
77 77
2870 2870
298 3960
452 2620
1221 2126
2009 3769
2840 2303
3220 78
3430 3769
4132 1962
4774 4250
5039 3769
79 3574
4865 3960
369 80
843 80
1078 3769
1109 1854
1199 4370
1549 1458
1677 4370
1747 1458
2177 458
2803 80
3018 3457
3256 1458
3493 1962
3544 1677
3646 80
4808 458
81 3672
446 3672
1838 4250
82 583
583 1864
2243 3873
83 2169
4279 933
84 4814
159 84
85 2303
2517 2165
3735 902
4622 305
86 3960
160 4199
1606 3769
3101 4668
4381 4199
87 3960
88 4199
3975 4668
89 2126
90 90
2653 2653
91 3769
191 3769
367 1854
1254 2302
1985 365
2006 3769
2008 1360
3620 1854
4334 2303
4670 1854
92 2303
1687 1962
93 4046
677 4668
916 2303
94 1866
3355 2303
4945 4199
95 161
161 1446
96 4397
1456 3099
2623 1252
2731 3921
3580 1802
4397 4199
5184 1962
97 995
549 2893
1450 4022
1564 5193
4618 4370
98 458
128 1458
779 4963
1613 1962
3847 2096
4543 1854
4703 1106
99 903
100 3243
447 2303
4031 4314
4436 585
385 4370
784 3774
1108 230
1227 1962
1383 4250
1575 2620
1707 4250
1751 230
1758 2620
1844 3079
2069 587
2627 230
2634 4199
2738 230
2794 3769
2876 3960
2878 4250
2984 4949
3052 230
3183 4919
3327 3774
3528 4250
3770 1962
4098 4250
4246 3774
4323 2531
4437 4250
4689 4250
4747 101
5176 3769
102 988
988 4199
3950 3204
103 2224
4191 2224
104 4814
3997 4017
4379 1458
105 1854
3600 105
4807 2126
106 3769
2589 244
4272 1962
4388 2429
108 224
109 3769
2920 3769
110 110
4100 4100
111 3146
3146 3620
112 997
997 1084
113 2518
2280 4370
114 1456
397 855
524 598
1833 114
1863 2883
2899 1773
4730 1307
115 3346
3346 3346
657 4199
765 1854
768 2027
877 4314
1030 1458
1371 5011
1497 557
1730 116
3019 4199
3139 5032
3520 2096
3525 4668
4867 3960
5038 2126
5081 4486
117 503
503 3164
1021 4250
118 1505
1505 4724
2726 1458
119 3960
1903 4370
4094 1458
120 120
2334 120
4010 120
4625 120
121 1840
1840 1840
4981 1840
294 466
1799 1962
123 4486
125 891
921 2303
1861 1488
2217 2487
2227 1108
4133 4397
5059 2794
126 2303
364 3769
956 1962
1441 3769
1674 126
2139 2303
2796 2773
2854 3394
2933 3961
3250 758
3300 126
3531 2773
3688 1458
4635 2303
5250 2303
127 2096
316 365
1289 5233
2316 1458
3742 5233
4719 653
129 5233
130 3394
3394 1458
131 1025
1190 855
2813 4314
4611 5244
1637 764
133 4919
797 3249
1535 4919
1671 133
4149 4919
4649 4314
134 4314
2039 1889
3059 2300
3942 4250
135 1387
1387 4199
2154 4370
136 2303
836 3769
137 2598
1927 3205
138 4019
139 1636
140 1263
1263 3648
4332 2848
141 1387
4143 3960
142 3528
143 2303
365 4199
1004 1458
1706 143
2888 506
144 4199
1510 2303
3662 3662
4006 144
5239 4231
145 1400
5179 1377
146 4949
4135 4370
4217 2531
147 2303
148 1202
1202 3960
149 2921
150 3324
1880 4314
3204 4199
151 2995
2995 4668
152 4949
472 1962
550 1773
3366 2303
575 153
1480 153
2038 3960
2690 3769
3020 3960
3463 2303
3818 1962
4700 3960
5208 1962
154 3206
155 155
3400 3400
156 1458
157 4152
3226 157
4092 157
4313 2300
158 1458
1801 4949
1839 4949
4783 3769
181 3960
293 4199
520 918
1200 3960
1534 3769
1710 3769
1831 2876
2768 458
3375 160
3509 3769
3812 160
3968 2876
696 1854
1614 1962
162 4199
163 972
164 3595
165 1962
227 4919
434 165
494 477
553 165
704 165
845 165
880 458
1165 165
1168 1962
1217 165
1264 477
1291 2531
1947 4919
2088 4919
2128 4314
2286 165
2322 165
2342 165
2390 3324
2442 1854
2577 165
2819 477
2853 4919
3045 165
3116 1458
3184 477
3249 3769
3294 477
3333 4919
3426 4814
3551 165
3667 1848
3705 2303
3751 165
3787 165
3909 477
4045 165
4131 3769
4792 4919
4805 1848
4817 477
4841 4199
4854 4919
4856 165
4942 4919
166 3452
3452 902
167 764
168 3421
3421 3579
169 4199
170 3960
171 2706
2706 3243
172 1169
1169 4816
173 2303
174 1773
1805 174
2330 4314
2626 174
3992 2303
4110 174
4846 174
175 2303
176 2190
177 2600
2372 3688
3186 2303
3653 177
4595 177
5130 3206
178 2303
1228 4199
3648 3769
179 3769
3075 179
3613 4370
180 2303
3841 2303
285 3595
650 3574
2339 182
2462 2191
2542 1458
2745 4314
2965 4668
3840 182
3964 3769
4303 1962
183 1009
3142 3079
184 3770
185 995
186 1458
730 918
2558 187
2922 1854
4567 4919
188 458
5253 1962
190 3232
3232 458
3371 764
4735 191
192 1013
193 5147
3643 4949
194 542
542 4199
897 4199
937 4199
1002 1962
1358 2303
1532 2303
1806 3961
1821 2303
1908 3960
2020 195
2109 2303
2149 2303
2302 2303
2621 1962
2917 3769
2943 2303
3674 2302
3753 3769
3881 1854
4122 2303
4158 2303
4326 2303
4507 1962
4528 1458
4654 4199
4914 3769
5118 4314
196 2177
5009 2649
5204 458
197 4370
1003 3769
1436 4199
1959 2303
2156 2303
2159 2303
2617 2303
2662 3960
3013 427
3085 1962
3108 2600
3436 1962
4987 1962
5188 2303
5251 2303
199 5147
200 1854
474 1677
1819 200
2003 4569
3766 1360
201 4922
4922 3769
202 3164
1184 1458
2776 1116
4415 203
5121 506
204 3960
2544 4199
2652 764
3205 2303
3999 2303
205 4199
206 4854
207 1458
208 2921
209 3960
210 842
842 5032
211 1458
212 212
4263 4263
213 3769
857 2284
214 4963
1568 2531
215 3620
216 4314
2424 1473
3945 1580
5092 4314
217 3769
218 4472
4472 1458
219 1084
1029 1029
939 230
2713 3204
221 1677
239 2276
1475 1854
1516 1677
2175 1854
2249 1677
2467 1848
3181 1677
4308 2390
222 4149
3750 4569
1827 933
2198 1854
2403 2390
4341 2390
4677 224
225 4370
4604 1848
1166 4250
3966 1962
1309 4314
228 2303
394 4370
1864 1962
413 995
2378 1962
370 2113
416 4250
1085 2027
1204 1584
1386 1962
1457 230
1950 1848
2377 3960
2426 1962
2556 3774
2752 230
2858 230
2873 2096
2968 1962
3135 1962
3197 230
3317 230
3437 4668
3651 2303
3664 230
3864 230
3902 1458
4183 1377
4453 4250
4496 1962
4587 1962
4593 4199
5026 3769
231 1931
2849 1854
2945 4486
232 2972
233 1773
4726 3960
234 1962
235 5163
5163 2303
236 1962
444 1889
508 3960
724 933
809 477
1555 2621
1744 2303
2118 1962
2188 4314
2268 1848
2734 2518
2859 933
2982 3960
3556 3960
4613 2518
238 3164
2276 4370
2702 1677
240 3721
3721 2303
241 1377
242 4680
4680 4680
243 2303
325 4486
1255 1888
1370 243
1623 4668
885 3769
2631 1510
3970 4199
245 4241
246 2084
2084 394
247 1613
248 2787
2787 3769
249 249
4048 4048
250 3332
3332 4199
251 5033
5033 3524
252 2190
253 678
678 4486
828 1854
254 3663
255 3769
256 4668
865 1854
1112 933
5187 3324
257 4199
531 2921
736 1458
975 257
2362 2113
4330 3818
4598 2303
258 4199
259 3424
3424 2303
260 260
1990 1990
261 3966
262 2163
2163 2163
2522 262
263 263
4562 4562
264 3900
3900 1854
265 595
595 595
266 1361
1361 1361
267 2992
2992 4314
268 651
269 5011
4399 4314
270 1252
271 271
526 271
2767 4199
3880 271
272 4370
632 4814
3165 2113
274 4744
275 2303
276 4151
4151 3769
277 1686
1686 3769
278 4199
297 3324
3211 3206
3761 1962
5241 278
279 2303
280 1854
281 4919
4739 4816
282 4841
283 4272
2328 1848
3714 1962
284 5131
708 1458
1626 3769
3014 2935
4855 3769
287 2303
3268 4199
1144 1458
2863 4814
3296 4949
4389 764
4721 4949
289 4199
290 4814
291 2531
292 1962
1603 764
343 537
3697 364
2253 1888
295 764
3099 4314
296 1360
980 3845
299 1545
1545 2303
300 5218
5218 4668
301 1407
1407 4370
302 5030
303 2303
304 2303
2925 2518
305 4370
356 2668
389 305
714 2668
1471 2668
1777 2668
2666 305
3130 2668
3441 1458
3465 2668
3536 2668
3547 2668
3725 305
4107 305
4137 2668
4355 305
306 4426
2116 4880
2537 2893
4000 2556
4745 1962
307 4963
3017 4725
308 5125
5125 2303
309 1446
3189 4814
310 906
906 2303
311 1108
312 4778
313 3127
3438 4208
314 2876
3002 2165
3645 1962
3744 3769
5173 4151
315 3137
1525 1525
3137 1866
4268 1525
652 316
889 4668
893 1848
1999 316
2800 316
3612 4194
4161 2303
4229 2113
317 5187
318 4130
319 2717
2717 2717
5088 2215
320 1854
4237 4199
4510 3769
321 727
1492 3735
322 4698
366 3921
1305 3921
2769 3505
3467 3921
4401 2303
4616 3921
4698 3921
323 3769
1427 323
3007 2109
324 2588
2588 2648
1188 325
4027 325
4213 325
326 3960
327 3960
328 1807
2030 5233
2747 5233
329 2921
330 4668
331 5080
4129 4046
5080 3769
332 1710
333 903
2765 1962
335 989
989 1009
1170 336
4755 336
4905 4199
337 4668
3089 1377
339 4194
340 969
969 1029
341 4932
4932 1928
750 4397
1157 342
1447 4397
2492 342
3432 1962
5035 342
1942 4949
2226 4314
2801 343
3104 343
3842 343
4615 343
4789 343
344 3769
2357 2302
345 1773
2748 2921
3096 345
3276 2139
346 346
3284 3284
347 4370
348 1169
4883 4758
349 1584
2697 2600
350 812
351 1677
352 1799
1424 933
1595 1084
3516 1962
3726 2598
3873 764
3979 2373
4324 2598
4394 4314
4811 2303
353 3960
1143 1962
354 2302
355 4582
357 3769
2028 3259
2267 358
4673 4486
359 4914
360 360
449 360
1712 360
361 3774
3141 4492
362 3708
3708 3708
363 3613
559 364
833 2876
948 4314
1092 5131
1320 2600
1327 1962
1474 5147
1893 4314
2370 364
2590 2303
2875 364
2877 2876
2941 364
3229 4314
3513 4486
3610 5094
4054 3164
4335 4668
4353 1962
4895 4199
532 4314
541 365
2040 1848
3213 4914
4793 365
4900 4914
588 3921
622 4668
3892 1446
4089 4668
902 1962
2802 5085
4195 1962
4659 4199
368 4486
2093 698
3337 369
1538 4370
371 4329
3470 2739
372 4638
680 2303
3639 2303
373 2303
985 933
374 1344
996 374
2349 1344
375 601
601 3421
1175 3350
4754 2013
376 4164
4164 4314
377 3770
378 3770
379 4370
380 4241
381 3769
382 3329
383 4752
4752 2921
384 1854
1007 3672
3248 2126
3341 3595
4025 1962
4299 385
4457 385
386 903
2204 903
387 4379
388 4370
390 4370
4276 4370
391 995
1247 1854
392 1854
393 2765
2025 2921
830 1275
1161 3243
1558 1009
1617 2303
2312 394
2469 1009
2683 394
3191 1009
4277 4370
4362 4569
4536 4919
4882 1009
395 3881
1673 2303
3523 395
396 2322
598 1962
1307 1863
3680 3580
5062 4199
398 3774
1008 3960
1760 4654
4075 1962
4501 5131
399 1225
1225 3921
400 1962
3057 4668
401 5252
402 402
685 402
709 402
2266 402
4018 402
403 1488
404 4668
405 3127
406 4758
4758 4758
407 5147
1739 4668
408 2003
4574 2303
409 3961
410 4199
760 3206
919 1931
1281 1458
2799 1458
4311 411
5050 2302
5106 1962
5201 3769
412 4370
414 4476
4476 1854
415 2303
517 416
741 3579
1251 416
1788 2096
3029 3350
3194 3579
3350 2096
3579 4199
4070 3350
4239 3350
4553 931
417 4258
4258 1458
4424 3204
418 4814
419 770
770 770
420 5051
421 4426
4392 2470
422 2303
1413 3774
2553 3960
2964 902
2341 3977
2848 1854
425 1962
426 426
645 426
1328 3769
2294 4152
3293 2303
3563 426
3781 426
2083 3960
2724 2518
428 1931
883 2303
429 1458
430 3350
468 3873
668 678
946 678
3718 678
4786 1778
431 5080
432 3769
522 3769
1995 4949
2904 432
2977 432
3259 1854
3919 4194
4725 4949
1883 433
2643 433
3261 1458
4685 764
4712 1458
4825 764
435 530
530 3350
1531 435
436 1854
716 1458
1033 3770
2187 2276
437 437
2814 437
4176 437
438 1773
2396 4199
2407 764
3361 2876
4995 3769
5021 506
439 4949
569 4949
440 3583
3583 2303
1426 2302
1774 458
3000 1854
5116 2600
442 3960
443 3769
4346 443
2181 4668
445 1513
1513 2531
2914 3595
4061 446
4188 1458
4356 4286
1937 918
2493 1013
4339 2109
4746 447
448 4534
4534 595
450 1854
5196 3948
451 5188
4833 2224
453 1458
454 2096
455 3243
456 3210
3210 4668
457 4668
626 458
806 458
968 458
986 1962
1024 3960
1201 4314
1350 1962
1775 3769
1820 458
1904 458
2201 458
2269 458
2295 458
2311 458
2532 458
2555 4949
2597 458
2619 458
2719 4814
2763 1458
2880 458
2996 458
3004 4314
3086 458
3163 458
3221 4199
3222 4314
3225 458
3227 458
3235 1962
3262 3960
3288 1458
3331 458
3382 1458
3383 1962
3396 458
3471 3769
3530 1458
3569 458
3640 1854
3796 458
3817 2303
3831 1458
3985 4199
4590 2303
4916 2303
5078 1962
5169 2303
5243 2303
459 2885
1390 460
2274 3085
3762 2113
461 995
462 3359
463 3513
2938 4151
464 2303
465 5011
1100 1854
1259 465
1753 465
2502 2876
3280 465
3948 465
4090 764
4144 4199
4418 3977
5134 1962
804 4486
2207 2598
3269 4896
3984 4896
4799 2598
5138 2598
467 5032
4416 1458
2244 2109
470 2373
471 2160
2160 3057
774 472
1764 3774
1882 4397
2850 4397
3526 2600
3647 4397
3717 506
4602 3769
5237 1773
5245 1458
473 1316
1316 1400
635 474
1105 1677
1590 1677
1631 474
3453 4314
3914 1677
4448 4649
4873 1677
475 475
2421 2421
476 743
743 4814
2119 1025
2443 2921
2628 933
2658 4919
2714 1854
3114 477
3124 477
3723 477
3813 506
4013 1962
4511 1848
4628 4668
4750 2518
4776 4919
5247 477
478 1928
2321 1962
2569 2721
3166 1458
3553 1854
3779 2721
585 2303
3156 4199
5052 3761
481 933
5047 481
482 4199
2406 764
5061 3324
484 1962
3918 1962
485 3769
486 486
4513 4513
487 554
488 5252
3885 1854
489 2795
2795 2303
571 490
3307 490
3824 3769
3926 3769
5212 2531
1761 3769
2056 492
2090 492
3974 4370
4197 5085
4781 1252
493 1773
4139 494
495 495
1522 1522
496 1029
497 4370
3087 497
498 638
638 3960
499 1773
500 1968
1968 2303
501 4314
5154 2303
886 503
2213 5030
3458 1962
5126 503
504 2382
2382 4949
505 1854
4283 1854
4656 505
927 1773
1028 1773
1089 3960
1705 1458
2384 506
2509 506
2528 506
2596 1773
3364 1773
3440 2518
3855 506
3962 3960
4948 2921
4985 1773
5071 1962
5120 1773
507 1013
509 3594
854 1086
510 5011
641 933
749 510
2512 933
4082 510
511 1458
2561 3273
512 4486
513 1459
514 514
5010 5010
713 3243
1080 3243
1185 4370
1278 3243
1286 515
1539 1962
2225 4668
2453 4919
3055 1962
3508 515
3588 515
5149 3243
5181 1377
5189 1962
516 3769
518 1687
519 2518
521 1009
1914 600
4378 4949
4396 522
3884 3249
1981 3960
3138 3960
4181 4194
4918 525
3611 526
527 3960
528 528
2712 528
4720 528
529 3457
617 530
4962 2075
960 2546
1491 2546
1696 531
2092 531
2809 4199
3187 4486
3760 1962
5111 3324
4104 2876
533 1348
534 2743
2743 2743
535 2303
4420 4809
536 4697
808 4314
901 537
907 537
1393 4370
1409 1962
1569 537
1596 537
1813 1458
1828 537
2414 1458
2860 2518
3577 537
4112 537
4204 3769
4525 537
4675 2303
4967 3960
538 1854
539 2531
846 764
540 1458
4117 1802
1993 1613
543 3259
544 3018
4695 2303
5227 546
547 4199
4005 2997
548 1400
1620 995
2893 1962
740 550
869 550
1069 2109
4621 4919
4666 933
551 3835
3835 3835
1095 1854
2826 1854
2865 1854
4136 933
4502 4199
1093 554
2499 2546
3255 554
3886 933
5119 554
556 1458
1087 4370
3456 4668
3671 1458
4021 4949
4190 2303
4410 764
4552 4199
558 4314
560 3782
3782 3782
561 1686
562 4314
1015 4199
4306 4867
563 1854
2433 4199
2648 563
2674 764
2785 563
3799 3894
4280 2303
4366 563
4393 563
4484 563
4924 1931
3377 884
4850 1377
565 886
566 2390
567 4370
568 3324
2063 569
2720 1931
2986 4949
4979 569
4991 569
5172 569
570 3769
572 1387
1300 3769
2073 1458
573 4994
1698 2738
4994 2794
1784 3205
3126 1962
3299 3205
576 1084
1627 4151
2306 4199
577 5094
578 578
5124 5124
579 3079
580 3672
4086 2303
581 2518
582 758
758 2773
2675 583
584 1778
1778 2921
586 4472
751 1962
1072 1377
1284 4668
1560 1848
1574 4370
1594 1962
1748 3769
2017 1962
2310 587
2327 1962
2487 1854
2541 3774
2573 587
3182 4314
3209 1962
4281 4949
737 2303
2520 3921
5144 3921
589 3769
590 3873
591 591
1902 1902
592 1360
593 3595
3022 593
3704 4098
594 3656
1720 3324
596 4370
597 597
1236 1236
4630 4630
782 598
1375 598
1607 598
1955 1889
2420 598
3292 598
599 2863
2049 2303
2102 5131
3100 4314
4565 4194
4836 600
878 2744
4400 931
602 4518
603 1993
604 4199
605 1446
606 4199
607 3263
608 1942
609 4021
610 1084
1856 2377
611 1962
2387 611
612 1613
4146 1458
614 2303
940 1458
3617 2096
616 2027
1167 4962
4504 2224
618 3441
619 619
2770 619
620 2921
621 5187
643 3921
822 3505
824 3921
1408 3921
1994 3921
2344 3921
3278 3505
3625 3505
5053 3921
623 4194
2647 1962
624 933
627 3066
1438 627
3066 1962
628 4814
3773 628
630 2518
631 2096
3392 2113
633 3000
1754 5192
634 2303
1521 933
2804 1360
2960 634
3883 634
4464 3960
4714 4314
636 3807
1331 2373
1430 4199
1996 4199
2595 636
3270 4199
4105 2303
637 3977
1523 4314
1680 4949
1939 2600
4612 638
639 3204
1943 3769
2013 2303
2757 3769
640 3333
642 4841
707 737
2688 3921
3541 4401
644 3164
646 1854
1066 648
4647 933
4969 2027
649 4814
3008 1034
4196 1238
981 3960
1354 653
1589 2303
4127 1386
5069 3960
654 3769
655 655
1604 1604
656 5016
4731 1889
4937 1458
658 1458
659 3259
3363 660
661 5051
3995 995
662 2163
4095 2163
663 902
664 3324
665 903
666 1613
667 933
3212 3332
1519 1458
4531 4314
670 1962
2716 4370
671 4314
672 1100
673 1400
4372 4199
674 3977
675 4634
4634 5129
676 3595
5167 2303
2425 678
2506 678
2551 678
2905 678
3865 678
4583 2303
5151 678
679 2176
1610 679
1766 1169
2176 1238
3626 3977
4821 4199
681 3873
682 1702
1702 3769
723 683
1176 3595
1987 1458
3318 933
3775 2303
4297 2303
4428 683
4480 1252
4532 2303
4568 2303
4921 1458
5028 2303
684 3491
908 1029
686 2765
687 3960
688 1889
689 1458
690 1773
2774 1013
691 4635
692 2598
693 693
2851 2851
694 694
4503 4503
4806 4806
695 4949
1756 5222
2741 5222
5222 5222
4488 5085
4715 3761
697 758
900 1458
1979 698
3279 698
3703 1458
4709 698
5000 698
699 3921
700 3688
701 3206
702 4199
2331 3989
703 2113
1870 4724
1905 4199
706 2600
1726 706
747 4949
1119 4314
3425 4949
3654 4949
710 3254
3254 2075
711 1458
4844 2921
4247 875
717 3458
718 3730
719 1458
720 3769
721 2995
722 764
1388 1889
3679 2403
881 724
1090 1889
2199 1889
2361 724
2564 724
3675 1889
3706 724
3871 4486
3875 4959
4988 724
725 4668
726 4199
1037 1458
1752 1962
2761 3992
3264 2113
728 4314
729 1636
4087 1458
731 4472
732 4199
1895 1834
1944 733
1952 3845
2582 3476
3348 5147
734 5147
735 1614
894 1889
1154 1889
2401 737
2497 737
3851 737
3952 4314
4517 1889
738 1458
739 3950
931 3350
1899 2096
2075 2075
2640 1928
2744 3350
742 742
2138 742
2606 742
3012 742
4966 742
2252 743
4461 743
4769 4314
745 3672
2240 1962
746 1773
748 2303
1064 2303
1741 1962
2381 2885
3860 3324
753 3961
1860 5131
754 5233
755 3366
1786 3960
757 1962
1071 5065
3846 3743
950 758
1266 758
1287 758
2953 758
3757 3324
3993 758
4225 758
4391 2773
4848 2773
759 1962
4816 1458
761 2378
762 2303
763 1962
3303 763
814 4370
1272 1962
1466 764
1527 764
1543 2303
2055 1962
2087 2303
2223 764
2263 4668
2450 1962
2603 4370
2764 764
2897 3324
3236 1458
3565 1458
4111 764
4115 3769
4441 764
4509 764
4541 4314
4762 764
4868 764
4926 764
4935 764
5013 4949
5043 764
2692 1025
3128 765
4310 4486
4802 4314
766 2647
767 3289
769 3173
3173 3173
2563 3960
3412 2114
3759 770
4691 3769
4760 770
4521 771
772 5110
5110 5110
773 4199
775 1108
776 2181
777 4397
778 3894
1649 779
1852 779
2535 779
3044 779
3578 4919
780 3594
781 4914
783 2416
2416 2303
1814 784
1910 784
3301 4668
4207 784
785 1636
2228 2126
4363 4283
786 2109
787 2126
788 1962
789 1360
5197 3243
791 2893
2277 2893
792 2077
793 2741
794 2113
795 2052
2052 2629
796 3967
1700 4314
1879 2883
4620 2997
4977 4919
798 3960
799 4286
800 800
4655 4655
801 2938
4491 2303
2762 1238
3597 2300
803 4949
805 3127
807 807
2656 807
3398 807
4011 1413
2167 809
2567 2921
810 2713
3823 810
811 901
1857 1584
2131 3774
2874 812
4847 884
813 4199
815 2876
816 816
1399 1399
817 4194
818 4085
819 4954
4954 2096
820 3966
1138 1166
4254 4254
821 1400
823 3270
2380 2520
825 3960
826 826
1023 826
1768 5145
827 5008
5008 3324
3063 2303
4901 3960
5044 1962
829 3688
831 4199
832 1854
834 5131
835 3205
4270 835
837 3265
3265 3265
838 3708
3273 4314
841 841
2750 2750
844 1854
2482 2556
3024 2096
847 3769
848 848
1172 1172
849 4793
1187 4949
1482 4949
2565 5147
3006 5147
4301 2109
5139 850
851 4486
852 852
1448 852
2559 852
853 2518
4923 1344
5075 4250
966 1773
1892 1773
2085 1802
2788 2303
3408 1802
856 3164
3464 3960
858 3769
859 4199
860 4199
4101 2303
4259 1962
861 3769
1461 1458
3931 2027
862 3769
863 2921
864 4314
866 2303
867 3769
868 1854
870 1962
871 3359
872 3312
3312 3312
873 3595
874 1275
1526 2921
1708 1458
3728 1848
4261 875
876 2126
1563 2885
879 1238
3642 2176
2959 880
3339 880
4839 4582
4088 881
882 2303
1136 883
3549 883
4093 883
5055 3164
1150 4314
1164 3774
1984 4370
2234 995
2289 4250
3290 884
3825 1458
5161 1802
2665 1013
2272 886
3965 3458
2036 1962
2220 1106
4617 4963
888 4426
890 3960
2352 4314
2366 4314
2402 891
2727 891
3972 891
4644 4314
892 5252
3480 3491
4468 1889
4546 1889
4683 5252
895 3579
898 2303
899 1110
1640 2921
3275 1300
2124 3476
2429 4486
3652 902
4631 902
4940 2876
1265 2303
1654 903
2394 3769
4701 2456
1231 3453
2153 1677
905 1009
3821 905
4904 906
909 1361
910 1458
911 4199
1220 912
4614 1962
913 1962
914 2303
915 4314
917 2986
1209 2620
1402 4668
1570 918
1884 918
2474 4949
2488 918
2857 2921
2911 4370
3340 3769
3752 3960
4708 2126
5109 918
2143 1962
3575 1962
3772 1962
1561 921
2097 921
2834 921
3694 921
922 5218
923 1204
924 1981
925 2224
1101 3457
926 4091
1214 940
1865 4486
2808 2456
928 4246
929 2303
930 2885
2132 1400
4640 2303
2353 2847
2755 3164
3217 931
3353 2744
3628 931
4939 3579
5175 3579
932 4410
953 3960
1035 933
1096 3960
1211 933
1249 3960
1258 933
1301 2531
1336 933
1530 3960
1725 4199
1946 2303
2071 933
2296 3960
2323 933
2367 3769
2437 2921
2454 3960
2519 1962
2536 4199
2704 933
2812 3960
2872 3960
2980 4370
3192 933
3281 3960
3349 1962
3416 933
3510 4199
3635 2531
3666 2303
3715 3960
3732 2303
3815 933
3915 3960
4167 933
4169 2531
4431 4199
4570 3960
4753 3960
4772 1854
4852 3960
5114 1854
5115 3960
5148 4199
934 1584
3420 4753
935 3769
936 1458
4803 4814
938 4582
1044 3079
1046 4914
1588 3769
3175 940
3763 940
5054 940
5170 940
942 942
4121 4121
943 1535
944 944
4955 4955
945 1117
1117 4030
1676 4030
4796 4030
947 1156
1156 2193
949 2745
951 1458
952 1677
955 955
4874 4874
2721 3769
3200 3769
5142 4199
957 3770
958 1475
959 1392
1392 1962
961 1962
962 995
963 3205
965 3453
967 3157
3157 3248
1079 968
1158 3960
1478 968
3515 968
5183 968
970 995
1716 4919
2078 3574
3064 5147
3479 1962
4624 2096
973 4314
974 5085
4767 975
976 1962
977 4199
978 2721
979 3210
2273 981
2468 2303
3944 1854
4936 982
983 4199
984 2373
987 1962
1311 988
1486 2921
3707 3960
5136 988
4889 2745
5103 989
990 5233
991 4199
1909 3960
993 993
2238 2238
994 2096
1081 995
1616 995
1817 4199
1963 4314
2350 995
2355 995
2446 995
2523 995
2861 995
3953 995
4063 4199
4212 995
4305 995
4435 995
999 1252
1000 1848
1001 4949
2484 4844
2568 2531
4632 3769
1656 5011
1006 4486
2251 2921
1548 1007
2141 4370
2642 1007
3899 1007
4118 3164
2211 3324
1321 1009
1628 1009
1812 1009
2405 4919
2735 1009
2754 1013
3198 4919
3356 2876
3417 1009
3785 1009
1010 3728
1011 4426
1012 1973
1973 1973
1376 1013
1485 1013
1697 1013
2203 1013
2942 2303
3028 1013
3522 1962
3956 2303
4653 1962
1014 4949
2136 4949
1016 2169
1019 2303
3936 2409
1020 3769
2438 1021
1022 2876
3693 1827
1147 4919
1554 1848
1965 1025
2012 1025
2538 1025
2552 2518
2725 3769
3016 4314
3076 2303
3308 3769
3512 4919
4956 1848
1026 1514
1514 4814
2018 2018
1632 1029
2919 1029
4282 4668
1032 1471
2237 4654
4024 1034
5034 1034
1036 4486
1038 1038
4920 4920
1039 2648
3630 2648
1040 4217
1041 1458
2417 1458
1042 1356
1043 3164
1045 1045
4623 4623
1234 1962
1974 1046
1047 2303
1048 4199
1049 3769
1050 3769
1051 3495
1629 2302
3495 2096
1052 1729
1729 4314
1053 3769
1054 2027
1055 4017
4017 1854
4057 1055
1056 4199
1057 2303
1058 1584
5178 5178
1059 2303
1061 4814
1593 3818
1063 1889
1067 2122
1068 2815
2815 3921
1070 2303
3743 3743
5065 4314
1073 2403
1074 1074
3454 3454
1355 2300
4606 1962
1076 1789
1789 1962
1077 3263
1663 5131
2086 1082
2892 3324
3277 1082
4349 2303
1083 2512
1097 4199
1312 1962
1349 4668
1571 3769
1721 3457
2496 2598
2660 1084
2832 1510
2841 1084
3310 3457
3319 1084
4231 2113
4829 1084
4842 1084
4930 4199
4999 2303
5150 3960
4542 3769
4596 4160
1913 1962
3179 1086
1088 4680
1132 2258
2026 1889
4765 4056
1091 2598
1094 1510
1431 1888
2792 5244
3207 1888
1098 3528
1099 5224
1460 1100
2926 3769
1102 2885
1103 5222
1104 2169
2404 1106
3816 1106
1107 1637
4996 4919
4052 1108
4588 3574
3497 4919
3778 1889
3844 4919
1111 4949
1113 2096
1114 2303
1115 2027
1600 1854
3682 1116
3797 1116
3805 2096
3238 1117
4030 4030
1118 4194
1120 2876
1121 2101
2101 4241
1122 1962
1123 4637
3435 1123
4637 4805
1124 2303
1125 3595
1126 4314
1127 3085
1128 1545
1129 4714
1435 1336
2789 1336
1130 4199
1611 1962
1131 2003
2258 4680
1133 1275
4506 1377
1137 2302
1240 3672
1658 4280
1742 4649
4345 3752
4524 1584
1140 4199
3314 3960
1141 3206
1142 4814
3094 1143
3451 2224
1232 3769
2343 1144
4953 1854
1145 4486
1146 3164
1148 4246
1149 2003
1151 2303
1597 1152
1153 1518
1155 1458
2193 2193
1159 4949
1160 3558
3558 5119
1162 1962
3330 1854
5077 2303
1625 3942
2248 1962
1517 3966
3924 3966
1919 4962
3484 1169
4443 1169
1683 3324
1174 1962
1294 1931
1763 1176
2326 1176
4641 1458
1177 1854
1178 1854
1179 1962
1661 2403
1181 1854
1182 1182
3911 3911
1183 4245
2864 2876
1923 4286
1186 3921
1191 2298
2298 1919
1192 4814
1193 3324
1194 1194
3898 3898
1195 3881
4309 4199
4586 3366
1197 2381
1198 4855
4035 1200
1412 5252
1203 4314
4460 1204
1205 3999
1206 4144
1873 4670
1207 2700
1847 1207
2578 1207
3188 1207
3677 1822
4843 1207
1208 1854
2019 1209
1210 4314
1212 4199
1213 1962
2912 1214
1215 3030
3030 3030
1216 1518
1218 4199
4482 4423
1219 4564
4564 2163
4060 3950
1223 2303
3145 2303
3478 3457
4291 1223
1224 2569
1496 1225
1958 2077
2236 3873
1226 4314
2957 4250
1229 1458
1230 4370
1233 1458
1235 1962
2498 2498
1237 4816
1582 2126
2044 1238
3698 1238
1239 2303
1241 2921
1242 4486
1243 1518
1244 2894
2894 2113
1245 2303
2990 4314
3650 4379
3771 2921
1246 2060
1997 1246
2060 5187
2235 3206
3971 1247
4748 1962
1248 4397
1250 5154
2423 4668
3853 2303
4608 1458
4327 1253
3963 4778
1829 2445
2399 1962
2889 2303
4968 1255
1256 4486
1257 3688
1260 2876
1261 3769
1262 4594
1267 3789
1268 2921
1269 3769
1270 4486
1271 2698
1273 1973
1274 2139
1403 1275
2451 4724
2584 1275
3092 1275
3606 1275
3802 1854
1276 3769
1277 3350
1374 1816
1279 1930
1280 2504
1557 3332
2212 4152
3585 3332
1282 2872
2693 4486
1283 4962
1285 2518
1288 3107
3107 3098
3535 4370
4573 4486
1290 2018
1292 2484
1293 1962
1540 1294
1295 3769
1296 5239
1297 1962
1298 1298
2533 2533
1299 2113
1469 1962
2279 1300
2879 1300
3843 1300
4439 1300
5101 1300
1302 4199
1303 3960
1304 3532
3532 4900
1306 2531
1445 1307
1898 1764
1308 3743
4423 2518
1310 2303
1406 1310
1734 1310
4800 1360
1313 3206
1314 1458
1315 3595
3733 2077
1317 3769
1318 2761
1533 1319
2127 1319
2172 2847
2974 4654
3320 1319
1322 3401
3401 5131
1323 2531
1324 2126
1325 4963
1326 4486
3719 1327
4171 4199
1329 2302
1330 4807
1332 3961
5146 1332
3150 5085
3599 4949
1334 4949
2682 3769
1335 2885
2543 2303
3830 1336
5232 1336
1337 2743
1338 1458
1340 2003
1341 3476
1342 4949
1343 4668
1634 1344
2048 1344
2053 3769
4338 1344
5057 1344
1345 1387
1346 4816
1347 3368
3368 4199
2540 1962
4462 1348
1364 4668
1351 1545
1352 4949
1353 4254
1795 1458
3539 1458
3576 1356
1357 1458
1359 2303
1367 1360
1877 4199
2691 4199
3021 4919
3311 4199
3598 1360
3631 3769
3713 4949
4220 1360
4866 1360
4947 1458
1363 2436
1365 3053
1366 1366
3460 3460
5242 1368
1369 3960
1444 1370
1372 3960
2301 3950
1373 2921
1816 3243
2022 1377
2630 2303
2918 1962
3316 3324
3462 1377
4382 1377
4917 1377
4929 1377
1379 2302
1380 3864
1381 4170
1790 1889
2385 2921
3373 2620
3500 3769
3546 3769
3695 1382
3888 1382
4114 1889
4222 1773
4558 5094
3622 3528
1384 1496
1385 3966
1846 3769
4371 1386
2079 1388
4957 1388
5166 1388
3388 3762
1391 4339
2651 1394
1977 1395
1396 4640
3427 3332
1398 4314
2412 1398
1443 1400
2210 2303
3897 2113
5002 2303
1401 4949
1404 1458
1405 1962
1966 1409
1410 4370
1411 1962
1585 4199
4818 1413
4894 1413
1414 3769
1415 1458
1416 2755
1417 3769
1418 3934
3125 1962
4742 4370
2035 1914
1420 2302
1421 1458
1422 4441
1423 3960
1425 2224
1428 2303
1429 2544
4943 2303
1432 2126
2777 3999
1433 1433
3603 3603
1434 5080
3893 1436
5042 3079
1437 2433
1439 4315
4315 4814
1440 4128
4128 4128
3690 1441
3983 1441
1442 1594
3343 3205
4537 2303
5063 2303
5108 4250
3180 1447
4034 4486
1449 4116
4116 4116
3009 5051
1451 3164
4516 1451
1452 2893
3393 2893
1453 2794
1454 4915
4915 1854
1455 4314
4717 3966
2993 1456
3548 1456
2736 1716
3589 1716
3798 1716
1537 1458
1544 1458
1601 2303
1615 1458
1622 1458
1746 1458
1815 1458
1925 3769
1926 1458
2147 1458
2351 1458
2356 1458
2418 1458
2444 1458
2479 1458
2510 4199
2529 1458
2530 1458
2612 1458
2633 3769
2677 1458
2699 1458
2790 4199
2824 1458
2866 1458
2898 1458
2909 1962
2934 2303
2997 1458
3015 1458
3034 1458
3073 1458
3113 1458
3118 1458
3190 1458
3252 1458
3389 2303
3428 1458
3501 1458
3540 1458
3562 1458
3564 1458
3581 1458
3592 1458
3623 1458
3632 1458
3710 1458
3767 1458
3776 1458
3800 1458
3861 1458
3868 1458
3889 1458
3908 2303
4038 1458
4076 1458
4180 3769
4230 1458
4294 1458
4337 4199
4340 1458
4360 2303
4403 1458
4446 1458
4549 3769
4589 1458
4633 3769
4663 1458
4667 1458
4728 1458
4736 4199
4751 1458
4810 1458
5066 1458
5249 1458
3459 1459
3616 1459
4759 4486
1462 5224
1463 4426
1464 2303
1465 3888
1782 4959
1467 4949
1468 1468
2940 2940
1470 3060
1472 4199
5216 1854
3027 4649
1476 3769
2703 1889
4892 4963
1479 1479
2978 2978
1481 3206
1483 4844
2775 4844
4200 4844
4485 4844
4757 1483
1484 2303
1624 2717
3879 1485
2671 3774
1487 2052
3216 1488
4065 2470
4289 4286
4512 4199
4980 4370
1489 1510
1490 4436
3852 1580
4244 4170
1493 4486
1494 3769
1495 5059
2871 2984
4242 4199
1498 2918
1499 1778
1500 5204
1501 3894
4989 3960
1502 1843
1843 4199
1503 2373
1504 3263
1506 2757
1507 3537
3537 4633
1508 4194
1509 3206
2000 3769
2158 1510
3267 1510
4162 4199
4374 1510
1511 3769
1512 2269
2449 3065
2161 4257
2733 1514
2927 3769
3870 4814
5220 1514
1515 3942
1682 3574
3040 4250
4497 1518
4665 1518
1520 4582
2185 2303
1524 2921
4032 2109
1528 3265
1738 1840
1929 4919
2214 1535
3167 4919
4879 2574
1536 2745
1541 4314
1542 1581
1581 4101
2232 4314
2477 1545
3109 1545
3634 1545
3795 2303
1546 2090
1547 2447
1550 2303
1551 4199
2732 3769
4041 5192
1553 5224
1556 4017
1559 4654
3413 1560
1678 1678
1562 3595
1878 2126
3838 2600
1565 4668
1566 4325
1572 2597
1573 3079
2015 1962
3369 3961
3429 2847
4047 1575
4902 2847
1576 3845
1577 4199
1578 3769
1809 4769
2157 3769
1579 4199
3738 1854
3982 2126
4319 1773
2033 2303
4257 4257
1583 3206
2016 1584
2215 1584
3837 1584
3957 3960
4109 1584
4266 1962
4548 1584
4952 4814
4984 4199
1586 3677
1587 3206
1591 3324
1592 2921
2760 1594
4278 4486
4490 4039
4576 2377
1598 1962
1599 3377
1602 4963
3716 2739
1605 4199
1608 2303
1612 1962
3443 1613
3496 3769
3568 2096
4296 2096
4347 2096
5152 3491
3503 1614
1618 3148
1619 3204
1621 3992
4951 1621
2021 4151
2659 1673
1650 4758
1633 5131
1693 2303
1635 5236
5236 5236
1733 3769
1792 3769
1862 1636
1911 1636
2002 1636
2365 1854
2882 1636
2903 4949
3178 1636
3272 1854
3973 3769
4165 1636
4508 1636
5168 4949
2304 4649
1638 5201
1639 3205
1641 4472
1642 1840
2463 4550
4550 1889
1645 1962
1646 3885
1647 2303
1648 2191
1652 3324
1653 2921
1655 5176
1657 4250
1659 1962
1660 3085
4859 1660
1662 2620
1664 5102
1665 3672
1666 4045
1691 4199
5100 2303
1669 3697
1670 3950
1672 1789
4067 1854
1675 4949
1885 1962
2434 3960
2459 1962
4062 1677
4910 1677
5240 1678
2729 1679
4066 1679
3587 4949
5082 1680
1681 2144
2146 3164
1684 4814
1685 2303
4474 1686
4809 1686
3910 4358
1688 3164
1689 4739
1690 3492
1694 4314
1695 3960
1699 2853
4639 1700
1978 1701
3230 1854
4756 1701
1703 5211
5211 2598
1704 2169
1709 4199
1711 5147
1713 3894
2900 1713
1717 2153
1718 4199
1719 4314
3170 1962
1722 5244
1723 1723
2422 1723
4454 1723
1724 4199
1727 1727
5191 5191
1728 2847
1731 1731
3134 3134
1735 4194
1736 4254
1737 3370
3370 3370
2410 1738
1740 4668
2134 3752
1743 5143
5143 2598
1745 2303
3239 3164
3669 1748
1749 3243
1750 1750
5226 1750
4885 3958
3727 1752
1948 1754
4798 1754
1755 4963
3573 5222
1757 4314
1759 2126
4351 1764
1767 2390
1769 5072
5072 4959
1770 5131
1771 4486
4373 3656
4515 1771
1772 4640
2505 3769
3692 1773
3996 4314
4235 1773
4413 1773
4679 1773
1776 3633
3633 2096
3729 1778
1779 3206
1780 4777
4777 4777
1783 1962
2708 4550
1785 2848
1787 4668
2501 3769
2843 1792
2045 1793
2929 1793
5068 2921
1794 4199
1796 4622
1797 4194
1798 1892
2823 1888
4123 2303
1800 1854
2281 1801
3827 2027
4678 1801
1803 3329
2051 1807
1810 4949
1811 3769
2408 3921
2461 1962
1818 1818
4138 1818
2140 1821
4081 1822
1823 3626
1824 4814
1825 4299
1826 3958
4320 1827
4465 1827
2481 2224
1830 3148
1832 4486
3385 2109
4906 4726
5023 1834
4252 2921
1836 3695
1837 1837
4385 4385
4965 1962
3504 1840
1841 3769
1842 2161
2074 1844
4452 4199
1845 3960
4238 1848
1849 5044
1851 4123
2221 2221
1921 1854
1924 1854
1940 1854
1980 3769
2047 4314
2095 4314
2475 1854
2550 1854
2585 1854
3001 3769
3035 1854
3042 1854
3097 4314
3322 1854
3335 1854
3474 1854
3519 1854
3543 1854
3709 1854
4163 1854
4178 1854
4186 1854
4203 1962
4368 1854
4434 1962
4473 1854
4494 1854
4505 1854
4704 1854
4897 1854
1855 2721
3419 4914
4791 2721
1960 1856
1858 4199
1859 2456
3405 4776
3115 1863
3748 1863
3887 1863
2625 1864
3090 2921
1867 4486
1868 2921
3912 3912
1869 3232
5031 1870
1871 5131
2566 2487
3990 4370
2951 1873
3699 4510
1874 3491
1875 2473
2473 2303
1876 4963
3147 1876
4405 4963
3482 1878
2654 3574
3932 1880
1881 4370
3241 1882
4960 4370
1886 3909
2068 1889
2110 1889
2241 1889
2782 1889
2784 1889
2998 1889
3399 1889
3602 1889
3788 1889
3790 1889
4210 1889
4215 1889
4293 1889
4479 1889
1894 2113
2742 1895
1896 3491
2275 4370
1900 4314
1901 5147
3395 1906
2067 2303
1912 3164
1915 2303
1916 4486
1917 2921
1918 1962
1920 4668
4779 3164
1922 2003
3839 3101
4819 3769
3032 3350
3038 3350
3287 1928
4591 2531
2575 1931
3415 1931
3905 4949
4214 2876
1932 2027
1933 3101
1934 2518
1935 4199
1936 3457
1938 1962
1941 2264
3271 1941
5086 4017
1945 2531
3418 1947
4845 2224
1949 2303
4545 1949
4619 3958
1951 4227
1953 4199
1954 4394
1956 1956
2707 2707
1957 2995
1961 2921
2065 1962
2104 1962
2242 1962
2435 2303
2587 1962
2609 1962
2637 1962
2655 1962
2711 1962
2884 1962
2936 1962
2981 1962
3081 1962
3084 1962
3120 1962
3171 1962
3174 1962
3240 1962
3323 1962
3352 1962
3402 1962
3434 1962
3511 1962
3765 1962
3828 1962
3850 1962
3928 1962
3938 1962
3940 1962
3949 1962
4016 1962
4069 1962
4168 1962
4192 1962
4249 1962
4331 1962
4432 1962
4601 1962
4664 1962
4788 1962
4801 1962
5037 1962
5234 1962
1964 4963
1967 2303
1971 1968
2206 1968
1969 4370
1970 3733
2106 1970
3258 1971
4099 2303
1972 4199
4233 2303
4699 1975
1976 2113
4522 3476
1982 3048
3048 3048
1986 3206
1988 2853
1989 2921
1991 2303
1992 2177
5015 1992
2786 1993
3740 1996
4223 1996
5156 1996
1998 2303
4103 1998
2001 2001
4706 4706
2985 2003
4079 2003
4148 2003
4155 2003
4863 2003
2004 3299
3488 3960
5049 2574
2007 4314
3637 3324
4838 2009
5018 2009
2010 3960
2011 4772
2604 2018
2178 4067
2639 3881
2023 3147
2024 2024
3829 3829
3283 2518
3218 2027
3545 2027
3678 3769
4780 2027
2031 4257
2034 2921
2037 4949
3065 2038
3959 2876
2041 2518
2042 3030
2043 4370
3469 2045
2046 3960
5198 2047
2050 4814
4499 2052
2054 3394
2057 2284
2058 5236
2059 5193
3406 2060
2061 2061
2307 2307
2062 2300
5123 2303
2064 3414
3414 2303
2066 4194
4636 2067
4126 3019
4398 2074
4887 2224
2076 4384
4384 4755
2148 2077
3862 2080
4547 2080
2081 4971
2082 3761
2091 3672
2094 5072
2695 2096
3095 3769
3298 2921
3670 2096
4419 2096
4734 2096
5215 4314
2098 3782
2099 2099
2458 2458
5180 4397
2511 3491
2103 5044
2432 3674
2105 2105
2389 2389
2107 3960
4530 2108
2129 2109
3046 4919
4903 4919
5122 2600
2111 3685
3685 4987
2112 2721
2164 2113
2288 2113
3202 2113
3223 2113
3304 2113
3481 2303
3538 2113
3780 4199
4290 2113
4794 2113
4881 2113
4891 2303
5093 2303
5177 2113
4275 4314
4380 2303
5248 3960
2115 2115
4626 4626
3378 4426
4702 4426
4880 4426
2117 2648
4775 3770
2120 2120
4933 4933
2121 4476
2123 2123
3557 3557
2125 4199
2262 2531
2336 3769
2371 2126
2806 3769
2867 3769
3069 2126
3162 2126
3201 4668
3486 2126
3673 2126
3987 2126
4120 2126
4166 2126
4187 2126
4255 2126
4344 2126
4364 2126
4907 2126
5113 2126
2130 2688
2133 2621
2135 3243
2137 2531
4722 2139
2142 2794
2887 5069
5228 2142
3325 2487
2145 3769
4834 2303
3074 2876
2150 3324
2151 3473
2152 4668
3160 2152
4080 2152
5064 2153
2908 2303
2710 2986
2162 5080
4377 2163
2166 2165
3351 2531
4404 2165
2168 2546
3739 4919
4367 4919
4992 2169
2171 2763
2173 4199
5238 4314
2672 2176
2180 4945
2182 4758
2183 3470
2184 4199
2186 4854
2189 2382
3159 2190
3490 3960
2309 4199
2583 2303
2771 2191
3140 2191
3586 2191
2192 4809
2539 2193
3638 2193
4913 2193
2195 2951
2196 3774
2494 2196
2200 2200
5153 5153
2202 2436
2205 5201
2208 3863
3863 3769
2209 4668
3365 2215
4365 2215
2216 3204
2218 4314
4427 4123
2222 4814
2292 2224
2549 2921
2855 2224
3372 2224
3649 2224
3737 2224
4044 2224
4174 2224
4189 2224
4458 2921
4529 2224
5096 2224
3466 3099
4020 3769
2229 5147
2230 2303
2231 4056
2233 2745
2239 2531
3313 4370
2246 3769
2250 3643
4007 2250
2254 4199
2255 2774
2256 4668
2257 2921
2259 3595
2260 5218
2261 3164
2932 2264
4729 2264
4884 2264
2265 2303
2270 4254
2271 4199
2345 2276
2278 3769
2282 5032
2283 3769
2687 2284
3068 3961
3806 2284
4813 3769
2285 3478
2287 5252
3636 3526
3609 2289
2290 3319
2291 3672
2293 3769
2297 3595
2689 2298
2299 3583
2967 3204
3110 2302
4173 2302
4651 4199
2415 2303
2439 2303
2489 2303
2515 2303
2572 2303
2599 2303
2756 2303
2797 2303
2829 2303
2839 2303
2842 2303
2856 2303
2891 2303
2901 2303
2946 2303
2963 2303
2971 2303
3080 2303
3121 2303
3143 2303
3149 2303
3154 2303
3305 2303
3391 2303
3397 2303
3442 2303
3604 2303
3668 2303
3746 2303
3768 2303
3819 2303
3930 2303
3969 2303
4113 2303
4182 2303
4224 2303
4273 2303
4288 2303
4318 2303
4369 2303
4442 2303
4455 2303
4519 2303
4555 2303
4585 2303
4592 2303
4652 2303
4711 2303
4840 2303
4876 2303
4997 2303
5056 2306
2308 4724
2313 3769
2314 3960
2315 3458
4414 4199
2317 2317
2830 2830
2319 3082
2825 3082
3082 4370
2320 4199
3684 5131
4958 2390
5159 2390
2324 5038
2325 4949
2329 2329
2816 2329
4738 2329
3986 2331
2332 3148
2333 4314
2335 4314
2337 5078
2338 2429
2340 4199
3195 2390
3601 2745
4359 2342
4600 2342
2346 3463
2347 4095
2348 2348
2524 2921
2560 2348
4559 2348
4037 4963
3814 3350
2358 4668
2359 4486
2363 2574
2364 3770
2368 2368
4686 4686
4764 2372
2455 2373
2526 4199
3567 2373
3896 4314
4119 2373
4533 2373
5083 3164
2374 2885
2375 4314
2376 3324
2427 2377
2709 2377
3951 4914
4304 2377
4481 4963
3244 3324
2379 2921
3387 3476
4828 2382
2383 4314
2491 2385
2991 3769
3833 2385
4693 2385
2386 2386
4145 4145
2388 3395
2562 2390
2820 2390
3070 2390
2391 3448
2392 2392
4986 2392
2393 2518
2395 2921
2397 3053
2398 4959
2400 4194
4307 2403
4705 2403
3561 2531
4036 4170
2821 4128
3590 2409
4140 3769
4466 2410
2413 5140
2419 4276
4096 2420
2428 4541
3274 2429
2430 2833
2431 4199
2557 2436
4557 2436
2650 3148
2440 2440
2641 2641
2441 5011
3253 2443
2949 2445
2448 4314
4489 3845
2452 4695
2457 4199
2460 4370
2464 3457
4333 2465
2466 2623
2723 2600
4059 3324
2673 2471
3687 2531
2472 4254
4560 2472
2480 4486
2483 3769
2485 4272
2486 3667
2490 3491
2495 2795
2500 3480
4267 2501
2503 3769
5076 2505
2507 3059
2508 3960
2513 3960
2514 4314
3621 2517
2999 2518
4763 2518
3615 3921
4260 2520
4449 2520
4976 2520
2521 2794
2525 4558
2527 4314
2576 2531
2950 2531
3123 3960
3158 3960
3483 3960
3507 3960
3542 2531
3676 4199
3820 2531
4124 3960
4287 3960
4973 3960
5182 2531
2534 4010
3144 2544
2548 4017
3661 2553
2554 4668
2845 4668
2570 5192
4572 2574
2579 4486
2580 3769
2581 2921
2586 4274
4274 4274
2591 4814
2593 4199
2594 4199
2728 4370
3407 2598
3906 2598
4352 2598
4822 2598
4221 2600
4477 2600
5004 4199
2601 4949
2602 3324
2607 4017
2608 2608
2670 2670
2610 2610
3072 3072
2614 3164
2615 2615
3745 3745
2616 3730
2994 4250
4826 2620
5027 2620
2622 4086
4771 4086
2624 5147
2956 4272
2632 4241
2635 3329
2638 3881
3913 2639
2644 3666
2645 4919
2646 3873
3342 2647
2846 2648
3106 2648
2657 3811
3811 4668
2661 3769
2664 4543
2667 3769
2746 2668
4696 2668
5141 2668
2669 3263
2676 5147
4860 4258
2678 3595
2679 4260
2680 4880
2681 2681
5017 5017
2684 4758
2686 4668
4927 3921
2694 3769
2696 4669
4669 3164
2701 5192
5084 4199
2902 2717
3036 3243
2730 2745
4804 3902
2737 5131
3033 2739
3917 2739
2740 4241
3991 2743
2928 2744
3266 2744
3927 2744
2749 3769
2753 5218
2758 4211
5058 2763
3214 2765
3571 4152
2766 3770
2772 4914
3056 2773
3297 2775
2778 3985
2780 3895
3895 3164
2781 5147
2783 2951
3151 2783
4456 2786
2791 4272
2793 4486
3809 2794
4672 2794
2798 4043
2810 2914
2811 5131
4493 4877
2817 4283
2818 2818
3439 3439
4102 2819
2822 3324
2827 3643
2828 3148
2831 4370
2835 3769
2837 3324
2838 3116
2844 4306
3245 2848
2906 2849
4707 2849
2868 4370
2869 5110
3901 2871
3091 2876
4872 2876
5190 2876
3071 2880
3384 2880
4597 4199
2881 3960
4153 3960
4295 2885
4773 2885
2886 2921
2890 2890
4141 4141
2930 2893
2895 4949
3939 2897
2907 4194
2910 5147
2913 3845
3854 2914
2915 2921
3334 2917
3521 2917
4790 2920
2937 2921
3102 2921
3390 2921
3741 2921
3749 4486
3943 2921
3981 2921
4106 2921
4495 2921
4554 2921
4581 2921
4740 2921
4934 2921
5162 2921
5174 2921
2923 4170
2924 4919
2931 4777
3058 4668
4084 4486
3445 5011
2939 4064
3641 4322
4064 4322
4520 4322
2944 3761
2948 3999
5221 4123
2954 4370
2958 3164
2961 5159
2969 3164
2970 4949
2973 5080
2975 4949
2976 4668
2979 3148
4911 4637
2983 3769
2987 2987
3215 3215
2988 3721
3929 2997
3998 3769
3025 3001
3003 4280
3010 4695
3011 3999
5041 3769
3031 4807
3037 3037
4198 4198
3041 4886
3043 3494
3047 3769
4835 3048
3049 3108
4645 3672
3051 4322
4322 4322
4147 3324
3161 3054
3061 3210
3062 3921
4440 3066
3067 3923
4271 3881
3077 4700
3078 4523
4523 4962
4682 3079
5014 3079
3083 4353
3093 4194
4083 3099
3103 4963
3105 3769
3111 3463
3112 4397
3117 4841
3119 3119
3455 3455
3122 3122
4050 4050
3527 5131
3129 4314
3136 3329
4566 3148
3152 5131
3691 3155
3403 3158
3444 3164
3856 3164
4175 3164
4179 3164
4201 3164
4343 4949
4584 3164
4643 3164
4741 3164
4795 3164
3168 4086
3172 4486
3176 4086
3177 4541
5199 3183
5046 3184
3185 5032
3193 4241
4768 3194
3196 4668
3199 3595
3203 5218
3498 3206
3524 3769
3593 3206
3208 4486
3560 3210
3836 3210
3219 4194
3683 3223
3224 3595
3228 4825
3231 4668
3233 4726
3234 3640
3237 4668
3242 4436
3614 3243
3246 3966
3247 5080
4610 3249
4815 3249
3251 4199
3257 4019
4861 3259
5194 3259
3260 3595
3582 3263
4483 3268
5231 3269
5107 3279
5095 4949
3285 4257
3291 5187
3295 3491
4657 3299
4172 4668
3306 4089
3659 3306
3309 3329
3849 3312
3315 4949
4878 3321
3347 4314
3529 3324
3552 3324
3784 3324
3832 3324
3980 3324
4049 3324
4125 3324
4234 4668
4928 4668
5074 3324
5097 3324
3801 3326
4862 3329
3328 4724
5202 3672
3411 3331
4014 3332
3607 3333
5029 4919
3336 3769
3338 4199
3344 5016
3345 4875
4831 3346
3357 3960
3358 3769
3362 4370
3367 3579
4202 4202
3764 4744
3374 3666
3376 4123
4157 3377
3379 3492
3380 4726
3381 3595
3922 4963
3404 4022
3409 3769
3410 4086
3423 4724
4028 4858
3431 3431
4150 4150
3433 3769
5090 3445
3446 4126
3447 3451
3449 5192
3461 4199
3472 4401
3475 4649
4422 3476
3485 4698
3487 4157
4269 3595
3499 3894
4627 3501
3502 4914
3506 4726
4206 3509
3517 3517
4342 4342
3808 3526
3533 3656
3534 5085
4540 3540
4662 3546
3554 5035
3555 4097
5155 3556
3566 3757
3570 3570
4950 4950
4526 3571
3572 4814
4232 3574
4571 3574
3591 4314
4040 3595
4784 3595
4837 4199
3596 4668
3605 3605
4681 4681
3608 4486
5091 3614
3618 5218
3619 3619
5217 5217
3624 4816
4407 3626
3627 3627
3696 3696
3629 3769
3657 5204
3658 4726
3660 3769
5089 3660
4015 3672
4248 3672
4820 4370
4864 3672
4978 3680
3681 5147
3686 4370
4787 3693
3700 4199
3701 4814
3702 4358
5099 3708
3711 4919
3712 4372
3722 3722
3994 3994
3724 5178
4498 3728
3731 4649
3734 4314
3736 4160
3747 3769
4857 3752
3754 4199
3786 3769
3907 3769
3920 3769
4058 3769
4142 3769
4264 3769
4470 3769
4487 3769
4514 3769
4688 3769
4869 3769
4975 3769
4982 3769
4993 3769
5225 3769
4376 3774
3791 3791
3925 3791
5020 3791
3792 4914
3793 4306
3803 4259
3804 4199
3810 5032
3826 4914
4899 3835
4023 3845
3857 4959
3859 5131
3866 4149
3869 5011
5165 3871
3872 4431
4832 3873
3874 4089
3876 4556
3877 4649
3878 4949
3882 4777
3890 5192
3891 3960
3904 3960
3916 4353
4302 3921
4824 3921
5214 5214
3933 4668
3937 4668
3941 4814
3946 4370
3947 4064
5007 5007
4607 3950
4078 3960
4328 4199
4390 3960
4535 3961
5019 3966
3976 4486
4317 3977
5219 3995
4425 4814
5195 3999
4001 4949
4002 4199
4003 4598
4004 5147
4008 4308
4009 4039
4029 4258
5117 4030
4051 4051
4694 4694
4053 4199
4409 4064
4068 4280
4071 4071
4451 4451
4072 5131
4077 5222
4447 5131
4603 4107
4108 4640
5213 4144
4156 4199
4579 4157
4177 4668
4184 5233
4185 5222
4193 4814
4650 4814
5005 4194
5048 4194
4219 4199
4676 4199
5132 4199
5135 4199
4406 4202
4205 5244
4209 4272
4216 5110
4218 4486
4395 4221
4411 4486
4228 4314
4718 4231
4240 4887
4687 4241
4972 4314
5164 4241
4243 4250
4251 4370
4253 4397
4387 4254
5060 4254
4262 4768
4285 5232
4658 4286
4292 4981
5205 4299
4312 4389
4354 4314
4912 4314
5067 4314
5209 4314
5223 4314
4316 4518
4321 5001
4336 5187
4348 4348
4660 4660
4350 4486
5158 5218
4361 4582
4648 4368
4402 4370
4990 4370
5206 4370
4375 4375
5025 5025
4383 4744
5003 4401
4408 5233
4909 4418
4421 4622
4429 4914
4438 4518
4444 5129
5129 4486
4450 5134
4459 5032
4467 4668
4938 4470
4471 4668
5133 4472
4475 4649
5186 4486
5235 4498
4577 4577
4605 4546
4551 5119
4578 4753
4580 4582
5203 4594
4599 4987
4609 5147
4716 4629
4642 4809
4646 4880
4743 4668
4944 4668
4970 4668
5098 4668
4674 4674
5006 5006
5128 4675
4690 5032
4692 5080
4710 4919
4727 4867
4870 4732
4733 4900
4770 5131
5024 4817
4782 5224
4961 4814
5160 4816
4823 5078
4827 5080
4830 4963
4849 5016
4853 5184
4871 4871
5200 5200
4888 5080
4890 4890
5137 5137
5040 4900
5185 4914
4946 4919
5157 4949
5012 4963
4964 5131
5127 4971
5073 4981
5229 5022
5104 5032
5045 5214
5171 5131
