7 7
49 4286
50 1377
63 2318
81 3243
102 988
119 884
164 3672
179 4370
225 4370
236 3672
241 1377
272 4370
300 5218
318 4130
338 1377
347 4370
350 812
361 1377
363 3613
379 4370
382 3329
388 4370
390 4370
398 5218
403 1488
412 4370
425 4370
446 1377
455 3243
497 4370
515 4370
564 7
567 4370
580 3672
587 4370
596 4370
606 4370
613 7
614 3672
633 1903
713 3243
744 7
745 1377
790 7
812 7
884 4370
920 4370
922 5218
934 1584
939 3243
954 7
964 7
986 1584
988 1377
1008 5218
1041 1584
1044 3079
1058 1584
1072 1377
1080 3243
1087 4370
1130 3243
1135 4370
1142 4654
1173 7
1185 4370
1235 4370
1240 3672
1267 2318
1278 3243
1284 1377
1286 515
1311 988
1318 2761
1359 3079
1365 3053
1374 1816
1377 4370
1386 4370
1419 7
1488 7
1537 3243
1539 3243
1541 2470
1547 5181
1559 4654
1560 587
1573 3079
1584 7
1599 3377
1609 4370
1611 4370
1644 4370
1663 4075
1665 3672
1679 7
1749 3243
1781 4370
1791 7
1799 3672
1803 3329
1808 587
1816 3243
1857 1584
1861 1488
1874 4569
1881 4370
1888 4370
1890 4370
1903 4370
1954 4394
1969 4370
1983 7
1984 4370
2016 1584
2017 4370
2022 1377
2043 4370
2070 4370
2091 3672
2108 7
2131 3774
2135 3243
2141 4370
2196 3774
2197 7
2211 3774
2234 884
2240 3672
2242 2470
2247 7
2260 5218
2275 4370
2280 4370
2291 3672
2305 7
2310 587
2318 1377
2319 3082
2369 7
2391 3448
2397 3053
2417 1584
2419 4276
2426 4569
2445 7
2470 4370
2494 2196
2516 4370
2532 4569
2541 1377
2573 3243
2613 7
2635 3329
2715 7
2753 5218
2761 5218
2823 1888
2825 3082
2831 4370
2852 7
2874 812
2949 2445
2954 4370
2957 4654
2962 7
2966 7
3008 5179
3036 3243
3053 4370
3075 179
3079 4370
3082 4370
3087 497
3089 1377
3135 1377
3141 2852
3149 4370
3182 1377
3183 1377
3197 4569
3203 5218
3216 1488
3224 3243
3240 3243
3243 4370
3290 884
3309 3329
3313 4370
3323 4370
3327 587
3329 7
3348 4531
3357 4569
3360 7
3362 4370
3377 884
3413 1560
3420 934
3448 7
3462 1377
3489 7
3522 4370
3535 4370
3575 4370
3588 515
3613 4370
3618 5218
3644 7
3672 3243
3686 4370
3699 4281
3765 3672
3772 4370
3774 4370
3789 7
3825 1377
3831 4569
3850 3053
3858 4286
3946 4370
3954 4370
3974 4370
3989 4370
3990 4370
3992 4370
4012 7
4015 3672
4025 4370
4036 4569
4055 7
4059 2470
4061 446
4065 2470
4066 1679
4075 4370
4130 7
4134 7
4135 4370
4154 7
4183 1377
4248 3672
4251 4370
4276 4370
4281 587
4286 7
4289 4286
4298 7
4300 7
4323 1377
4356 4286
4357 7
4370 4370
4376 3774
4394 3672
4402 4370
4434 4370
4492 1377
4524 1584
4530 2108
4531 1377
4548 1584
4569 1584
4575 4370
4587 4569
4599 4987
4653 4370
4654 3243
4658 4286
4682 3079
4713 4370
4761 7
4820 4370
4847 884
4850 1377
4862 3329
4864 3672
4898 3377
4908 7
4929 1377
4931 7
4934 3992
4952 1584
4974 4370
4980 4370
4984 1584
4987 1377
4990 4370
5014 3079
5022 7
5065 4654
5070 7
5136 988
5149 3243
5158 5218
5179 1377
5181 1377
5189 4654
5197 3243
5199 3183
5202 3672
5206 4370
5218 4370
5229 5022
