13 3769
70 3769
106 3769
180 3769
217 3769
357 3769
359 4914
365 3769
541 365
654 3769
682 1702
720 3769
781 4914
839 3769
867 3769
935 3769
1020 3769
1050 3769
1053 3769
1057 3769
1228 3769
1269 3769
1295 3769
1414 3769
1511 3769
1626 3769
1702 3769
1846 3769
1885 3769
1897 3769
1991 3769
2246 3769
2283 3769
2313 3769
2483 3769
2503 3769
2580 3769
2633 3769
2667 3769
2694 3769
2725 3769
2732 3769
2749 3769
2772 4914
2806 3769
3047 3769
3081 3769
3095 3769
3156 3769
3200 3769
3308 3769
3358 3769
3409 3769
3422 3769
3433 3769
3502 4914
3629 3769
3660 3769
3769 3769
3786 3769
3792 4914
3817 3769
3826 4914
3920 3769
3951 4914
4020 3769
4058 3769
4131 3769
4140 3769
4186 4914
4429 4914
4470 3769
4514 3769
4688 3769
4691 3769
4869 3769
4914 3769
4938 4470
4943 3769
4982 3769
4993 3769
5089 3660
5185 4914
5225 3769
