1 3026
9 4194
57 1636
113 2518
116 2518
138 1394
139 1636
178 411
213 4194
215 3620
237 2518
269 1834
290 1116
316 316
326 552
339 4194
358 358
411 411
422 1459
423 4194
428 1931
498 638
508 2518
513 1459
519 2518
543 3259
552 2518
563 563
579 2739
581 2518
615 2518
623 4194
630 2518
638 2518
649 4194
652 316
659 3259
667 2826
705 1931
768 116
809 237
817 4194
819 4954
828 828
836 1636
853 2518
857 213
861 2518
893 316
919 1931
953 2518
1066 836
1078 2518
1095 552
1116 4194
1118 4194
1121 2101
1183 4245
1189 1636
1285 2518
1301 4170
1303 1931
1309 4056
1322 3401
1326 1636
1394 1394
1459 1459
1461 861
1493 1636
1494 1636
1497 411
1508 4194
1521 3556
1523 2739
1536 2848
1555 237
1636 1636
1657 4737
1705 638
1730 116
1735 4194
1785 2848
1797 4194
1834 2518
1850 2518
1859 2456
1862 1636
1865 2518
1895 1834
1908 237
1921 1921
1931 2518
1934 2518
1939 2739
1999 316
2002 1636
2028 3259
2038 2518
2041 2518
2066 4194
2101 3301
2185 1523
2188 2518
2231 4056
2267 358
2268 237
2323 2518
2324 5038
2341 423
2343 2384
2354 2739
2365 1636
2384 1078
2393 2518
2400 4194
2456 563
2457 2518
2518 2518
2526 3259
2553 1459
2575 1931
2583 4194
2651 1394
2719 1931
2720 1931
2723 2739
2730 2848
2734 2518
2739 2518
2742 1895
2758 4211
2776 1116
2785 563
2800 316
2826 3556
2848 2848
2859 2518
2860 2518
2862 57
2865 2739
2882 1636
2907 4194
2923 4170
2982 4170
2999 2518
3003 4280
3026 2518
3093 4194
3219 4194
3225 2518
3245 2848
3259 3259
3272 1636
3301 2739
3321 2456
3336 4194
3385 1931
3401 3026
3430 4858
3440 2518
3459 1459
3556 2518
3612 4194
3616 1459
3620 2739
3632 4858
3648 1636
3661 2553
3682 1116
3797 1116
3799 563
3805 1116
3905 1931
3917 2739
3998 4194
4028 4858
4056 2518
4068 4280
4091 2739
4105 2518
4136 2518
4163 1921
4170 2518
4194 4194
4203 2518
4211 2518
4238 2268
4245 2518
4280 563
4311 411
4366 563
4403 2456
4413 1921
4423 2518
4433 2518
4482 4423
4484 563
4519 4194
4565 4194
4589 1834
4613 2518
4659 2739
4663 1931
4673 2518
4701 2456
4737 1078
4763 2518
4858 3026
4861 3259
4878 3321
4901 2518
4906 1834
4924 1931
4954 2826
4997 3259
5005 4194
5023 1834
5028 1636
5038 116
5048 4194
5050 411
5155 3556
5180 3556
5194 3259
