146 4949
158 4949
255 5085
309 3189
439 4949
504 2382
569 4949
589 4949
616 2027
646 4949
718 2986
747 4949
865 4949
917 2986
974 5085
990 2382
1001 4949
1014 4949
1054 2027
1070 2382
1111 4949
1115 2027
1159 4949
1201 4949
1352 4949
1467 4949
1473 4949
1482 4949
1551 4949
1675 4949
1792 1801
1801 4949
1839 4949
1911 3599
1932 2027
2009 4949
2027 4949
2037 4949
2054 2382
2136 4949
2189 2382
2281 1801
2325 4949
2382 4949
2474 4949
2555 4949
2601 4949
2710 2986
2843 1792
2895 4949
2903 4949
2945 2027
2970 4949
2975 4949
2986 4949
3054 4949
3150 5085
3161 3054
3178 3889
3189 2027
3208 4949
3315 4949
3387 2382
3534 5085
3543 5085
3545 2027
3599 4949
3637 2009
3654 4949
3827 2027
3878 4949
3889 2027
4001 4949
4038 2382
4142 5114
4283 4949
4378 4949
4399 2027
4508 3054
4678 1801
4725 4949
4828 2382
4838 2009
4949 4949
4969 2027
4991 569
5018 2009
5081 4949
5085 4949
5092 1473
5095 4949
5114 4949
5157 4949
5168 4949
5172 569
