6 4199
44 4199
162 4199
205 4199
258 4199
289 4199
410 4199
482 4199
577 5192
585 4199
604 4199
680 4199
726 4199
762 4199
831 4199
859 4199
860 4199
983 4199
991 4199
1048 4199
1056 4199
1097 4199
1302 4199
1472 4199
1502 1843
1579 4199
1605 4199
1709 4199
1718 4199
1724 4199
1725 4199
1794 4199
1843 4199
1858 4199
1935 4199
1953 4199
1972 4199
2125 4199
2173 4199
2184 4199
2248 4199
2254 4199
2271 4199
2320 4199
2570 5192
2593 4199
2678 5192
2701 5192
2767 4199
2946 4199
3063 4199
3251 4199
3338 4199
3391 4199
3402 4199
3449 5192
3461 4199
3510 4199
3700 4199
3754 4199
3803 4259
3804 4199
3890 5192
3930 4199
3970 4199
4002 4199
4053 4199
4156 4199
4162 4199
4199 4199
4219 4199
4233 4199
4259 4199
4328 4199
4331 4199
4502 4199
4512 4199
4638 4199
4651 4199
4676 4199
4736 4199
4821 4199
4925 4199
4930 4199
5106 4199
5132 4199
5135 4199
5142 4199
5192 4199
