11 3960
24 3960
35 3960
38 3960
42 3960
87 3960
153 3960
170 3960
181 3960
209 3960
226 11
235 5163
275 3960
302 5030
327 3960
342 3960
457 933
527 3960
570 3960
575 153
648 3960
687 3960
808 2531
890 3960
933 3960
938 4582
1003 2531
1004 3960
1015 3960
1018 3960
1035 933
1096 3960
1152 3960
1171 11
1249 3960
1258 933
1261 3960
1291 2531
1306 2531
1323 2531
1350 933
1369 3960
1423 3960
1462 5224
1480 153
1520 4582
1530 3960
1553 5224
1597 1152
1694 5224
1695 3960
1714 4086
1786 3960
1804 2531
1821 3960
1845 3960
1943 3960
1945 2531
1946 933
2010 3960
2071 933
2107 3960
2137 2531
2140 1821
2239 2531
2296 3960
2314 3960
2346 3463
2434 3960
2454 3960
2492 342
2508 3960
2513 3960
2531 3960
2568 2531
2571 11
2576 2531
2634 3960
2812 3960
2872 3960
2881 3960
2927 3960
2936 3960
2950 2531
2980 933
3020 3960
3077 4700
3111 3463
3123 3960
3131 3960
3168 4086
3176 4086
3192 933
3262 3960
3281 3960
3410 4086
3416 933
3438 4208
3463 2531
3490 3960
3507 3960
3631 3960
3635 2531
3676 2531
3687 2531
3715 3960
3800 2531
3815 933
3820 2531
3828 2531
3867 11
3891 3960
3904 3960
3915 3960
3960 3960
4009 4039
4039 5224
4078 3960
4086 3960
4124 3960
4132 3960
4167 933
4169 2531
4208 3960
4361 4582
4390 3960
4416 3960
4464 3960
4493 2812
4532 3960
4539 11
4578 4753
4580 4582
4582 3960
4608 5224
4647 933
4700 3960
4753 3960
4782 5224
4839 4582
4852 3960
4975 3960
4989 3960
5013 1530
5030 11
5115 3960
5148 3960
5163 3960
5182 2531
5224 3960
5248 3960
