3 1344
6 4199
8 4199
14 4199
23 4199
29 1854
31 4199
40 1854
44 4199
69 2436
86 160
128 5233
129 5233
132 8
135 1387
141 1387
143 1854
154 3206
160 4199
162 4199
177 3206
187 1854
200 1854
201 4922
204 1344
205 4199
258 4199
278 4199
280 1854
289 4199
291 2373
293 4199
328 2747
372 3639
384 1854
392 1854
401 5252
410 4199
450 1854
470 2373
482 4199
488 5252
520 160
572 1387
577 5192
585 4199
604 4199
640 2342
672 1100
680 4199
702 4199
726 4199
732 4199
754 5233
762 4199
771 4199
773 4199
825 5252
831 4199
832 1854
844 1854
859 4199
860 4199
868 1854
885 5192
892 5252
971 2544
983 4199
984 2373
991 4199
992 4199
1048 4199
1056 4199
1097 4199
1100 1854
1140 4199
1141 3206
1144 1854
1146 3206
1157 2768
1162 3491
1177 1854
1178 1854
1181 1854
1196 8
1200 160
1205 3999
1208 1854
1212 4199
1218 4199
1232 1854
1302 4199
1313 3206
1331 2373
1343 2847
1344 4199
1345 1387
1363 2436
1387 4199
1409 4199
1429 2544
1460 1100
1472 4199
1481 3206
1502 1843
1564 3999
1579 4199
1587 3206
1601 4199
1605 4199
1634 1344
1643 8
1646 3885
1668 160
1691 4199
1706 143
1709 4199
1715 8
1716 1344
1718 4199
1724 4199
1725 4199
1728 2847
1739 3999
1742 1387
1779 3206
1782 4959
1794 4199
1800 1854
1831 160
1843 4199
1854 4199
1858 4199
1877 4199
1891 4199
1905 4199
1909 1854
1935 4199
1940 1854
1953 4199
1966 1409
1972 4199
1986 3206
2014 8
2030 5233
2048 1344
2053 1344
2072 8
2125 4199
2133 4143
2134 1742
2154 1387
2170 1854
2173 4199
2179 8
2184 4199
2202 2436
2205 2685
2230 3206
2248 4199
2254 4199
2271 4199
2287 5252
2306 4199
2308 4724
2320 4199
2331 2331
2342 1344
2349 1344
2373 4199
2398 4959
2431 4199
2436 3206
2455 2373
2460 3491
2490 3491
2542 5252
2544 4199
2550 1854
2558 187
2570 5192
2585 1854
2593 4199
2612 4309
2644 3666
2678 5192
2685 8
2691 4199
2701 5192
2747 5233
2767 4199
2768 160
2777 3999
2799 5192
2807 1854
2847 8
2888 143
2916 8
2922 1854
2935 1854
2946 4199
2983 4171
2988 3666
3011 3999
3035 1854
3063 4199
3088 1344
3097 1854
3105 3206
3169 8
3206 1854
3251 4199
3295 3491
3314 4237
3322 1854
3328 4724
3330 1854
3335 1854
3338 4199
3345 4875
3374 3666
3375 160
3391 4199
3402 4199
3423 4724
3426 1344
3449 5192
3461 4199
3466 5184
3474 1854
3477 31
3491 160
3498 3206
3510 4199
3524 3206
3555 4097
3567 2373
3593 3206
3601 2342
3636 3636
3639 4199
3653 177
3666 1854
3700 4199
3709 1854
3732 2373
3738 1854
3742 5233
3754 4199
3758 160
3780 4199
3803 4259
3804 4199
3812 160
3822 8
3838 1564
3857 4959
3872 4431
3885 1854
3890 5192
3928 4237
3930 4199
3955 8
3968 160
3970 4199
3978 4199
3986 2331
3999 1854
4002 4199
4035 1200
4053 4199
4084 2935
4097 1344
4119 2373
4143 3999
4156 4199
4158 2373
4162 4199
4171 4199
4178 1854
4184 5233
4199 4199
4219 4199
4233 4199
4237 4199
4249 2373
4259 4199
4309 4199
4328 4199
4331 4199
4338 1344
4359 2342
4381 4199
4382 4171
4408 5233
4414 4199
4425 3999
4431 4199
4469 3978
4494 1854
4502 4199
4505 1854
4512 4199
4521 771
4533 2373
4557 2436
4586 1196
4595 177
4600 2342
4638 4199
4651 4199
4661 8
4676 4199
4704 1854
4724 4199
4736 4199
4748 4199
4792 1344
4821 4199
4851 8
4853 5184
4875 8
4897 1854
4922 3999
4923 1344
4925 4199
4930 4199
4953 1854
4959 1854
5036 3206
5056 2306
5057 1344
5084 4199
5100 4199
5106 4199
5132 4199
5135 4199
5142 4199
5152 3491
5184 4199
5192 4199
5195 3999
5233 4199
5241 278
5246 4199
5252 1854
