13 3769
15 4814
17 3769
43 4486
47 47
52 5011
59 4744
70 3769
91 3769
94 1866
99 903
105 5244
106 3769
109 3769
123 4486
180 3769
191 3769
217 3769
248 2787
256 1866
274 4744
332 1710
357 3769
359 4914
365 3769
367 91
368 4486
371 3470
381 3769
418 4814
432 3769
441 3769
443 3769
462 3359
485 3769
487 554
491 91
492 1252
512 4486
516 3769
538 5011
541 365
554 3769
558 4744
628 4814
636 3807
647 4486
654 3769
665 903
682 1702
720 3769
729 4087
767 3289
778 3894
781 4914
798 4486
839 3769
847 3769
850 1252
851 4486
862 3769
867 3769
871 3359
903 3769
935 3769
978 2721
999 1252
1005 3769
1020 3769
1036 4486
1042 1356
1049 3769
1050 3769
1053 3769
1057 3769
1061 4814
1064 2090
1076 1789
1093 554
1145 4486
1192 4814
1228 3769
1242 4486
1252 3769
1254 91
1256 4486
1269 3769
1270 4486
1295 3769
1300 3769
1317 3769
1328 3769
1329 2476
1333 3769
1339 17
1341 3476
1356 4486
1371 5011
1402 4744
1414 3769
1426 441
1430 636
1469 1300
1470 3060
1506 2757
1511 3769
1546 2090
1568 3476
1578 3769
1580 3769
1600 3807
1614 3769
1626 3769
1638 5201
1654 903
1656 5011
1672 1789
1684 4814
1692 3769
1702 3769
1710 3769
1719 3476
1722 5244
1740 4486
1748 3769
1761 3769
1762 17
1771 4486
1789 1789
1795 1356
1809 4769
1810 5039
1811 3769
1824 4814
1832 4486
1846 3769
1866 4814
1867 4486
1885 3769
1897 3769
1906 17
1916 4486
1980 3769
1982 3048
1985 91
1991 3769
2000 3769
2006 3769
2008 91
2033 3769
2050 4814
2056 492
2080 3769
2089 3894
2090 492
2112 2721
2145 3769
2157 3769
2171 2763
2174 91
2180 4945
2183 3470
2208 3863
2219 432
2222 4814
2245 3769
2246 3769
2252 1692
2278 3769
2279 1300
2283 3769
2293 3769
2313 3769
2394 3769
2423 4744
2430 2833
2441 5011
2475 5244
2476 3769
2480 4486
2483 3769
2501 3769
2503 3769
2505 3769
2579 4486
2580 3769
2581 4726
2582 3476
2591 4814
2592 4486
2599 4486
2605 17
2609 4486
2611 17
2616 3730
2630 4486
2633 3769
2661 3769
2667 3769
2694 3769
2699 4814
2721 3769
2722 3476
2725 3769
2732 3769
2749 3769
2757 3769
2763 4814
2772 4914
2787 3769
2792 5244
2793 4486
2802 367
2806 3769
2833 3769
2835 3769
2867 3769
2879 1300
2904 432
2926 3769
3000 3807
3001 3769
3006 2476
3019 3769
3023 4486
3025 3001
3047 3769
3048 3048
3050 3769
3060 3769
3081 3769
3095 3769
3133 17
3137 1866
3156 3769
3158 4486
3172 4486
3200 3769
3213 4914
3218 2171
3233 4726
3255 554
3289 3769
3308 3769
3354 17
3355 94
3358 3769
3359 4814
3371 1580
3380 4726
3403 3158
3409 3769
3422 3769
3433 3769
3445 3476
3450 554
3470 1580
3476 3769
3493 3769
3499 3894
3500 3769
3502 4914
3503 3753
3506 4726
3514 47
3519 4814
3539 1356
3540 4486
3572 4814
3576 1356
3587 5011
3596 4486
3600 105
3608 4486
3629 3769
3658 4726
3660 3769
3669 1748
3678 3769
3701 4814
3712 4372
3720 17
3730 3769
3747 3769
3753 3769
3755 4486
3764 4744
3769 3769
3773 628
3775 1252
3777 1005
3786 3769
3792 4914
3807 3769
3808 4759
3813 3807
3817 3769
3824 3769
3826 4914
3843 1300
3862 2080
3863 3769
3869 5011
3894 3769
3907 3769
3920 3769
3926 3769
3931 1789
3941 4814
3951 4914
3963 1254
3973 3769
3976 4486
4020 3769
4026 4486
4032 4914
4034 4486
4058 3769
4087 5011
4131 3769
4140 3769
4186 4914
4189 3476
4193 4814
4197 492
4205 5244
4218 4486
4221 2721
4256 3894
4264 3769
4267 2501
4284 1580
4310 4486
4321 5001
4329 3769
4334 91
4337 4814
4346 443
4350 4486
4372 3769
4383 4744
4395 4221
4411 4486
4422 3476
4429 4914
4439 1300
4470 3769
4486 3769
4487 3769
4514 3769
4515 1771
4517 5201
4522 3476
4525 4670
4540 3540
4570 4486
4573 4486
4611 5244
4629 1580
4650 4814
4670 4814
4688 3769
4691 3769
4715 1614
4716 4629
4726 4726
4735 191
4744 3476
4759 4486
4769 5011
4781 1252
4783 3769
4803 4814
4812 3720
4813 3769
4814 4814
4819 3769
4834 4834
4869 3769
4914 3769
4938 4470
4943 3769
4945 4486
4961 4814
4982 3769
4983 3769
4993 3769
5001 4814
5011 3769
5026 3769
5039 3769
5041 3769
5058 2763
5076 2505
5089 3660
5090 3445
5101 1300
5130 1252
5139 850
5185 4914
5186 4486
5201 3769
5207 3769
5212 4486
5225 3769
5244 5244
