126 2303
147 2303
175 2303
287 2303
303 2303
354 2302
373 2303
387 4379
415 2303
451 5188
467 5032
691 4635
882 2303
898 2303
914 2303
929 2303
1002 5032
1059 2303
1114 2303
1137 2302
1223 2303
1239 2303
1274 2139
1379 2302
1420 2302
1428 2303
1464 2303
1501 2300
1543 2303
1550 2303
1577 4326
1589 2303
1647 2303
1674 2139
1685 2303
1745 2303
1915 2303
1967 2303
2049 2303
2062 2300
2067 2303
2139 2303
2156 2303
2265 2303
2300 2303
2302 2303
2303 2303
2415 2303
2439 2303
2489 2303
2515 2303
2543 2303
2572 2303
2590 2303
2756 2303
2796 2139
2797 2303
2829 2303
2839 2303
2842 2303
2849 2849
2856 2303
2891 2303
2901 2303
2906 2849
2908 2303
2933 4635
2963 2303
2971 2303
3076 2303
3121 2303
3143 2303
3154 2303
3185 5032
3300 4635
3305 2303
3389 2303
3397 2303
3442 2303
3481 2303
3531 4635
3604 2303
3668 2303
3746 2303
3768 2303
3810 5032
3841 2303
3853 2303
3876 4556
3957 2300
3969 2303
4101 2303
4113 2303
4122 2303
4161 2303
4273 2303
4291 1223
4326 2303
4369 2303
4379 2302
4442 2303
4455 2303
4459 5032
4555 2303
4556 2300
4585 2303
4592 2303
4635 2303
4675 2303
4690 5032
4707 2849
4711 2303
4722 2139
4840 2303
5032 2303
5093 2303
5104 5032
5123 2303
5128 4675
5169 2303
5188 2303
5250 2303
