119 884
179 4370
225 4370
241 1377
272 4370
300 5218
338 1377
363 3613
379 4370
390 4370
412 4370
425 4370
497 4370
567 4370
587 4370
596 4370
606 4370
633 1903
884 4370
922 5218
1072 1377
1087 4370
1185 4370
1235 4370
1318 2761
1377 4370
1560 587
1611 4370
1903 4370
1969 4370
1984 4370
2017 4370
2022 1377
2043 4370
2070 4370
2234 884
2260 5218
2275 4370
2280 4370
2310 587
2319 3082
2419 4276
2516 4370
2753 5218
2761 5218
2825 3082
2831 4370
2954 4370
3075 179
3082 4370
3087 497
3089 1377
3149 4370
3182 1377
3183 1377
3203 5218
3290 884
3323 4370
3362 4370
3413 1560
3535 4370
3613 4370
3618 5218
3686 4370
3825 1377
3946 4370
3974 4370
3992 4370
4025 4370
4183 1377
4251 4370
4276 4370
4370 4370
4402 4370
4575 4370
4929 1377
4934 3992
4974 4370
4980 4370
4990 4370
5158 5218
5199 3183
5206 4370
5218 4370
