16 2718
28 4668
54 4417
58 4314
136 4668
192 1013
330 4668
337 4668
453 4668
507 1013
536 4697
557 3099
605 1446
671 4314
728 4314
755 3366
877 4314
932 4410
973 4314
981 2406
1013 4314
1052 1729
1124 4668
1210 4314
1226 4314
1312 4314
1347 3368
1376 1013
1446 4314
1563 2190
1565 4668
1623 4668
1697 1013
1729 4314
1757 4314
1774 3366
1775 1013
1835 4314
1893 4314
1900 4314
1920 4668
2007 4314
2100 2718
2190 4314
2203 1013
2209 4668
2256 4668
2273 981
2333 4314
2335 4314
2358 4668
2375 4314
2406 2718
2414 4668
2514 4314
2536 4697
2618 4668
2657 3811
2665 1013
2686 4668
2704 4697
2718 4668
2751 58
2934 4668
2942 1013
2947 2718
2976 4668
3016 4314
3083 4353
3099 4314
3100 4314
3159 2190
3196 4668
3231 4668
3237 4668
3347 4314
3366 4314
3368 4668
3437 4668
3456 4668
3511 4314
3525 4668
3561 2406
3591 4314
3734 4314
3811 4668
3866 4410
3896 4314
3916 4353
3937 4668
3952 4314
3956 1013
4083 3099
4115 4697
4177 4668
4190 557
4224 4314
4228 4314
4236 4314
4275 4314
4303 3366
4314 4314
4353 4314
4354 4314
4410 3099
4417 2718
4467 4668
4471 4668
4537 4668
4644 4314
4668 4314
4697 4314
4727 4867
4743 4668
4802 4314
4867 4314
4912 4314
4944 4668
4970 4668
5063 1446
5067 4314
5098 4668
5209 4314
5223 4314
