4 5131
22 5131
39 3961
60 1458
61 2698
68 887
88 3975
103 4191
130 3394
156 1458
166 3452
167 764
169 1458
173 5131
186 1458
211 1458
214 4963
218 4472
250 3332
284 5131
295 764
308 5125
333 4412
353 3394
400 3057
409 3961
429 1458
433 1458
442 2854
480 2284
511 1458
540 1458
556 1458
574 2284
586 4472
611 3761
658 1458
663 902
688 1889
700 3688
708 1458
719 1458
722 764
730 918
731 4472
738 1458
753 3961
764 1458
779 4963
789 3961
814 764
823 3270
829 3688
834 5131
843 2955
887 1458
894 1889
900 1458
902 1458
918 1458
936 1458
948 4472
951 1458
956 3961
1047 1458
1067 2122
1075 3961
1082 2284
1119 708
1143 1458
1155 1458
1184 1458
1203 4358
1229 1458
1233 1458
1257 3688
1271 2698
1279 1930
1314 1458
1325 4963
1338 1458
1357 1458
1382 1458
1401 5131
1404 1458
1421 1458
1422 4441
1437 2433
1458 1458
1465 3888
1466 764
1478 1478
1498 2918
1509 4191
1527 764
1544 1458
1557 3332
1622 1458
1633 5131
1640 3703
1641 4472
1649 779
1746 1458
1747 1458
1755 4963
1770 5131
1784 574
1790 1889
1806 3961
1813 1458
1815 1458
1819 3014
1852 779
1860 5131
1871 5131
1876 4963
1883 433
1884 918
1889 1458
1925 1458
1926 1458
1930 887
1951 4227
1964 4963
1987 1458
2026 1889
2032 764
2036 4963
2068 1889
2073 1458
2082 3761
2086 1082
2097 2073
2110 1889
2122 764
2124 902
2147 1458
2263 764
2284 5131
2309 5131
2330 3332
2351 1458
2352 4963
2356 1458
2374 4590
2387 611
2399 1458
2418 1458
2433 1458
2444 1458
2450 764
2471 1889
2479 1458
2510 1458
2519 2674
2529 1458
2530 1458
2535 779
2603 764
2643 433
2674 764
2687 2284
2698 1458
2726 1458
2737 5131
2782 1889
2784 1889
2790 1458
2811 5131
2824 1458
2854 3394
2866 1458
2897 764
2898 1458
2911 5131
2918 2284
2944 3761
2948 3394
2955 1458
3014 3501
3015 1458
3034 1458
3039 61
3044 779
3057 764
3067 3923
3068 3961
3073 1458
3094 1143
3103 4963
3113 1458
3118 1458
3125 1458
3126 3961
3132 1458
3152 5131
3190 1458
3228 4825
3236 1458
3252 1458
3261 1458
3270 764
3275 3703
3277 1082
3288 1458
3296 918
3332 764
3340 918
3356 3332
3394 1458
3425 708
3427 3332
3428 1458
3447 3451
3451 1143
3452 902
3471 5131
3501 1458
3513 4358
3527 5131
3530 1458
3564 1458
3578 779
3581 1458
3592 1458
3623 1458
3652 902
3671 1458
3688 1458
3702 4358
3703 1458
3705 4144
3710 1458
3735 902
3761 1458
3767 1458
3776 1458
3778 1889
3790 1889
3806 2284
3859 5131
3861 1458
3868 1458
3888 1382
3908 1458
3918 764
3922 4963
3923 1458
3939 2897
3961 5131
3975 764
3988 1458
4014 3332
4037 4963
4072 5131
4076 1458
4094 1458
4111 764
4114 1889
4144 1458
4180 1458
4182 3394
4188 1458
4191 4191
4195 1458
4210 1889
4215 1889
4227 1889
4230 1458
4235 2674
4265 1458
4278 5131
4288 2955
4293 1889
4340 1458
4358 1889
4360 1458
4405 4963
4412 1458
4441 764
4446 1458
4450 5134
4468 1889
4472 1458
4479 1889
4481 4963
4501 5131
4509 764
4546 1889
4549 1458
4561 1889
4590 5131
4605 4546
4606 4963
4617 4963
4627 3501
4633 1458
4641 1458
4667 1458
4683 894
4685 764
4712 1458
4728 1458
4731 1889
4751 1458
4762 764
4770 5131
4780 3501
4810 1458
4825 764
4830 4963
4868 764
4892 4963
4926 764
4935 764
4940 902
4947 1458
4963 1458
4964 5131
5012 4963
5043 764
5052 3761
5060 4712
5066 1458
5109 918
5125 1458
5131 1458
5133 4472
5134 1458
5171 5131
5213 4144
5249 1458
