2 1848
27 189
33 3594
36 3324
78 2620
83 2169
92 3595
101 3770
150 3324
184 3770
189 189
206 4854
227 4919
230 3324
239 2276
247 1613
281 4919
285 3595
311 2878
312 4778
320 4919
370 230
377 3770
378 3770
385 230
452 2620
469 3595
477 3595
478 2321
509 3594
533 1348
568 3324
603 1993
634 4919
653 4919
666 1613
670 2716
676 3595
701 3935
748 2169
751 3324
761 2378
780 3594
786 2109
880 4919
891 3770
899 1110
910 2169
911 1247
928 4246
957 3770
1000 1848
1016 2169
1025 4919
1033 3770
1040 4217
1085 230
1104 2169
1107 4996
1110 4919
1112 1247
1125 3595
1127 2892
1138 1166
1147 4919
1148 4246
1150 3324
1153 1518
1166 4250
1168 4919
1193 3324
1209 2620
1213 3595
1216 1518
1227 4250
1230 2276
1243 1518
1247 4250
1315 3595
1327 4919
1348 1348
1354 653
1517 2289
1518 1848
1519 3324
1562 3595
1574 3324
1591 3324
1613 3324
1652 3324
1662 2620
1699 2853
1704 2169
1707 4250
1720 3324
1751 230
1787 2892
1826 3958
1827 1848
1838 4250
1848 4919
1988 2853
1993 1613
2005 4919
2019 1209
2088 4919
2109 4919
2119 3770
2143 3324
2150 3324
2169 4919
2186 4854
2235 1247
2244 2109
2249 3834
2259 3595
2276 4919
2289 4250
2297 3595
2304 3249
2316 3595
2321 2321
2345 2276
2364 3770
2376 3324
2378 3324
2402 891
2411 3595
2413 5140
2428 4541
2442 4919
2443 4919
2447 4250
2538 1025
2540 1348
2552 1848
2602 3324
2620 3324
2627 230
2658 4919
2716 4250
2727 4805
2738 230
2759 3595
2764 5061
2766 3770
2819 477
2822 3324
2837 3324
2838 3116
2853 4919
2871 2984
2873 1848
2878 4250
2892 3324
2914 3595
2920 4250
2943 2109
2959 880
2984 4250
3007 2109
3040 4250
3046 4919
3052 230
3116 4919
3124 477
3171 3324
3177 4541
3184 477
3198 4919
3199 3595
3220 78
3244 3324
3249 4919
3253 2443
3260 3595
3316 3324
3317 230
3324 3324
3325 2920
3333 4919
3369 1574
3373 2620
3381 3595
3382 4778
3405 4776
3443 1613
3483 3324
3488 2169
3496 3595
3497 4919
3512 4919
3529 3324
3552 3324
3594 3770
3595 3324
3607 3333
3609 2289
3711 4919
3723 477
3739 4919
3770 3595
3783 477
3784 3324
3832 3324
3834 4919
3844 4919
3847 1613
3854 2914
3860 3324
3883 634
3901 2871
3935 3324
3958 4919
3971 1247
3972 891
3980 3324
4013 4919
4040 3595
4049 3324
4052 4325
4102 2819
4117 1613
4125 3324
4127 653
4147 3324
4168 5061
4217 1993
4234 3324
4243 4250
4246 101
4250 3595
4253 4776
4325 4250
4367 4919
4392 4392
4457 385
4462 1348
4496 1848
4497 1518
4507 4919
4511 3770
4541 4250
4542 1085
4567 4919
4593 4250
4596 1085
4604 1848
4610 3249
4628 3770
4632 1848
4637 4805
4665 1518
4666 4919
4710 4919
4745 4250
4750 477
4774 4250
4775 3770
4776 4919
4778 4250
4784 3595
4790 2920
4805 3770
4826 2620
4833 452
4837 3595
4854 4919
4877 4250
4885 3958
4903 4919
4911 4637
4919 4919
4928 3324
4946 4919
4956 2169
4992 2169
4996 4919
5027 2620
5029 4919
5046 3184
5061 3324
5074 3324
5097 3324
5122 2109
5140 3324
5161 1613
5247 477
5253 189
