16 2718
26 2303
28 4668
32 1395
48 1962
51 1962
53 4160
54 4417
55 995
58 4314
62 74
64 1701
65 2224
67 1962
74 2303
85 2303
93 4046
97 995
122 2303
126 2303
136 2303
144 1510
145 1400
147 2303
175 2303
185 995
192 1013
195 4160
198 4668
228 2303
229 1962
232 2972
234 1962
243 2303
245 4241
254 3663
257 2546
259 3424
270 683
273 2303
279 2303
287 2303
292 1962
294 122
299 1545
303 2303
330 4668
337 4668
354 2302
355 669
373 2303
380 4241
387 4379
391 995
404 4668
407 995
408 3085
413 995
415 2303
440 3583
451 5188
453 4668
459 2885
461 995
464 2303
467 5032
483 1962
484 1962
489 2795
500 1968
502 5154
507 1013
529 3457
535 2303
536 4697
545 4695
548 1400
549 97
557 5032
605 1446
629 1962
631 2546
637 3977
656 5016
669 74
671 4314
673 1400
677 4668
683 4314
691 4635
703 2113
706 2600
715 1962
723 4697
725 4668
727 2303
728 4314
736 2546
752 2303
755 3366
756 4314
759 1962
760 2885
765 2718
783 2416
788 1962
794 2113
821 1400
870 1962
877 4314
882 2303
897 4314
898 2303
906 2303
912 1962
913 1962
914 2303
915 4314
916 2303
921 2303
925 2224
929 2303
930 1510
932 4410
937 3205
960 2546
961 1962
962 995
963 3205
970 995
973 4314
975 257
976 1962
981 2406
987 1962
995 1962
998 74
1002 1962
1013 1962
1019 2303
1030 4314
1037 2113
1052 1729
1059 2303
1060 4314
1081 995
1094 1510
1101 3457
1114 2303
1124 2303
1126 4314
1128 1545
1134 4314
1137 2302
1151 2303
1163 4314
1174 1962
1179 1962
1210 4314
1220 912
1222 4668
1223 2303
1226 4314
1239 2303
1244 2894
1250 5154
1255 4326
1262 4594
1272 1962
1274 2139
1293 1962
1297 1962
1299 2113
1310 2303
1312 1962
1319 1962
1332 3205
1335 2885
1347 3368
1351 1545
1358 2303
1362 74
1376 1013
1379 2302
1389 74
1393 2880
1395 4668
1396 4640
1398 4314
1400 1962
1405 1962
1406 1310
1420 2302
1425 2224
1428 2303
1431 2773
1436 2972
1443 1400
1446 4314
1450 4022
1464 2303
1476 1510
1484 2303
1485 1013
1491 2546
1501 2300
1503 3626
1510 2303
1532 2303
1543 2303
1545 2303
1550 2303
1563 2885
1565 4668
1567 1962
1577 2600
1589 2303
1598 1962
1603 5032
1608 2303
1612 1962
1616 995
1617 2303
1618 1807
1620 995
1623 4668
1637 2224
1639 3205
1645 1962
1647 2303
1659 1962
1660 3085
1674 2139
1685 2303
1693 2303
1697 1013
1701 2303
1726 706
1729 4314
1732 1962
1734 1310
1744 2303
1745 2303
1757 4314
1772 4640
1774 3366
1775 5032
1807 2303
1817 995
1823 3626
1829 1255
1835 4314
1893 4314
1900 4314
1907 2303
1915 2303
1918 1962
1920 4668
1936 3457
1938 1962
1949 2303
1959 2303
1962 2303
1967 2303
1968 2303
1971 4099
1976 2113
1977 1395
1978 1701
1996 1013
2004 3299
2007 4314
2015 1962
2029 3205
2049 2303
2051 1807
2055 1962
2059 5193
2062 2300
2065 1962
2067 2303
2087 2303
2100 74
2104 1962
2113 2113
2114 1962
2118 1962
2127 1319
2132 1400
2139 2303
2156 2303
2158 1510
2159 2303
2164 2113
2168 2546
2172 1968
2190 4314
2194 1962
2203 1013
2206 1968
2209 4668
2210 2303
2218 4314
2224 2303
2232 4314
2253 2773
2256 4668
2262 2224
2265 2303
2273 981
2285 3478
2292 2224
2299 3583
2300 2303
2302 2303
2303 2303
2327 1962
2333 4314
2335 4314
2350 995
2355 995
2358 4668
2360 74
2362 2113
2375 4314
2383 4314
2406 2718
2409 2303
2412 1398
2414 4668
2415 2303
2416 2303
2435 2303
2439 2303
2446 995
2452 4695
2459 1962
2461 1962
2464 3457
2468 2303
2477 1545
2481 2224
2489 2303
2495 2795
2499 2546
2507 3059
2514 4314
2515 2303
2517 3389
2523 995
2525 4558
2527 4314
2536 4697
2543 2303
2546 2303
2549 2224
2572 2303
2587 1962
2590 2303
2600 2303
2617 2303
2618 4668
2632 4241
2637 1962
2649 1962
2652 2649
2657 3811
2662 4668
2665 1013
2686 4668
2692 5094
2704 4697
2711 1962
2718 2303
2740 4241
2751 58
2756 2303
2773 2303
2788 2303
2795 2303
2796 2773
2797 2303
2809 2546
2829 2303
2834 921
2839 2303
2842 2303
2849 2849
2855 2224
2856 2303
2861 995
2880 2300
2884 1962
2885 2303
2889 2303
2891 2303
2894 2113
2901 2303
2906 2849
2908 2303
2909 1962
2933 4635
2934 2303
2942 2303
2947 74
2952 1962
2963 2303
2964 4152
2971 2303
2972 4668
2974 1968
2976 4668
3005 74
3010 4695
3013 2972
3016 4314
3049 3108
3055 1962
3056 2773
3059 2300
3071 2880
3076 2303
3080 2303
3083 4353
3084 1962
3085 1962
3099 4314
3100 4314
3108 2600
3109 1545
3120 1962
3121 2303
3128 765
3143 2303
3153 74
3154 2303
3159 2190
3165 2113
3170 1962
3185 5032
3186 2303
3187 2546
3193 4241
3196 4668
3202 2113
3205 2303
3207 2773
3231 4668
3235 1962
3237 4668
3258 4099
3264 2113
3267 1510
3282 2303
3293 2303
3299 3205
3300 4635
3304 2113
3305 2303
3311 2546
3318 683
3320 1968
3343 3205
3344 5016
3347 4314
3349 1962
3351 2224
3352 1962
3366 2303
3368 4668
3372 2224
3384 2880
3386 74
3389 2303
3397 2303
3404 4022
3424 2303
3434 1962
3436 1962
3437 4668
3442 2303
3456 4668
3457 1962
3478 3457
3479 1962
3481 2303
3508 5094
3511 1962
3525 4668
3526 2718
3531 2773
3538 2113
3559 2303
3561 2406
3562 2600
3571 4152
3583 2303
3590 2409
3591 4314
3604 2303
3610 4160
3621 2517
3626 3977
3634 1545
3649 2224
3651 2303
3655 74
3663 1962
3668 2303
3674 2302
3694 921
3734 4314
3736 4160
3740 1996
3746 2303
3760 1962
3762 2113
3768 2303
3794 1962
3795 2303
3810 5032
3811 4668
3818 1962
3819 2303
3841 2303
3852 1491
3853 2303
3866 4410
3876 4556
3893 1436
3896 4314
3897 2113
3910 3085
3916 4353
3934 1962
3936 2409
3937 4668
3938 1962
3940 1962
3949 1962
3952 4314
3953 995
3956 2303
3957 2300
3969 2303
3977 2303
3995 995
4003 4598
4016 1962
4022 1962
4044 2224
4046 2718
4069 1962
4083 3099
4099 2303
4101 2303
4108 4640
4113 2303
4115 4697
4122 2303
4123 2303
4152 4697
4153 2885
4160 1962
4161 2303
4173 2302
4174 2224
4177 4668
4190 2303
4192 1962
4212 995
4223 1996
4224 2303
4226 74
4228 4314
4229 2113
4231 2113
4236 4314
4241 4668
4244 2546
4266 1962
4273 2303
4275 4314
4282 4668
4290 2113
4291 1223
4295 2885
4297 2303
4303 1962
4305 995
4313 2300
4314 2303
4326 2303
4330 4330
4335 4668
4353 1962
4354 4314
4369 2303
4374 1510
4379 2302
4380 2303
4386 74
4407 3626
4410 2600
4417 2718
4427 4123
4428 683
4430 1400
4432 1962
4442 2303
4455 2303
4459 5032
4463 1962
4467 4668
4471 4668
4477 2600
4480 683
4526 3571
4528 5032
4529 2224
4537 2303
4545 1949
4552 3457
4555 2303
4556 2300
4558 5094
4568 2303
4574 2303
4583 2303
4585 2303
4592 2303
4594 3457
4597 4314
4598 2303
4601 1962
4614 1962
4618 995
4635 2303
4640 2303
4644 4314
4652 2303
4657 3299
4664 1962
4668 2303
4671 74
4675 2303
4687 4241
4690 5032
4695 2303
4697 2303
4707 2849
4711 2303
4718 4231
4722 2139
4723 2224
4727 4867
4743 4668
4756 1701
4766 74
4767 975
4773 2885
4785 74
4788 1962
4794 2113
4801 1962
4802 4314
4840 2303
4849 5016
4859 1660
4867 4314
4881 2113
4891 2303
4895 4314
4904 906
4912 4314
4916 2303
4921 683
4941 5016
4944 4668
4965 1962
4968 1255
4970 4668
4972 4314
4973 4314
4999 2303
5002 2303
5004 2718
5016 2303
5032 2303
5037 1962
5042 1436
5063 2303
5067 4314
5071 1962
5077 2303
5093 2303
5094 1962
5096 2224
5098 4668
5104 5032
5105 1962
5118 4314
5123 2303
5128 4675
5146 1332
5154 2303
5156 1996
5164 4241
5167 2303
5169 2303
5177 2113
5188 2303
5193 2303
5198 4916
5203 4594
5208 1962
5209 4314
5219 3995
5223 4314
5234 1962
5250 2303
