45 458
79 4865
80 458
188 458
222 4149
252 2165
314 2165
323 2165
335 989
376 4164
394 4649
420 5051
458 458
474 3453
562 4732
607 3263
635 474
650 3574
660 45
661 5051
716 458
802 45
803 3263
875 45
889 323
904 474
952 2504
958 1475
965 3453
989 4149
1024 458
1077 3263
1109 458
1161 4149
1180 4865
1199 458
1231 3453
1238 3574
1280 2504
1281 458
1378 458
1427 323
1475 458
1489 5051
1504 3263
1526 1238
1535 4649
1549 80
1572 2597
1631 474
1667 45
1708 4865
1717 2153
1741 5051
1820 458
1830 3148
1841 5051
1853 45
1880 4865
1904 458
1923 5051
1924 2078
1929 4649
1963 4649
2047 3640
2078 4865
2128 4732
2153 4149
2155 45
2165 2165
2166 2165
2201 458
2214 1535
2312 394
2332 3148
2337 5078
2405 4649
2448 4489
2504 458
2547 1475
2594 3263
2597 458
2619 458
2628 5051
2636 45
2654 3574
2714 4865
2754 4649
2762 1238
2803 80
2828 3148
2836 45
2864 2165
2979 3148
2996 458
3002 2165
3009 5051
3041 4886
3042 4865
3043 3494
3045 3341
3058 5051
3086 458
3148 1880
3167 4649
3221 458
3222 458
3227 458
3230 2078
3234 3640
3263 458
3331 458
3339 4732
3341 4149
3363 660
3383 458
3396 458
3411 3331
3415 5245
3453 4649
3475 4649
3494 3574
3544 80
3565 1880
3569 458
3574 458
3582 3263
3597 1238
3640 458
3645 2165
3646 80
3698 1238
3714 458
3719 3750
3731 4649
3744 2165
3750 4149
3796 458
3848 45
3877 4649
3903 45
3932 1880
3964 5051
4106 4865
4149 4649
4164 4164
4196 1238
4232 3574
4247 4732
4261 1238
4269 4865
4279 4649
4287 3574
4362 4149
4371 1475
4404 2165
4448 4649
4475 4649
4489 4489
4544 45
4566 3148
4571 3574
4588 3574
4621 4649
4649 4649
4684 3574
4732 458
4808 458
4823 5078
4865 4649
4870 4732
4879 4649
4886 45
4889 989
5051 5051
5064 2153
5078 458
5103 989
5238 3222
5243 458
5245 1880
