60 1458
167 764
211 1458
218 4472
295 764
308 5125
333 4412
400 3057
429 1458
433 1458
511 1458
540 1458
556 1458
586 4472
719 1458
730 918
731 4472
764 1458
814 764
843 2955
918 1458
936 1458
948 4472
951 1458
1047 1458
1067 2122
1155 1458
1233 1458
1314 1458
1338 1458
1357 1458
1404 1458
1421 1458
1458 1458
1466 764
1527 764
1544 1458
1641 4472
1746 1458
1815 1458
1883 433
1884 918
1925 1458
1926 1458
2032 764
2082 3761
2122 764
2147 1458
2263 764
2351 1458
2356 1458
2399 1458
2418 1458
2444 1458
2450 764
2529 1458
2530 1458
2603 764
2643 433
2726 1458
2790 1458
2824 1458
2866 1458
2897 764
2898 1458
2944 3761
2955 1458
3015 1458
3034 1458
3057 764
3067 3923
3073 1458
3113 1458
3118 1458
3125 1458
3132 1458
3228 4825
3236 1458
3252 1458
3288 1458
3296 918
3428 1458
3564 1458
3581 1458
3623 1458
3671 1458
3710 1458
3761 1458
3767 1458
3861 1458
3908 1458
3923 1458
3939 2897
3988 1458
4076 1458
4111 764
4180 1458
4188 1458
4195 1458
4230 1458
4288 2955
4340 1458
4360 1458
4412 1458
4446 1458
4472 1458
4509 764
4667 1458
4685 764
4712 1458
4728 1458
4751 1458
4762 764
4810 1458
4825 764
4868 764
4926 764
4935 764
4947 1458
5043 764
5060 4712
5066 1458
5109 918
5125 1458
5133 4472
5249 1458
