51 1962
67 1962
85 2303
126 2303
147 2303
175 2303
287 2303
303 2303
354 2302
373 2303
387 4379
415 2303
451 5188
467 5032
483 1962
484 1962
489 2795
691 4635
715 1962
759 1962
788 1962
870 1962
882 2303
898 2303
912 1962
913 1962
914 2303
921 2303
929 2303
976 1962
987 1962
1002 1962
1019 2303
1059 2303
1114 2303
1137 2302
1174 1962
1179 1962
1220 912
1223 2303
1239 2303
1272 1962
1274 2139
1293 1962
1297 1962
1310 2303
1379 2302
1396 4640
1405 1962
1406 1310
1420 2302
1428 2303
1464 2303
1484 2303
1501 2300
1543 2303
1550 2303
1567 1962
1577 2600
1589 2303
1598 1962
1608 2303
1612 1962
1617 2303
1618 1807
1645 1962
1647 2303
1659 1962
1674 2139
1685 2303
1693 2303
1734 1310
1745 2303
1772 4640
1807 2303
1915 2303
1918 1962
1938 1962
1962 2303
1967 2303
2049 2303
2051 1807
2055 1962
2062 2300
2065 1962
2067 2303
2087 2303
2104 1962
2118 1962
2139 2303
2156 2303
2194 1962
2265 2303
2300 2303
2302 2303
2303 2303
2327 1962
2409 2303
2415 2303
2435 2303
2439 2303
2459 1962
2461 1962
2489 2303
2495 2795
2515 2303
2517 3389
2543 2303
2572 2303
2587 1962
2590 2303
2600 2303
2637 1962
2711 1962
2756 2303
2795 2303
2796 2139
2797 2303
2829 2303
2834 921
2839 2303
2842 2303
2849 2849
2856 2303
2884 1962
2891 2303
2901 2303
2906 2849
2908 2303
2909 1962
2933 4635
2963 2303
2971 2303
3055 1962
3076 2303
3084 1962
3120 1962
3121 2303
3143 2303
3154 2303
3185 5032
3300 4635
3305 2303
3349 1962
3352 1962
3389 2303
3397 2303
3434 1962
3442 2303
3479 1962
3481 2303
3526 2600
3531 4635
3590 2409
3604 2303
3621 2517
3651 2303
3668 2303
3694 921
3746 2303
3768 2303
3794 1962
3810 5032
3841 2303
3853 2303
3876 4556
3934 1962
3936 2409
3938 1962
3940 1962
3949 1962
3957 2300
3969 2303
4016 1962
4069 1962
4101 2303
4108 4640
4113 2303
4122 2303
4161 2303
4192 1962
4229 1310
4266 1962
4273 2303
4291 1223
4326 2303
4369 2303
4379 2302
4432 1962
4442 2303
4455 2303
4459 5032
4463 1962
4555 2303
4556 2300
4585 2303
4592 2303
4601 1962
4614 1962
4635 2303
4640 2303
4664 1962
4675 2303
4690 5032
4707 2849
4711 2303
4722 2139
4788 1962
4801 1962
4840 2303
4965 1962
5032 2303
5037 1962
5071 1962
5093 2303
5104 5032
5123 2303
5128 4675
5167 2303
5169 2303
5188 2303
5234 1962
5250 2303
