0 537
11 3960
24 3960
35 3960
38 3960
42 3960
87 3960
131 600
152 1802
153 3960
170 3960
174 1802
181 3960
209 3960
226 11
233 1802
235 5163
240 3721
275 3960
302 5030
313 3127
327 3960
342 3960
345 1773
364 3960
397 2883
438 1802
445 1513
456 3509
457 933
481 933
493 1773
499 1802
501 2876
506 3960
523 3960
525 933
527 3960
532 933
537 3960
550 1802
555 0
559 364
570 3960
575 153
600 3960
632 3392
641 933
648 3960
674 883
687 3960
712 537
740 550
746 1802
805 3127
808 2531
811 901
815 2876
833 2876
855 933
883 506
890 3960
901 537
907 537
924 1981
927 1802
933 3960
938 4582
949 2745
966 1802
985 933
1003 2531
1004 3960
1015 3960
1017 0
1018 3960
1022 2876
1028 1802
1035 933
1062 1802
1069 550
1089 3960
1092 364
1096 3960
1120 2876
1136 883
1152 3960
1171 11
1190 855
1249 3960
1258 933
1260 2876
1261 3960
1291 2531
1306 2531
1323 2531
1350 933
1364 1364
1369 3960
1392 2876
1423 3960
1424 933
1462 5224
1474 364
1480 153
1513 2531
1520 4582
1530 3960
1538 1802
1553 5224
1569 537
1593 1062
1597 1152
1630 3960
1651 933
1653 2883
1694 5224
1695 3960
1714 4086
1773 3960
1786 3960
1798 1892
1802 3960
1804 2531
1805 174
1821 3960
1828 537
1845 3960
1887 0
1892 1802
1943 3960
1945 2531
1946 933
1975 2531
1981 3960
2010 3960
2013 2013
2040 2876
2064 3414
2071 933
2085 1802
2107 3960
2137 2531
2140 1821
2225 933
2226 364
2233 2745
2239 2531
2296 3960
2314 3960
2338 2429
2340 2377
2346 3463
2367 933
2370 364
2377 3960
2407 1802
2427 2377
2429 933
2434 3960
2454 3960
2492 342
2502 2876
2508 3960
2509 506
2513 3960
2528 506
2531 3960
2568 2531
2571 11
2576 2531
2596 1802
2621 933
2622 4086
2626 174
2634 3960
2690 537
2705 537
2709 2377
2745 2876
2778 3985
2804 1981
2812 3960
2872 3960
2875 364
2876 3960
2877 2876
2881 3960
2883 3960
2917 3960
2927 3960
2936 3960
2941 364
2950 2531
2980 933
3004 537
3020 3960
3077 4700
3091 2876
3096 345
3111 3463
3123 3960
3127 1802
3131 3960
3138 3960
3168 4086
3176 4086
3192 933
3229 364
3248 1802
3257 4019
3262 3960
3274 2429
3276 345
3281 3960
3334 2917
3361 2876
3364 1802
3392 3392
3408 1802
3410 4086
3414 4086
3416 933
3438 4208
3463 2531
3490 3960
3507 3960
3509 3960
3521 2917
3549 883
3577 537
3580 1802
3631 3960
3635 2531
3665 2876
3676 2531
3680 3580
3687 2531
3692 1802
3715 3960
3721 3960
3752 3960
3756 3960
3800 2531
3802 2531
3815 933
3820 2531
3828 2531
3855 506
3867 11
3891 3960
3904 3960
3915 3960
3959 2876
3960 3960
3962 3960
3985 4582
3996 1802
4009 4039
4019 933
4039 5224
4078 3960
4086 3960
4093 883
4104 2876
4110 174
4112 537
4124 3960
4132 3960
4159 1773
4167 933
4169 2531
4181 525
4204 3960
4206 3509
4208 3960
4240 4887
4301 2621
4304 2377
4319 1802
4361 4582
4390 3960
4416 3960
4464 3960
4493 2812
4500 3960
4532 3960
4539 11
4578 4753
4580 4582
4582 3960
4602 2531
4608 5224
4647 933
4679 1802
4699 1975
4700 3960
4749 1802
4753 3960
4771 4086
4782 5224
4836 600
4839 4582
4846 174
4852 3960
4857 3752
4872 2876
4887 2377
4918 525
4967 3960
4975 3960
4978 3680
4985 1773
4989 3960
5013 3127
5021 506
5030 11
5047 481
5049 2690
5062 506
5079 2876
5115 3960
5116 3752
5120 1802
5148 3960
5163 3960
5182 2531
5224 3960
5237 1802
5248 3960
