s8	0.00046196363160648794	26	198	232	245	270	380	683	723	765	1060	1126	1134	1163	1393	1959	2159	2218	2383	2617	2632	2662	2692	2740	2880	2972	3013	3049	3071	3108	3128	3186	3193	3318	3384	3436	4123	4173	4241	4427	4428	4480	4597	4687	4895	4921	4972	4973	5118	5164
s8	0.0032051282051282055	32	1395	1977
s8	0.0024475524475524473	48	122	294	1094	1431	2253	2773	3056	3170	3207	4226
s8	0.0007620584543661489	53	55	62	64	74	97	185	229	234	279	391	407	413	461	549	629	752	915	962	970	995	998	1081	1222	1362	1389	1398	1450	1616	1620	1660	1701	1732	1744	1817	1978	2015	2114	2350	2355	2360	2412	2446	2523	2649	2652	2861	3005	3080	3085	3235	3282	3386	3404	3508	3610	3655	3736	3910	3953	3995	4022	4160	4212	4305	4335	4380	4618	4652	4756	4766	4785	4859	5077	5094	5105	5208	5219
s8	0.0012419871794871796	65	925	1425	1637	2224	2292	2855	3351	3372	3649	4044	4174	4529	4671	4723	5096
s8	0.004487179487179487	93	677	725	821	916	4046
s8	0.002095660749506903	144	259	930	1476	1510	2158	2952	3267	3424	4231	4374	4718	4999
s8	0.0008953597010277164	145	228	273	408	535	548	673	727	756	794	906	961	1037	1244	1400	1443	1976	2113	2132	2210	2468	2894	2964	3165	3264	3293	3304	3538	3559	3762	3897	4290	4297	4430	4574	4794	4891	4904	5177
s8	0.008653846153846154	195	897	937	1532	4528
s8	0.004807692307692307	243	1255	1829	2481	4968
s8	0.0032941595441595443	254	257	440	631	736	960	975	1030	1491	2168	2262	2299	2362	2499	2546	2549	2809	3187	3311	3583	3663	3760	3818	3852	4244	4282	4330	4767
s8	0.0030818540433925046	292	1299	1503	1603	1823	2889	3626	3819	4313	4407	4568	4583	5004
s8	0.0013354700854700853	299	1128	1351	1545	2232	2477	3109	3634	3795
s8	0.0025359256128486894	355	459	669	760	1335	1907	2885	3153	4153	4295	4386	4552	4773	4881
s8	0.0011904761904761904	404	529	545	703	1101	1262	1358	1936	2164	2452	2464	3010	3202	3457	3674	4003	4594	4598	4695	5002	5203
s8	0.0010605203619909501	464	963	1332	1485	1639	1996	2029	2059	3205	3343	3562	3740	4223	4477	5146	5156	5193
s8	0.0030906593406593405	500	1319	1968	2127	2172	2206	2974	3320
s8	0.008012820512820514	502	1250	5154
s8	0.014938186813186812	637	1151	2527	2788	3571	3977	4152	4526
s8	0.002518315018315018	656	2507	3059	3344	4849	4941	5016
s8	0.004807692307692308	1436	3893	5042
s8	0.03685897435897436	1971	3258	4099
s8	0.0032051282051282055	2004	3299	4657
