s4	0.001326435192714263	3	8	29	132	640	1343	1344	1634	1715	1716	1728	2014	2048	2053	2072	2179	2205	2308	2342	2685	2847	2916	3088	3169	3328	3345	3423	3426	3555	3601	3822	3955	4097	4338	4359	4600	4661	4724	4792	4851	4875	4923	5057	5246
s4	0.0011526934603857696	40	154	177	187	200	280	384	392	401	450	672	825	832	844	868	892	1100	1141	1144	1146	1177	1178	1181	1208	1212	1232	1313	1460	1481	1587	1779	1782	1800	1854	1909	1940	1986	2170	2230	2398	2542	2550	2558	2585	2644	2807	2922	2935	2988	3035	3097	3105	3206	3322	3330	3335	3374	3474	3498	3524	3593	3653	3666	3709	3738	3857	3978	4084	4178	4469	4494	4505	4595	4704	4897	4953	4959	5252
s4	0.003525641025641026	69	1363	2202	2436	3780	4557
s4	0.005811496196111581	86	160	293	520	1157	1200	1831	2768	3375	3758	3812	3968	4035	4381
s4	0.004166666666666665	128	129	328	732	754	1196	1643	2030	2612	2747	3742	4184	4309	4408	4586	5233
s4	0.006181318681318683	135	572	1345	1387	1742	2134	2154
s4	0.0035256410256410253	141	702	2133	2331	3986	4143
s4	0.006410256410256411	143	1706	2888
s4	0.0012726244343891403	201	1205	1564	1739	2349	2431	2777	2983	3011	3838	3999	4171	4382	4425	4922	5036	5195
s4	0.007211538461538461	204	971	1429	2544
s4	0.0028445512820512815	278	291	470	885	984	1331	1601	2373	2455	3567	3732	4119	4158	4249	4533	5241
s4	0.004487179487179487	488	992	1646	2287	3636	3885
s4	0.009615384615384616	1140	3314	4414
