0 0
1 1
2 2
3 3
4 4
5 5
6 4110
7 6
8 7
9 8
10 9
11 10
12 11
13 12
14 1634
15 13
16 14
17 15
18 16
19 17
20 18
21 19
22 20
23 3415
24 21
25 22
26 23
27 24
28 25
29 26
30 27
31 3415
32 28
33 29
34 30
35 31
36 32
37 33
38 34
39 35
40 36
41 37
42 38
43 39
44 4110
45 40
46 41
47 42
48 43
49 44
50 45
51 46
52 47
53 48
54 49
55 50
56 51
57 52
58 53
59 54
60 55
61 56
62 57
63 58
64 59
65 60
66 61
67 62
68 63
69 64
70 65
71 66
72 67
73 68
74 69
75 70
76 71
77 72
78 73
79 74
80 75
81 76
82 77
83 78
84 79
85 80
86 81
87 82
88 83
89 84
90 85
91 86
92 87
93 88
94 89
95 90
96 91
97 92
98 93
99 94
100 95
101 96
102 97
103 98
104 99
105 100
106 101
107 102
108 103
109 104
110 105
111 106
112 107
113 108
114 109
115 110
116 111
117 112
118 113
119 114
120 115
121 116
122 117
123 118
124 119
125 120
126 121
127 122
128 123
129 124
130 125
131 126
132 127
133 128
134 129
135 130
136 131
137 132
138 133
139 134
140 135
141 136
142 137
143 138
144 139
145 140
146 141
147 142
148 143
149 144
150 145
151 146
152 147
153 148
154 149
155 150
156 151
157 152
158 153
159 154
160 155
161 156
162 4110
163 157
164 158
165 159
166 160
167 161
168 162
169 163
170 164
171 165
172 166
173 167
174 168
175 169
176 170
177 171
178 172
179 173
180 174
181 175
182 176
183 177
184 178
185 179
186 180
187 181
188 182
189 183
190 184
191 185
192 186
193 187
194 188
195 189
196 190
197 191
198 192
199 193
200 194
201 195
202 196
203 197
204 198
205 4110
206 199
207 200
208 201
209 202
210 203
211 204
212 205
213 206
214 207
215 208
216 209
217 210
218 211
219 212
220 213
221 214
222 215
223 216
224 217
225 218
226 219
227 220
228 221
229 222
230 223
231 224
232 225
233 226
234 227
235 228
236 229
237 230
238 231
239 232
240 233
241 234
242 235
243 236
244 237
245 238
246 239
247 240
248 241
249 242
250 243
251 244
252 245
253 246
254 247
255 248
256 249
257 250
258 4110
259 251
260 252
261 253
262 254
263 255
264 256
265 257
266 258
267 259
268 260
269 261
270 262
271 263
272 264
273 265
274 266
275 267
276 268
277 269
278 270
279 271
280 272
281 273
282 274
283 275
284 276
285 277
286 278
287 279
288 280
289 4110
290 281
291 282
292 283
293 284
294 285
295 286
296 287
297 288
298 289
299 290
300 291
301 292
302 293
303 294
304 295
305 296
306 297
307 298
308 299
309 300
310 301
311 302
312 303
313 304
314 305
315 306
316 307
317 308
318 309
319 310
320 311
321 312
322 313
323 314
324 315
325 316
326 317
327 318
328 319
329 320
330 321
331 322
332 323
333 324
334 325
335 326
336 327
337 328
338 329
339 330
340 331
341 332
342 333
343 334
344 335
345 336
346 337
347 338
348 339
349 340
350 341
351 342
352 343
353 344
354 345
355 346
356 347
357 348
358 349
359 350
360 351
361 352
362 353
363 354
364 355
365 356
366 357
367 358
368 359
369 360
370 361
371 362
372 363
373 364
374 365
375 366
376 367
377 368
378 369
379 370
380 371
381 372
382 373
383 374
384 375
385 376
386 377
387 378
388 379
389 380
390 381
391 382
392 383
393 384
394 385
395 386
396 387
397 388
398 389
399 390
400 391
401 392
402 393
403 394
404 395
405 396
406 397
407 398
408 399
409 400
410 4110
411 401
412 402
413 403
414 404
415 405
416 406
417 407
418 408
419 409
420 410
421 411
422 412
423 413
424 414
425 415
426 416
427 417
428 418
429 419
430 420
431 421
432 422
433 423
434 424
435 425
436 426
437 427
438 428
439 429
440 430
441 431
442 432
443 433
444 434
445 435
446 436
447 437
448 438
449 439
450 440
451 441
452 442
453 443
454 444
455 445
456 446
457 447
458 448
459 449
460 450
461 451
462 452
463 453
464 454
465 455
466 456
467 457
468 458
469 459
470 460
471 461
472 462
473 463
474 464
475 465
476 466
477 467
478 468
479 469
480 470
481 471
482 4110
483 472
484 473
485 474
486 475
487 476
488 477
489 478
490 479
491 480
492 481
493 482
494 483
495 484
496 485
497 486
498 487
499 488
500 489
501 490
502 491
503 492
504 493
505 494
506 495
507 496
508 497
509 498
510 499
511 500
512 501
513 502
514 503
515 504
516 505
517 506
518 507
519 508
520 509
521 510
522 511
523 512
524 513
525 514
526 515
527 516
528 517
529 518
530 519
531 520
532 521
533 522
534 523
535 524
536 525
537 526
538 527
539 528
540 529
541 530
542 531
543 532
544 533
545 534
546 535
547 536
548 537
549 538
550 539
551 540
552 541
553 542
554 543
555 544
556 545
557 546
558 547
559 548
560 549
561 550
562 551
563 552
564 553
565 554
566 555
567 556
568 557
569 558
570 559
571 560
572 561
573 562
574 563
575 564
576 565
577 4110
578 566
579 567
580 568
581 569
582 570
583 571
584 572
585 4110
586 573
587 574
588 575
589 576
590 577
591 578
592 579
593 580
594 581
595 582
596 583
597 584
598 585
599 586
600 587
601 588
602 589
603 590
604 4110
605 591
606 592
607 593
608 594
609 595
610 596
611 597
612 598
613 599
614 600
615 601
616 602
617 603
618 604
619 605
620 606
621 607
622 608
623 609
624 610
625 611
626 612
627 613
628 614
629 615
630 616
631 617
632 618
633 619
634 620
635 621
636 622
637 623
638 624
639 625
640 626
641 627
642 628
643 629
644 630
645 631
646 632
647 633
648 634
649 635
650 636
651 637
652 638
653 639
654 640
655 641
656 642
657 643
658 644
659 645
660 646
661 647
662 648
663 649
664 650
665 651
666 652
667 653
668 654
669 655
670 656
671 657
672 658
673 659
674 660
675 661
676 662
677 663
678 664
679 665
680 4110
681 666
682 667
683 668
684 669
685 670
686 671
687 672
688 673
689 674
690 675
691 676
692 677
693 678
694 679
695 680
696 681
697 682
698 683
699 684
700 685
701 686
702 687
703 688
704 689
705 690
706 691
707 692
708 693
709 694
710 695
711 696
712 697
713 698
714 699
715 700
716 701
717 702
718 703
719 704
720 705
721 706
722 707
723 708
724 709
725 710
726 4110
727 711
728 712
729 713
730 714
731 715
732 716
733 717
734 718
735 719
736 720
737 721
738 722
739 723
740 724
741 725
742 726
743 727
744 728
745 729
746 730
747 731
748 732
749 733
750 734
751 735
752 736
753 737
754 738
755 739
756 740
757 741
758 742
759 743
760 744
761 745
762 4110
763 746
764 747
765 748
766 749
767 750
768 751
769 752
770 753
771 754
772 755
773 2251
774 756
775 757
776 758
777 759
778 760
779 761
780 762
781 763
782 764
783 765
784 766
785 767
786 768
787 769
788 770
789 771
790 772
791 773
792 774
793 775
794 776
795 777
796 778
797 779
798 780
799 781
800 782
801 783
802 784
803 785
804 786
805 787
806 788
807 789
808 790
809 791
810 792
811 793
812 794
813 795
814 796
815 797
816 798
817 799
818 800
819 801
820 802
821 803
822 804
823 805
824 806
825 807
826 808
827 809
828 810
829 811
830 812
831 4110
832 813
833 814
834 815
835 816
836 817
837 818
838 819
839 820
840 821
841 822
842 823
843 824
844 825
845 826
846 827
847 828
848 829
849 830
850 831
851 832
852 833
853 834
854 835
855 836
856 837
857 838
858 839
859 4110
860 4110
861 840
862 841
863 842
864 843
865 844
866 845
867 846
868 847
869 848
870 849
871 850
872 851
873 852
874 853
875 854
876 855
877 856
878 857
879 858
880 859
881 860
882 861
883 862
884 863
885 864
886 865
887 866
888 867
889 868
890 869
891 870
892 871
893 872
894 873
895 874
896 875
897 876
898 877
899 878
900 879
901 880
902 881
903 882
904 883
905 884
906 885
907 886
908 887
909 888
910 889
911 890
912 891
913 892
914 893
915 894
916 895
917 896
918 897
919 898
920 899
921 900
922 901
923 902
924 903
925 904
926 905
927 906
928 907
929 908
930 909
931 910
932 911
933 912
934 913
935 914
936 915
937 916
938 917
939 918
940 919
941 920
942 921
943 922
944 923
945 924
946 925
947 926
948 927
949 928
950 929
951 930
952 931
953 932
954 933
955 934
956 935
957 936
958 937
959 938
960 939
961 940
962 941
963 942
964 943
965 944
966 945
967 946
968 947
969 948
970 949
971 950
972 951
973 952
974 953
975 954
976 955
977 956
978 957
979 958
980 959
981 960
982 961
983 4110
984 962
985 963
986 964
987 965
988 966
989 967
990 968
991 4110
992 969
993 970
994 971
995 972
996 973
997 974
998 975
999 976
1000 977
1001 978
1002 979
1003 980
1004 981
1005 982
1006 983
1007 984
1008 985
1009 986
1010 987
1011 988
1012 989
1013 990
1014 991
1015 992
1016 993
1017 994
1018 995
1019 996
1020 997
1021 998
1022 999
1023 1000
1024 1001
1025 1002
1026 1003
1027 1004
1028 1005
1029 1006
1030 1007
1031 1008
1032 1009
1033 1010
1034 1011
1035 1012
1036 1013
1037 1014
1038 1015
1039 1016
1040 1017
1041 1018
1042 1019
1043 1020
1044 1021
1045 1022
1046 1023
1047 1024
1048 4110
1049 1025
1050 1026
1051 1027
1052 1028
1053 1029
1054 1030
1055 1031
1056 4110
1057 1032
1058 1033
1059 1034
1060 1035
1061 1036
1062 1037
1063 1038
1064 1039
1065 1040
1066 1041
1067 1042
1068 1043
1069 1044
1070 1045
1071 1046
1072 1047
1073 1048
1074 1049
1075 1050
1076 1051
1077 1052
1078 1053
1079 1054
1080 1055
1081 1056
1082 1057
1083 1058
1084 1059
1085 1060
1086 1061
1087 1062
1088 1063
1089 1064
1090 1065
1091 1066
1092 1067
1093 1068
1094 1069
1095 1070
1096 1071
1097 4110
1098 1072
1099 1073
1100 1074
1101 1075
1102 1076
1103 1077
1104 1078
1105 1079
1106 1080
1107 1081
1108 1082
1109 1083
1110 1084
1111 1085
1112 1086
1113 1087
1114 1088
1115 1089
1116 1090
1117 1091
1118 1092
1119 1093
1120 1094
1121 1095
1122 1096
1123 1097
1124 1098
1125 1099
1126 1100
1127 1101
1128 1102
1129 1103
1130 1104
1131 1105
1132 1106
1133 1107
1134 1108
1135 1109
1136 1110
1137 1111
1138 1112
1139 1113
1140 1114
1141 1115
1142 1116
1143 1117
1144 1118
1145 1119
1146 1120
1147 1121
1148 1122
1149 1123
1150 1124
1151 1125
1152 1126
1153 1127
1154 1128
1155 1129
1156 1130
1157 1131
1158 1132
1159 1133
1160 1134
1161 1135
1162 3415
1163 1136
1164 1137
1165 1138
1166 1139
1167 1140
1168 1141
1169 1142
1170 1143
1171 1144
1172 1145
1173 1146
1174 1147
1175 1148
1176 1149
1177 1150
1178 1151
1179 1152
1180 1153
1181 1154
1182 1155
1183 1156
1184 1157
1185 1158
1186 1159
1187 1160
1188 1161
1189 1162
1190 1163
1191 1164
1192 1165
1193 1166
1194 1167
1195 1168
1196 1169
1197 1170
1198 1171
1199 1172
1200 1173
1201 1174
1202 1175
1203 1176
1204 1177
1205 1178
1206 1179
1207 1180
1208 1181
1209 1182
1210 1183
1211 1184
1212 1185
1213 1186
1214 1187
1215 1188
1216 1189
1217 1190
1218 1634
1219 1191
1220 1192
1221 1193
1222 1194
1223 1195
1224 1196
1225 1197
1226 1198
1227 1199
1228 1200
1229 1201
1230 1202
1231 1203
1232 1204
1233 1205
1234 1206
1235 1207
1236 1208
1237 1209
1238 1210
1239 1211
1240 1212
1241 1213
1242 1214
1243 1215
1244 1216
1245 1217
1246 1218
1247 1219
1248 1220
1249 1221
1250 1222
1251 1223
1252 1224
1253 1225
1254 1226
1255 1227
1256 1228
1257 1229
1258 1230
1259 1231
1260 1232
1261 1233
1262 1234
1263 1235
1264 1236
1265 1237
1266 1238
1267 1239
1268 1240
1269 1241
1270 1242
1271 1243
1272 1244
1273 1245
1274 1246
1275 1247
1276 1248
1277 1249
1278 1250
1279 1251
1280 1252
1281 1253
1282 1254
1283 1255
1284 1256
1285 1257
1286 1258
1287 1259
1288 1260
1289 1261
1290 1262
1291 1263
1292 1264
1293 1265
1294 1266
1295 1267
1296 1268
1297 1269
1298 1270
1299 1271
1300 1272
1301 1273
1302 4110
1303 1274
1304 1275
1305 1276
1306 1277
1307 1278
1308 1279
1309 1280
1310 1281
1311 1282
1312 1283
1313 1284
1314 1285
1315 1286
1316 1287
1317 1288
1318 1289
1319 1290
1320 1291
1321 1292
1322 1293
1323 1294
1324 1295
1325 1296
1326 1297
1327 1298
1328 1299
1329 1300
1330 1301
1331 1302
1332 1303
1333 1304
1334 1305
1335 1306
1336 1307
1337 1308
1338 1309
1339 1310
1340 1311
1341 1312
1342 1313
1343 1314
1344 1315
1345 1316
1346 1317
1347 1318
1348 1319
1349 1320
1350 1321
1351 1322
1352 1323
1353 1324
1354 1325
1355 1326
1356 1327
1357 1328
1358 1329
1359 1330
1360 1331
1361 1332
1362 1333
1363 1334
1364 1335
1365 1336
1366 1337
1367 1338
1368 1339
1369 1340
1370 1341
1371 1342
1372 1343
1373 1344
1374 1345
1375 1346
1376 1347
1377 1348
1378 1349
1379 1350
1380 1351
1381 1352
1382 1353
1383 1354
1384 1355
1385 1356
1386 1357
1387 1358
1388 1359
1389 1360
1390 1361
1391 1362
1392 1363
1393 1364
1394 1365
1395 1366
1396 1367
1397 1368
1398 1369
1399 1370
1400 1371
1401 1372
1402 1373
1403 1374
1404 1375
1405 1376
1406 1377
1407 1378
1408 1379
1409 3415
1410 1380
1411 1381
1412 1382
1413 1383
1414 1384
1415 1385
1416 1386
1417 1387
1418 1388
1419 1389
1420 1390
1421 1391
1422 1392
1423 1393
1424 1394
1425 1395
1426 1396
1427 1397
1428 1398
1429 1399
1430 1400
1431 1401
1432 1402
1433 1403
1434 1404
1435 1405
1436 1406
1437 1407
1438 1408
1439 1409
1440 1410
1441 1411
1442 1412
1443 1413
1444 1414
1445 1415
1446 1416
1447 1417
1448 1418
1449 1419
1450 1420
1451 1421
1452 1422
1453 1423
1454 1424
1455 1425
1456 1426
1457 1427
1458 1428
1459 1429
1460 1430
1461 1431
1462 1432
1463 1433
1464 1434
1465 1435
1466 1436
1467 1437
1468 1438
1469 1439
1470 1440
1471 1441
1472 4110
1473 1442
1474 1443
1475 1444
1476 1445
1477 1446
1478 1447
1479 1448
1480 1449
1481 1450
1482 1451
1483 1452
1484 1453
1485 1454
1486 1455
1487 1456
1488 1457
1489 1458
1490 1459
1491 1460
1492 1461
1493 1462
1494 1463
1495 1464
1496 1465
1497 1466
1498 1467
1499 1468
1500 1469
1501 1470
1502 4110
1503 1471
1504 1472
1505 1473
1506 1474
1507 1475
1508 1476
1509 1477
1510 1478
1511 1479
1512 1480
1513 1481
1514 1482
1515 1483
1516 1484
1517 1485
1518 1486
1519 1487
1520 1488
1521 1489
1522 1490
1523 1491
1524 1492
1525 1493
1526 1494
1527 1495
1528 1496
1529 1497
1530 1498
1531 1499
1532 1500
1533 1501
1534 1502
1535 1503
1536 1504
1537 1505
1538 1506
1539 1507
1540 1508
1541 1509
1542 1510
1543 1511
1544 1512
1545 1513
1546 1514
1547 1515
1548 1516
1549 1517
1550 1518
1551 1519
1552 1520
1553 1521
1554 1522
1555 1523
1556 1524
1557 1525
1558 1526
1559 1527
1560 1528
1561 1529
1562 1530
1563 1531
1564 1532
1565 1533
1566 1534
1567 1535
1568 1536
1569 1537
1570 1538
1571 1539
1572 1540
1573 1541
1574 1542
1575 1543
1576 1544
1577 1545
1578 1546
1579 4110
1580 1547
1581 1548
1582 1549
1583 1550
1584 1551
1585 1552
1586 1553
1587 1554
1588 1555
1589 1556
1590 1557
1591 1558
1592 1559
1593 1560
1594 1561
1595 1562
1596 1563
1597 1564
1598 1565
1599 1566
1600 1567
1601 1568
1602 1569
1603 1570
1604 1571
1605 4110
1606 1572
1607 1573
1608 1574
1609 1575
1610 1576
1611 1577
1612 1578
1613 1579
1614 1580
1615 1581
1616 1582
1617 1583
1618 1584
1619 1585
1620 1586
1621 1587
1622 1588
1623 1589
1624 1590
1625 1591
1626 1592
1627 1593
1628 1594
1629 1595
1630 1596
1631 1597
1632 1598
1633 1599
1634 1600
1635 1601
1636 1602
1637 1603
1638 1604
1639 1605
1640 1606
1641 1607
1642 1608
1643 1609
1644 1610
1645 1611
1646 1612
1647 1613
1648 1614
1649 1615
1650 1616
1651 1617
1652 1618
1653 1619
1654 1620
1655 1621
1656 1622
1657 1623
1658 1624
1659 1625
1660 1626
1661 1627
1662 1628
1663 1629
1664 1630
1665 1631
1666 1632
1667 1633
1668 1634
1669 1635
1670 1636
1671 1637
1672 1638
1673 1639
1674 1640
1675 1641
1676 1642
1677 1643
1678 1644
1679 1645
1680 1646
1681 1647
1682 1648
1683 1649
1684 1650
1685 1651
1686 1652
1687 1653
1688 1654
1689 1655
1690 1656
1691 3415
1692 1657
1693 1658
1694 1659
1695 1660
1696 1661
1697 1662
1698 1663
1699 1664
1700 1665
1701 1666
1702 1667
1703 1668
1704 1669
1705 1670
1706 1671
1707 1672
1708 1673
1709 4110
1710 1674
1711 1675
1712 1676
1713 1677
1714 1678
1715 1679
1716 1680
1717 1681
1718 4110
1719 1682
1720 1683
1721 1684
1722 1685
1723 1686
1724 4110
1725 4110
1726 1687
1727 1688
1728 1689
1729 1690
1730 1691
1731 1692
1732 1693
1733 1694
1734 1695
1735 1696
1736 1697
1737 1698
1738 1699
1739 1700
1740 1701
1741 1702
1742 1703
1743 1704
1744 1705
1745 1706
1746 1707
1747 1708
1748 1709
1749 1710
1750 1711
1751 1712
1752 1713
1753 1714
1754 1715
1755 1716
1756 1717
1757 1718
1758 1719
1759 1720
1760 1721
1761 1722
1762 1723
1763 1724
1764 1725
1765 1726
1766 1727
1767 1728
1768 1729
1769 1730
1770 1731
1771 1732
1772 1733
1773 1734
1774 1735
1775 1736
1776 1737
1777 1738
1778 1739
1779 1740
1780 1741
1781 1742
1782 1743
1783 1744
1784 1745
1785 1746
1786 1747
1787 1748
1788 1749
1789 1750
1790 1751
1791 1752
1792 1753
1793 1754
1794 4110
1795 1755
1796 1756
1797 1757
1798 1758
1799 1759
1800 1760
1801 1761
1802 1762
1803 1763
1804 1764
1805 1765
1806 1766
1807 1767
1808 1768
1809 1769
1810 1770
1811 1771
1812 1772
1813 1773
1814 1774
1815 1775
1816 1776
1817 1777
1818 1778
1819 1779
1820 1780
1821 1781
1822 1782
1823 1783
1824 1784
1825 1785
1826 1786
1827 1787
1828 1788
1829 1789
1830 1790
1831 1791
1832 1792
1833 1793
1834 1794
1835 1795
1836 1796
1837 1797
1838 1798
1839 1799
1840 1800
1841 1801
1842 1802
1843 4110
1844 1803
1845 1804
1846 1805
1847 1806
1848 1807
1849 1808
1850 1809
1851 1810
1852 1811
1853 1812
1854 1813
1855 1814
1856 1815
1857 1816
1858 4110
1859 1817
1860 1818
1861 1819
1862 1820
1863 1821
1864 1822
1865 1823
1866 1824
1867 1825
1868 1826
1869 1827
1870 1828
1871 1829
1872 1830
1873 1831
1874 1832
1875 1833
1876 1834
1877 1634
1878 1835
1879 1836
1880 1837
1881 1838
1882 1839
1883 1840
1884 1841
1885 1842
1886 1843
1887 1844
1888 1845
1889 1846
1890 1847
1891 1634
1892 1848
1893 1849
1894 1850
1895 1851
1896 1852
1897 1853
1898 1854
1899 1855
1900 1856
1901 1857
1902 1858
1903 1859
1904 1860
1905 1634
1906 1861
1907 1862
1908 1863
1909 1864
1910 1865
1911 1866
1912 1867
1913 1868
1914 1869
1915 1870
1916 1871
1917 1872
1918 1873
1919 1874
1920 1875
1921 1876
1922 1877
1923 1878
1924 1879
1925 1880
1926 1881
1927 1882
1928 1883
1929 1884
1930 1885
1931 1886
1932 1887
1933 1888
1934 1889
1935 4110
1936 1890
1937 1891
1938 1892
1939 1893
1940 1894
1941 1895
1942 1896
1943 1897
1944 1898
1945 1899
1946 1900
1947 1901
1948 1902
1949 1903
1950 1904
1951 1905
1952 1906
1953 4110
1954 1907
1955 1908
1956 1909
1957 1910
1958 1911
1959 1912
1960 1913
1961 1914
1962 1915
1963 1916
1964 1917
1965 1918
1966 3415
1967 1919
1968 1920
1969 1921
1970 1922
1971 1923
1972 4110
1973 1924
1974 1925
1975 1926
1976 1927
1977 1928
1978 1929
1979 1930
1980 1931
1981 1932
1982 1933
1983 1934
1984 1935
1985 1936
1986 1937
1987 1938
1988 1939
1989 1940
1990 1941
1991 1942
1992 1943
1993 1944
1994 1945
1995 1946
1996 1947
1997 1948
1998 1949
1999 1950
2000 1951
2001 1952
2002 1953
2003 1954
2004 1955
2005 1956
2006 1957
2007 1958
2008 1959
2009 1960
2010 1961
2011 1962
2012 1963
2013 1964
2014 1965
2015 1966
2016 1967
2017 1968
2018 1969
2019 1970
2020 1971
2021 1972
2022 1973
2023 1974
2024 1975
2025 1976
2026 1977
2027 1978
2028 1979
2029 1980
2030 1981
2031 1982
2032 1983
2033 1984
2034 1985
2035 1986
2036 1987
2037 1988
2038 1989
2039 1990
2040 1991
2041 1992
2042 1993
2043 1994
2044 1995
2045 1996
2046 1997
2047 1998
2048 1999
2049 2000
2050 2001
2051 2002
2052 2003
2053 2004
2054 2005
2055 2006
2056 2007
2057 2008
2058 2009
2059 2010
2060 2011
2061 2012
2062 2013
2063 2014
2064 2015
2065 2016
2066 2017
2067 2018
2068 2019
2069 2020
2070 2021
2071 2022
2072 2023
2073 2024
2074 2025
2075 2026
2076 2027
2077 2028
2078 2029
2079 2030
2080 2031
2081 2032
2082 2033
2083 2034
2084 2035
2085 2036
2086 2037
2087 2038
2088 2039
2089 2040
2090 2041
2091 2042
2092 2043
2093 2044
2094 2045
2095 2046
2096 2047
2097 2048
2098 2049
2099 2050
2100 2051
2101 2052
2102 2053
2103 2054
2104 2055
2105 2056
2106 2057
2107 2058
2108 2059
2109 2060
2110 2061
2111 2062
2112 2063
2113 2064
2114 2065
2115 2066
2116 2067
2117 2068
2118 2069
2119 2070
2120 2071
2121 2072
2122 2073
2123 2074
2124 2075
2125 4110
2126 2076
2127 2077
2128 2078
2129 2079
2130 2080
2131 2081
2132 2082
2133 2083
2134 2084
2135 2085
2136 2086
2137 2087
2138 2088
2139 2089
2140 2090
2141 2091
2142 2092
2143 2093
2144 2094
2145 2095
2146 2096
2147 2097
2148 2098
2149 2099
2150 2100
2151 2101
2152 2102
2153 2103
2154 2104
2155 2105
2156 2106
2157 2107
2158 2108
2159 2109
2160 2110
2161 2111
2162 2112
2163 2113
2164 2114
2165 2115
2166 2116
2167 2117
2168 2118
2169 2119
2170 2120
2171 2121
2172 2122
2173 4110
2174 2123
2175 2124
2176 2125
2177 2126
2178 2127
2179 2128
2180 2129
2181 2130
2182 2131
2183 2132
2184 4110
2185 2133
2186 2134
2187 2135
2188 2136
2189 2137
2190 2138
2191 2139
2192 2140
2193 2141
2194 2142
2195 2143
2196 2144
2197 2145
2198 2146
2199 2147
2200 2148
2201 2149
2202 2150
2203 2151
2204 2152
2205 2153
2206 2154
2207 2155
2208 2156
2209 2157
2210 2158
2211 2159
2212 2160
2213 2161
2214 2162
2215 2163
2216 2164
2217 2165
2218 2166
2219 2167
2220 2168
2221 2169
2222 2170
2223 2171
2224 2172
2225 2173
2226 2174
2227 2175
2228 2176
2229 2177
2230 2178
2231 2179
2232 2180
2233 2181
2234 2182
2235 2183
2236 2184
2237 2185
2238 2186
2239 2187
2240 2188
2241 2189
2242 2190
2243 2191
2244 2192
2245 2193
2246 2194
2247 2195
2248 4110
2249 2196
2250 2197
2251 2198
2252 2199
2253 2200
2254 4110
2255 2201
2256 2202
2257 2203
2258 2204
2259 2205
2260 2206
2261 2207
2262 2208
2263 2209
2264 2210
2265 2211
2266 2212
2267 2213
2268 2214
2269 2215
2270 2216
2271 4110
2272 2217
2273 2218
2274 2219
2275 2220
2276 2221
2277 2222
2278 2223
2279 2224
2280 2225
2281 2226
2282 2227
2283 2228
2284 2229
2285 2230
2286 2231
2287 2232
2288 2233
2289 2234
2290 2235
2291 2236
2292 2237
2293 2238
2294 2239
2295 2240
2296 2241
2297 2242
2298 2243
2299 2244
2300 2245
2301 2246
2302 2247
2303 2248
2304 2249
2305 2250
2306 2251
2307 2252
2308 2253
2309 2254
2310 2255
2311 2256
2312 2257
2313 2258
2314 2259
2315 2260
2316 2261
2317 2262
2318 2263
2319 2264
2320 4110
2321 2265
2322 2266
2323 2267
2324 2268
2325 2269
2326 2270
2327 2271
2328 2272
2329 2273
2330 2274
2331 2275
2332 2276
2333 2277
2334 2278
2335 2279
2336 2280
2337 2281
2338 2282
2339 2283
2340 2284
2341 2285
2342 2286
2343 2287
2344 2288
2345 2289
2346 2290
2347 2291
2348 2292
2349 2293
2350 2294
2351 2295
2352 2296
2353 2297
2354 2298
2355 2299
2356 2300
2357 2301
2358 2302
2359 2303
2360 2304
2361 2305
2362 2306
2363 2307
2364 2308
2365 2309
2366 2310
2367 2311
2368 2312
2369 2313
2370 2314
2371 2315
2372 2316
2373 2317
2374 2318
2375 2319
2376 2320
2377 2321
2378 2322
2379 2323
2380 2324
2381 2325
2382 2326
2383 2327
2384 2328
2385 2329
2386 2330
2387 2331
2388 2332
2389 2333
2390 2334
2391 2335
2392 2336
2393 2337
2394 2338
2395 2339
2396 2340
2397 2341
2398 2342
2399 2343
2400 2344
2401 2345
2402 2346
2403 2347
2404 2348
2405 2349
2406 2350
2407 2351
2408 2352
2409 2353
2410 2354
2411 2355
2412 2356
2413 2357
2414 2358
2415 2359
2416 2360
2417 2361
2418 2362
2419 2363
2420 2364
2421 2365
2422 2366
2423 2367
2424 2368
2425 2369
2426 2370
2427 2371
2428 2372
2429 2373
2430 2374
2431 2375
2432 2376
2433 2377
2434 2378
2435 2379
2436 2380
2437 2381
2438 2382
2439 2383
2440 2384
2441 2385
2442 2386
2443 2387
2444 2388
2445 2389
2446 2390
2447 2391
2448 2392
2449 2393
2450 2394
2451 2395
2452 2396
2453 2397
2454 2398
2455 2399
2456 2400
2457 2401
2458 2402
2459 2403
2460 3415
2461 2404
2462 2405
2463 2406
2464 2407
2465 2408
2466 2409
2467 2410
2468 2411
2469 2412
2470 2413
2471 2414
2472 2415
2473 2416
2474 2417
2475 2418
2476 2419
2477 2420
2478 2421
2479 2422
2480 2423
2481 2424
2482 2425
2483 2426
2484 2427
2485 2428
2486 2429
2487 2430
2488 2431
2489 2432
2490 3415
2491 2433
2492 2434
2493 2435
2494 2436
2495 2437
2496 2438
2497 2439
2498 2440
2499 2441
2500 2442
2501 2443
2502 2444
2503 2445
2504 2446
2505 2447
2506 2448
2507 2449
2508 2450
2509 2451
2510 2452
2511 2453
2512 2454
2513 2455
2514 2456
2515 2457
2516 2458
2517 2459
2518 2460
2519 2461
2520 2462
2521 2463
2522 2464
2523 2465
2524 2466
2525 2467
2526 2468
2527 2469
2528 2470
2529 2471
2530 2472
2531 2473
2532 2474
2533 2475
2534 2476
2535 2477
2536 2478
2537 2479
2538 2480
2539 2481
2540 2482
2541 2483
2542 2484
2543 2485
2544 2486
2545 2487
2546 2488
2547 2489
2548 2490
2549 2491
2550 2492
2551 2493
2552 2494
2553 2495
2554 2496
2555 2497
2556 2498
2557 2499
2558 2500
2559 2501
2560 2502
2561 2503
2562 2504
2563 2505
2564 2506
2565 2507
2566 2508
2567 2509
2568 2510
2569 2511
2570 4110
2571 2512
2572 2513
2573 2514
2574 2515
2575 2516
2576 2517
2577 2518
2578 2519
2579 2520
2580 2521
2581 2522
2582 2523
2583 2524
2584 2525
2585 2526
2586 2527
2587 2528
2588 2529
2589 2530
2590 2531
2591 2532
2592 2533
2593 4110
2594 2534
2595 2535
2596 2536
2597 2537
2598 2538
2599 2539
2600 2540
2601 2541
2602 2542
2603 2543
2604 2544
2605 2545
2606 2546
2607 2547
2608 2548
2609 2549
2610 2550
2611 2551
2612 2552
2613 2553
2614 2554
2615 2555
2616 2556
2617 2557
2618 2558
2619 2559
2620 2560
2621 2561
2622 2562
2623 2563
2624 2564
2625 2565
2626 2566
2627 2567
2628 2568
2629 2569
2630 2570
2631 2571
2632 2572
2633 2573
2634 2574
2635 2575
2636 2576
2637 2577
2638 2578
2639 2579
2640 2580
2641 2581
2642 2582
2643 2583
2644 2584
2645 2585
2646 2586
2647 2587
2648 2588
2649 2589
2650 2590
2651 2591
2652 2592
2653 2593
2654 2594
2655 2595
2656 2596
2657 2597
2658 2598
2659 2599
2660 2600
2661 2601
2662 2602
2663 2603
2664 2604
2665 2605
2666 2606
2667 2607
2668 2608
2669 2609
2670 2610
2671 2611
2672 2612
2673 2613
2674 2614
2675 2615
2676 2616
2677 2617
2678 4110
2679 2618
2680 2619
2681 2620
2682 2621
2683 2622
2684 2623
2685 2624
2686 2625
2687 2626
2688 2627
2689 2628
2690 2629
2691 3415
2692 2630
2693 2631
2694 2632
2695 2633
2696 2634
2697 2635
2698 2636
2699 2637
2700 2638
2701 4110
2702 2639
2703 2640
2704 2641
2705 2642
2706 2643
2707 2644
2708 2645
2709 2646
2710 2647
2711 2648
2712 2649
2713 2650
2714 2651
2715 2652
2716 2653
2717 2654
2718 2655
2719 2656
2720 2657
2721 2658
2722 2659
2723 2660
2724 2661
2725 2662
2726 2663
2727 2664
2728 2665
2729 2666
2730 2667
2731 2668
2732 2669
2733 2670
2734 2671
2735 2672
2736 2673
2737 2674
2738 2675
2739 2676
2740 2677
2741 2678
2742 2679
2743 2680
2744 2681
2745 2682
2746 2683
2747 2684
2748 2685
2749 2686
2750 2687
2751 2688
2752 2689
2753 2690
2754 2691
2755 2692
2756 2693
2757 2694
2758 2695
2759 2696
2760 2697
2761 2698
2762 2699
2763 2700
2764 2701
2765 2702
2766 2703
2767 4110
2768 2704
2769 2705
2770 2706
2771 2707
2772 2708
2773 2709
2774 2710
2775 2711
2776 2712
2777 2713
2778 2714
2779 2715
2780 2716
2781 2717
2782 2718
2783 2719
2784 2720
2785 2721
2786 2722
2787 2723
2788 2724
2789 2725
2790 2726
2791 2727
2792 2728
2793 2729
2794 2730
2795 2731
2796 2732
2797 2733
2798 2734
2799 1634
2800 2735
2801 2736
2802 2737
2803 2738
2804 2739
2805 2740
2806 2741
2807 2742
2808 2743
2809 2744
2810 2745
2811 2746
2812 2747
2813 2748
2814 2749
2815 2750
2816 2751
2817 2752
2818 2753
2819 2754
2820 2755
2821 2756
2822 2757
2823 2758
2824 2759
2825 2760
2826 2761
2827 2762
2828 2763
2829 2764
2830 2765
2831 2766
2832 2767
2833 2768
2834 2769
2835 2770
2836 2771
2837 2772
2838 2773
2839 2774
2840 2775
2841 2776
2842 2777
2843 2778
2844 2779
2845 2780
2846 2781
2847 2782
2848 2783
2849 2784
2850 2785
2851 2786
2852 2787
2853 2788
2854 2789
2855 2790
2856 2791
2857 2792
2858 2793
2859 2794
2860 2795
2861 2796
2862 2797
2863 2798
2864 2799
2865 2800
2866 2801
2867 2802
2868 2803
2869 2804
2870 2805
2871 2806
2872 2807
2873 2808
2874 2809
2875 2810
2876 2811
2877 2812
2878 2813
2879 2814
2880 2815
2881 2816
2882 2817
2883 2818
2884 2819
2885 2820
2886 2821
2887 2822
2888 2823
2889 2824
2890 2825
2891 2826
2892 2827
2893 2828
2894 2829
2895 2830
2896 2831
2897 2832
2898 2833
2899 2834
2900 2835
2901 2836
2902 2837
2903 2838
2904 2839
2905 2840
2906 2841
2907 2842
2908 2843
2909 2844
2910 2845
2911 2846
2912 2847
2913 2848
2914 2849
2915 2850
2916 2851
2917 2852
2918 2853
2919 2854
2920 2855
2921 2856
2922 2857
2923 2858
2924 2859
2925 2860
2926 2861
2927 2862
2928 2863
2929 2864
2930 2865
2931 2866
2932 2867
2933 2868
2934 2869
2935 2870
2936 2871
2937 2872
2938 2873
2939 2874
2940 2875
2941 2876
2942 2877
2943 2878
2944 2879
2945 2880
2946 4110
2947 2881
2948 2882
2949 2883
2950 2884
2951 2885
2952 2886
2953 2887
2954 2888
2955 2889
2956 2890
2957 2891
2958 2892
2959 2893
2960 2894
2961 2895
2962 2896
2963 2897
2964 2898
2965 2899
2966 2900
2967 2901
2968 2902
2969 2903
2970 2904
2971 2905
2972 2906
2973 2907
2974 2908
2975 2909
2976 2910
2977 2911
2978 2912
2979 2913
2980 2914
2981 2915
2982 2916
2983 2917
2984 2918
2985 2919
2986 2920
2987 2921
2988 2922
2989 2923
2990 2924
2991 2925
2992 2926
2993 2927
2994 2928
2995 2929
2996 2930
2997 2931
2998 2932
2999 2933
3000 2934
3001 2935
3002 2936
3003 2937
3004 2938
3005 2939
3006 2940
3007 2941
3008 2942
3009 2943
3010 2944
3011 2945
3012 2946
3013 2947
3014 2948
3015 2949
3016 2950
3017 2951
3018 2952
3019 2953
3020 2954
3021 2955
3022 2956
3023 2957
3024 2958
3025 2959
3026 2960
3027 2961
3028 2962
3029 2963
3030 2964
3031 2965
3032 2966
3033 2967
3034 2968
3035 2969
3036 2970
3037 2971
3038 2972
3039 2973
3040 2974
3041 2975
3042 2976
3043 2977
3044 2978
3045 2979
3046 2980
3047 2981
3048 2982
3049 2983
3050 2984
3051 2985
3052 2986
3053 2987
3054 2988
3055 2989
3056 2990
3057 2991
3058 2992
3059 2993
3060 2994
3061 2995
3062 2996
3063 4110
3064 2997
3065 2998
3066 2999
3067 3000
3068 3001
3069 3002
3070 3003
3071 3004
3072 3005
3073 3006
3074 3007
3075 3008
3076 3009
3077 3010
3078 3011
3079 3012
3080 3013
3081 3014
3082 3015
3083 3016
3084 3017
3085 3018
3086 3019
3087 3020
3088 3021
3089 3022
3090 3023
3091 3024
3092 3025
3093 3026
3094 3027
3095 3028
3096 3029
3097 3030
3098 3031
3099 3032
3100 3033
3101 3034
3102 3035
3103 3036
3104 3037
3105 3038
3106 3039
3107 3040
3108 3041
3109 3042
3110 3043
3111 3044
3112 3045
3113 3046
3114 3047
3115 3048
3116 3049
3117 3050
3118 3051
3119 3052
3120 3053
3121 3054
3122 3055
3123 3056
3124 3057
3125 3058
3126 3059
3127 3060
3128 3061
3129 3062
3130 3063
3131 3064
3132 3065
3133 3066
3134 3067
3135 3068
3136 3069
3137 3070
3138 3071
3139 3072
3140 3073
3141 3074
3142 3075
3143 3076
3144 3077
3145 3078
3146 3079
3147 3080
3148 3081
3149 3082
3150 3083
3151 3084
3152 3085
3153 3086
3154 3087
3155 3088
3156 3089
3157 3090
3158 3091
3159 3092
3160 3093
3161 3094
3162 3095
3163 3096
3164 3097
3165 3098
3166 3099
3167 3100
3168 3101
3169 3102
3170 3103
3171 3104
3172 3105
3173 3106
3174 3107
3175 3108
3176 3109
3177 3110
3178 3111
3179 3112
3180 3113
3181 3114
3182 3115
3183 3116
3184 3117
3185 3118
3186 3119
3187 3120
3188 3121
3189 3122
3190 3123
3191 3124
3192 3125
3193 3126
3194 3127
3195 3128
3196 3129
3197 3130
3198 3131
3199 3132
3200 3133
3201 3134
3202 3135
3203 3136
3204 3137
3205 3138
3206 3139
3207 3140
3208 3141
3209 3142
3210 3143
3211 3144
3212 3145
3213 3146
3214 3147
3215 3148
3216 3149
3217 3150
3218 3151
3219 3152
3220 3153
3221 3154
3222 3155
3223 3156
3224 3157
3225 3158
3226 3159
3227 3160
3228 3161
3229 3162
3230 3163
3231 3164
3232 3165
3233 3166
3234 3167
3235 3168
3236 3169
3237 3170
3238 3171
3239 3172
3240 3173
3241 3174
3242 3175
3243 3176
3244 3177
3245 3178
3246 3179
3247 3180
3248 3181
3249 3182
3250 3183
3251 4110
3252 3184
3253 3185
3254 3186
3255 3187
3256 3188
3257 3189
3258 3190
3259 3191
3260 3192
3261 3193
3262 3194
3263 3195
3264 3196
3265 3197
3266 3198
3267 3199
3268 3200
3269 3201
3270 3202
3271 3203
3272 3204
3273 3205
3274 3206
3275 3207
3276 3208
3277 3209
3278 3210
3279 3211
3280 3212
3281 3213
3282 3214
3283 3215
3284 3216
3285 3217
3286 3218
3287 3219
3288 3220
3289 3221
3290 3222
3291 3223
3292 3224
3293 3225
3294 3226
3295 3415
3296 3227
3297 3228
3298 3229
3299 3230
3300 3231
3301 3232
3302 3233
3303 3234
3304 3235
3305 3236
3306 3237
3307 3238
3308 3239
3309 3240
3310 3241
3311 3242
3312 3243
3313 3244
3314 3245
3315 3246
3316 3247
3317 3248
3318 3249
3319 3250
3320 3251
3321 3252
3322 3253
3323 3254
3324 3255
3325 3256
3326 3257
3327 3258
3328 3259
3329 3260
3330 3261
3331 3262
3332 3263
3333 3264
3334 3265
3335 3266
3336 3267
3337 3268
3338 4110
3339 3269
3340 3270
3341 3271
3342 3272
3343 3273
3344 3274
3345 3275
3346 3276
3347 3277
3348 3278
3349 3279
3350 3280
3351 3281
3352 3282
3353 3283
3354 3284
3355 3285
3356 3286
3357 3287
3358 3288
3359 3289
3360 3290
3361 3291
3362 3292
3363 3293
3364 3294
3365 3295
3366 3296
3367 3297
3368 3298
3369 3299
3370 3300
3371 3301
3372 3302
3373 3303
3374 3304
3375 3305
3376 3306
3377 3307
3378 3308
3379 3309
3380 3310
3381 3311
3382 3312
3383 3313
3384 3314
3385 3315
3386 3316
3387 3317
3388 3318
3389 3319
3390 3320
3391 4110
3392 3321
3393 3322
3394 3323
3395 3324
3396 3325
3397 3326
3398 3327
3399 3328
3400 3329
3401 3330
3402 4110
3403 3331
3404 3332
3405 3333
3406 3334
3407 3335
3408 3336
3409 3337
3410 3338
3411 3339
3412 3340
3413 3341
3414 3342
3415 3343
3416 3344
3417 3345
3418 3346
3419 3347
3420 3348
3421 3349
3422 3350
3423 3351
3424 3352
3425 3353
3426 3354
3427 3355
3428 3356
3429 3357
3430 3358
3431 3359
3432 3360
3433 3361
3434 3362
3435 3363
3436 3364
3437 3365
3438 3366
3439 3367
3440 3368
3441 3369
3442 3370
3443 3371
3444 3372
3445 3373
3446 3374
3447 3375
3448 3376
3449 4110
3450 3377
3451 3378
3452 3379
3453 3380
3454 3381
3455 3382
3456 3383
3457 3384
3458 3385
3459 3386
3460 3387
3461 4110
3462 3388
3463 3389
3464 3390
3465 3391
3466 5070
3467 3392
3468 3393
3469 3394
3470 3395
3471 3396
3472 3397
3473 3398
3474 3399
3475 3400
3476 3401
3477 3415
3478 3402
3479 3403
3480 3404
3481 3405
3482 3406
3483 3407
3484 3408
3485 3409
3486 3410
3487 3411
3488 3412
3489 3413
3490 3414
3491 3415
3492 3416
3493 3417
3494 3418
3495 3419
3496 3420
3497 3421
3498 3422
3499 3423
3500 3424
3501 3425
3502 3426
3503 3427
3504 3428
3505 3429
3506 3430
3507 3431
3508 3432
3509 3433
3510 4110
3511 3434
3512 3435
3513 3436
3514 3437
3515 3438
3516 3439
3517 3440
3518 3441
3519 3442
3520 3443
3521 3444
3522 3445
3523 3446
3524 3447
3525 3448
3526 3449
3527 3450
3528 3451
3529 3452
3530 3453
3531 3454
3532 3455
3533 3456
3534 3457
3535 3458
3536 3459
3537 3460
3538 3461
3539 3462
3540 3463
3541 3464
3542 3465
3543 3466
3544 3467
3545 3468
3546 3469
3547 3470
3548 3471
3549 3472
3550 3473
3551 3474
3552 3475
3553 3476
3554 3477
3555 3478
3556 3479
3557 3480
3558 3481
3559 3482
3560 3483
3561 3484
3562 3485
3563 3486
3564 3487
3565 3488
3566 3489
3567 3490
3568 3491
3569 3492
3570 3493
3571 3494
3572 3495
3573 3496
3574 3497
3575 3498
3576 3499
3577 3500
3578 3501
3579 3502
3580 3503
3581 3504
3582 3505
3583 3506
3584 3507
3585 3508
3586 3509
3587 3510
3588 3511
3589 3512
3590 3513
3591 3514
3592 3515
3593 3516
3594 3517
3595 3518
3596 3519
3597 3520
3598 3521
3599 3522
3600 3523
3601 3524
3602 3525
3603 3526
3604 3527
3605 3528
3606 3529
3607 3530
3608 3531
3609 3532
3610 3533
3611 3534
3612 3535
3613 3536
3614 3537
3615 3538
3616 3539
3617 3540
3618 3541
3619 3542
3620 3543
3621 3544
3622 3545
3623 3546
3624 3547
3625 3548
3626 3549
3627 3550
3628 3551
3629 3552
3630 3553
3631 3554
3632 3555
3633 3556
3634 3557
3635 3558
3636 3559
3637 3560
3638 3561
3639 3562
3640 3563
3641 3564
3642 3565
3643 3566
3644 3567
3645 3568
3646 3569
3647 3570
3648 3571
3649 3572
3650 3573
3651 3574
3652 3575
3653 3576
3654 3577
3655 3578
3656 3579
3657 3580
3658 3581
3659 3582
3660 3583
3661 3584
3662 3585
3663 3586
3664 3587
3665 3588
3666 3589
3667 3590
3668 3591
3669 3592
3670 3593
3671 3594
3672 3595
3673 3596
3674 3597
3675 3598
3676 3599
3677 3600
3678 3601
3679 3602
3680 3603
3681 3604
3682 3605
3683 3606
3684 3607
3685 3608
3686 3609
3687 3610
3688 3611
3689 3612
3690 3613
3691 3614
3692 3615
3693 3616
3694 3617
3695 3618
3696 3619
3697 3620
3698 3621
3699 3622
3700 4110
3701 3623
3702 3624
3703 3625
3704 3626
3705 3627
3706 3628
3707 3629
3708 3630
3709 3631
3710 3632
3711 3633
3712 3634
3713 3635
3714 3636
3715 3637
3716 3638
3717 3639
3718 3640
3719 3641
3720 3642
3721 3643
3722 3644
3723 3645
3724 3646
3725 3647
3726 3648
3727 3649
3728 3650
3729 3651
3730 3652
3731 3653
3732 3654
3733 3655
3734 3656
3735 3657
3736 3658
3737 3659
3738 3660
3739 3661
3740 3662
3741 3663
3742 3664
3743 3665
3744 3666
3745 3667
3746 3668
3747 3669
3748 3670
3749 3671
3750 3672
3751 3673
3752 3674
3753 3675
3754 4110
3755 3676
3756 3677
3757 3678
3758 3679
3759 3680
3760 3681
3761 3682
3762 3683
3763 3684
3764 3685
3765 3686
3766 3687
3767 3688
3768 3689
3769 3690
3770 3691
3771 3692
3772 3693
3773 3694
3774 3695
3775 3696
3776 3697
3777 3698
3778 3699
3779 3700
3780 3701
3781 3702
3782 3703
3783 3704
3784 3705
3785 3706
3786 3707
3787 3708
3788 3709
3789 3710
3790 3711
3791 3712
3792 3713
3793 3714
3794 3715
3795 3716
3796 3717
3797 3718
3798 3719
3799 3720
3800 3721
3801 3722
3802 3723
3803 4110
3804 4110
3805 3724
3806 3725
3807 3726
3808 3727
3809 3728
3810 3729
3811 3730
3812 3731
3813 3732
3814 3733
3815 3734
3816 3735
3817 3736
3818 3737
3819 3738
3820 3739
3821 3740
3822 3741
3823 3742
3824 3743
3825 3744
3826 3745
3827 3746
3828 3747
3829 3748
3830 3749
3831 3750
3832 3751
3833 3752
3834 3753
3835 3754
3836 3755
3837 3756
3838 3757
3839 3758
3840 3759
3841 3760
3842 3761
3843 3762
3844 3763
3845 3764
3846 3765
3847 3766
3848 3767
3849 3768
3850 3769
3851 3770
3852 3771
3853 3772
3854 3773
3855 3774
3856 3775
3857 3776
3858 3777
3859 3778
3860 3779
3861 3780
3862 3781
3863 3782
3864 3783
3865 3784
3866 3785
3867 3786
3868 3787
3869 3788
3870 3789
3871 3790
3872 3791
3873 3792
3874 3793
3875 3794
3876 3795
3877 3796
3878 3797
3879 3798
3880 3799
3881 3800
3882 3801
3883 3802
3884 3803
3885 3804
3886 3805
3887 3806
3888 3807
3889 3808
3890 4110
3891 3809
3892 3810
3893 3811
3894 3812
3895 3813
3896 3814
3897 3815
3898 3816
3899 3817
3900 3818
3901 3819
3902 3820
3903 3821
3904 3822
3905 3823
3906 3824
3907 3825
3908 3826
3909 3827
3910 3828
3911 3829
3912 3830
3913 3831
3914 3832
3915 3833
3916 3834
3917 3835
3918 3836
3919 3837
3920 3838
3921 3839
3922 3840
3923 3841
3924 3842
3925 3843
3926 3844
3927 3845
3928 3415
3929 3846
3930 4110
3931 3847
3932 3848
3933 3849
3934 3850
3935 3851
3936 3852
3937 3853
3938 3854
3939 3855
3940 3856
3941 3857
3942 3858
3943 3859
3944 3860
3945 3861
3946 3862
3947 3863
3948 3864
3949 3865
3950 3866
3951 3867
3952 3868
3953 3869
3954 3870
3955 3871
3956 3872
3957 3873
3958 3874
3959 3875
3960 3876
3961 3877
3962 3878
3963 3879
3964 3880
3965 3881
3966 3882
3967 3883
3968 3884
3969 3885
3970 4110
3971 3886
3972 3887
3973 3888
3974 3889
3975 3890
3976 3891
3977 3892
3978 3893
3979 3894
3980 3895
3981 3896
3982 3897
3983 3898
3984 3899
3985 3900
3986 3901
3987 3902
3988 3903
3989 3904
3990 3905
3991 3906
3992 3907
3993 3908
3994 3909
3995 3910
3996 3911
3997 3912
3998 3913
3999 3914
4000 3915
4001 3916
4002 4110
4003 3917
4004 3918
4005 3919
4006 3920
4007 3921
4008 3922
4009 3923
4010 3924
4011 3925
4012 3926
4013 3927
4014 3928
4015 3929
4016 3930
4017 3931
4018 3932
4019 3933
4020 3934
4021 3935
4022 3936
4023 3937
4024 3938
4025 3939
4026 3940
4027 3941
4028 3942
4029 3943
4030 3944
4031 3945
4032 3946
4033 3947
4034 3948
4035 3949
4036 3950
4037 3951
4038 3952
4039 3953
4040 3954
4041 3955
4042 3956
4043 3957
4044 3958
4045 3959
4046 3960
4047 3961
4048 3962
4049 3963
4050 3964
4051 3965
4052 3966
4053 4110
4054 3967
4055 3968
4056 3969
4057 3970
4058 3971
4059 3972
4060 3973
4061 3974
4062 3975
4063 3976
4064 3977
4065 3978
4066 3979
4067 3980
4068 3981
4069 3982
4070 3983
4071 3984
4072 3985
4073 3986
4074 3987
4075 3988
4076 3989
4077 3990
4078 3991
4079 3992
4080 3993
4081 3994
4082 3995
4083 3996
4084 3997
4085 3998
4086 3999
4087 4000
4088 4001
4089 4002
4090 4003
4091 4004
4092 4005
4093 4006
4094 4007
4095 4008
4096 4009
4097 4010
4098 4011
4099 4012
4100 4013
4101 4014
4102 4015
4103 4016
4104 4017
4105 4018
4106 4019
4107 4020
4108 4021
4109 4022
4110 4023
4111 4024
4112 4025
4113 4026
4114 4027
4115 4028
4116 4029
4117 4030
4118 4031
4119 4032
4120 4033
4121 4034
4122 4035
4123 4036
4124 4037
4125 4038
4126 4039
4127 4040
4128 4041
4129 4042
4130 4043
4131 4044
4132 4045
4133 4046
4134 4047
4135 4048
4136 4049
4137 4050
4138 4051
4139 4052
4140 4053
4141 4054
4142 4055
4143 4056
4144 4057
4145 4058
4146 4059
4147 4060
4148 4061
4149 4062
4150 4063
4151 4064
4152 4065
4153 4066
4154 4067
4155 4068
4156 4110
4157 4069
4158 4070
4159 4071
4160 4072
4161 4073
4162 4110
4163 4074
4164 4075
4165 4076
4166 4077
4167 4078
4168 4079
4169 4080
4170 4081
4171 4082
4172 4083
4173 4084
4174 4085
4175 4086
4176 4087
4177 4088
4178 4089
4179 4090
4180 4091
4181 4092
4182 4093
4183 4094
4184 4095
4185 4096
4186 4097
4187 4098
4188 4099
4189 4100
4190 4101
4191 4102
4192 4103
4193 4104
4194 4105
4195 4106
4196 4107
4197 4108
4198 4109
4199 4110
4200 4111
4201 4112
4202 4113
4203 4114
4204 4115
4205 4116
4206 4117
4207 4118
4208 4119
4209 4120
4210 4121
4211 4122
4212 4123
4213 4124
4214 4125
4215 4126
4216 4127
4217 4128
4218 4129
4219 4110
4220 4130
4221 4131
4222 4132
4223 4133
4224 4134
4225 4135
4226 4136
4227 4137
4228 4138
4229 4139
4230 4140
4231 4141
4232 4142
4233 4110
4234 4143
4235 4144
4236 4145
4237 3415
4238 4146
4239 4147
4240 4148
4241 4149
4242 4150
4243 4151
4244 4152
4245 4153
4246 4154
4247 4155
4248 4156
4249 4157
4250 4158
4251 4159
4252 4160
4253 4161
4254 4162
4255 4163
4256 4164
4257 4165
4258 4166
4259 4110
4260 4167
4261 4168
4262 4169
4263 4170
4264 4171
4265 4172
4266 4173
4267 4174
4268 4175
4269 4176
4270 4177
4271 4178
4272 4179
4273 4180
4274 4181
4275 4182
4276 4183
4277 4184
4278 4185
4279 4186
4280 4187
4281 4188
4282 4189
4283 4190
4284 4191
4285 4192
4286 4193
4287 4194
4288 4195
4289 4196
4290 4197
4291 4198
4292 4199
4293 4200
4294 4201
4295 4202
4296 4203
4297 4204
4298 4205
4299 4206
4300 4207
4301 4208
4302 4209
4303 4210
4304 4211
4305 4212
4306 4213
4307 4214
4308 4215
4309 4216
4310 4217
4311 4218
4312 4219
4313 4220
4314 4221
4315 4222
4316 4223
4317 4224
4318 4225
4319 4226
4320 4227
4321 4228
4322 4229
4323 4230
4324 4231
4325 4232
4326 4233
4327 4234
4328 4110
4329 4235
4330 4236
4331 4110
4332 4237
4333 4238
4334 4239
4335 4240
4336 4241
4337 4242
4338 4243
4339 4244
4340 4245
4341 4246
4342 4247
4343 4248
4344 4249
4345 4250
4346 4251
4347 4252
4348 4253
4349 4254
4350 4255
4351 4256
4352 4257
4353 4258
4354 4259
4355 4260
4356 4261
4357 4262
4358 4263
4359 4264
4360 4265
4361 4266
4362 4267
4363 4268
4364 4269
4365 4270
4366 4271
4367 4272
4368 4273
4369 4274
4370 4275
4371 4276
4372 4277
4373 4278
4374 4279
4375 4280
4376 4281
4377 4282
4378 4283
4379 4284
4380 4285
4381 4286
4382 4287
4383 4288
4384 4289
4385 4290
4386 4291
4387 4292
4388 4293
4389 4294
4390 4295
4391 4296
4392 4297
4393 4298
4394 4299
4395 4300
4396 4301
4397 4302
4398 4303
4399 4304
4400 4305
4401 4306
4402 4307
4403 4308
4404 4309
4405 4310
4406 4311
4407 4312
4408 4313
4409 4314
4410 4315
4411 4316
4412 4317
4413 4318
4414 4319
4415 4320
4416 4321
4417 4322
4418 4323
4419 4324
4420 4325
4421 4326
4422 4327
4423 4328
4424 4329
4425 4330
4426 4331
4427 4332
4428 4333
4429 4334
4430 4335
4431 4336
4432 4337
4433 4338
4434 4339
4435 4340
4436 4341
4437 4342
4438 4343
4439 4344
4440 4345
4441 4346
4442 4347
4443 4348
4444 4349
4445 4350
4446 4351
4447 4352
4448 4353
4449 4354
4450 4355
4451 4356
4452 4357
4453 4358
4454 4359
4455 4360
4456 4361
4457 4362
4458 4363
4459 4364
4460 4365
4461 4366
4462 4367
4463 4368
4464 4369
4465 4370
4466 4371
4467 4372
4468 4373
4469 4374
4470 4375
4471 4376
4472 4377
4473 4378
4474 4379
4475 4380
4476 4381
4477 4382
4478 4383
4479 4384
4480 4385
4481 4386
4482 4387
4483 4388
4484 4389
4485 4390
4486 4391
4487 4392
4488 4393
4489 4394
4490 4395
4491 4396
4492 4397
4493 4398
4494 4399
4495 4400
4496 4401
4497 4402
4498 4403
4499 4404
4500 4405
4501 4406
4502 4110
4503 4407
4504 4408
4505 4409
4506 4410
4507 4411
4508 4412
4509 4413
4510 4414
4511 4415
4512 4110
4513 4416
4514 4417
4515 4418
4516 4419
4517 4420
4518 4421
4519 4422
4520 4423
4521 4424
4522 4425
4523 4426
4524 4427
4525 4428
4526 4429
4527 4430
4528 4431
4529 4432
4530 4433
4531 4434
4532 4435
4533 4436
4534 4437
4535 4438
4536 4439
4537 4440
4538 4441
4539 4442
4540 4443
4541 4444
4542 4445
4543 4446
4544 4447
4545 4448
4546 4449
4547 4450
4548 4451
4549 4452
4550 4453
4551 4454
4552 4455
4553 4456
4554 4457
4555 4458
4556 4459
4557 4460
4558 4461
4559 4462
4560 4463
4561 4464
4562 4465
4563 4466
4564 4467
4565 4468
4566 4469
4567 4470
4568 4471
4569 4472
4570 4473
4571 4474
4572 4475
4573 4476
4574 4477
4575 4478
4576 4479
4577 4480
4578 4481
4579 4482
4580 4483
4581 4484
4582 4485
4583 4486
4584 4487
4585 4488
4586 4489
4587 4490
4588 4491
4589 4492
4590 4493
4591 4494
4592 4495
4593 4496
4594 4497
4595 4498
4596 4499
4597 4500
4598 4501
4599 4502
4600 4503
4601 4504
4602 4505
4603 4506
4604 4507
4605 4508
4606 4509
4607 4510
4608 4511
4609 4512
4610 4513
4611 4514
4612 4515
4613 4516
4614 4517
4615 4518
4616 4519
4617 4520
4618 4521
4619 4522
4620 4523
4621 4524
4622 4525
4623 4526
4624 4527
4625 4528
4626 4529
4627 4530
4628 4531
4629 4532
4630 4533
4631 4534
4632 4535
4633 4536
4634 4537
4635 4538
4636 4539
4637 4540
4638 4110
4639 4541
4640 4542
4641 4543
4642 4544
4643 4545
4644 4546
4645 4547
4646 4548
4647 4549
4648 4550
4649 4551
4650 4552
4651 4110
4652 4553
4653 4554
4654 4555
4655 4556
4656 4557
4657 4558
4658 4559
4659 4560
4660 4561
4661 4562
4662 4563
4663 4564
4664 4565
4665 4566
4666 4567
4667 4568
4668 4569
4669 4570
4670 4571
4671 4572
4672 4573
4673 4574
4674 4575
4675 4576
4676 4110
4677 4577
4678 4578
4679 4579
4680 4580
4681 4581
4682 4582
4683 4583
4684 4584
4685 4585
4686 4586
4687 4587
4688 4588
4689 4589
4690 4590
4691 4591
4692 4592
4693 4593
4694 4594
4695 4595
4696 4596
4697 4597
4698 4598
4699 4599
4700 4600
4701 4601
4702 4602
4703 4603
4704 4604
4705 4605
4706 4606
4707 4607
4708 4608
4709 4609
4710 4610
4711 4611
4712 4612
4713 4613
4714 4614
4715 4615
4716 4616
4717 4617
4718 4618
4719 4619
4720 4620
4721 4621
4722 4622
4723 4623
4724 4624
4725 4625
4726 4626
4727 4627
4728 4628
4729 4629
4730 4630
4731 4631
4732 4632
4733 4633
4734 4634
4735 4635
4736 4110
4737 4636
4738 4637
4739 4638
4740 4639
4741 4640
4742 4641
4743 4642
4744 4643
4745 4644
4746 4645
4747 4646
4748 1634
4749 4647
4750 4648
4751 4649
4752 4650
4753 4651
4754 4652
4755 4653
4756 4654
4757 4655
4758 4656
4759 4657
4760 4658
4761 4659
4762 4660
4763 4661
4764 4662
4765 4663
4766 4664
4767 4665
4768 4666
4769 4667
4770 4668
4771 4669
4772 4670
4773 4671
4774 4672
4775 4673
4776 4674
4777 4675
4778 4676
4779 4677
4780 4678
4781 4679
4782 4680
4783 4681
4784 4682
4785 4683
4786 4684
4787 4685
4788 4686
4789 4687
4790 4688
4791 4689
4792 4690
4793 4691
4794 4692
4795 4693
4796 4694
4797 4695
4798 4696
4799 4697
4800 4698
4801 4699
4802 4700
4803 4701
4804 4702
4805 4703
4806 4704
4807 4705
4808 4706
4809 4707
4810 4708
4811 4709
4812 4710
4813 4711
4814 4712
4815 4713
4816 4714
4817 4715
4818 4716
4819 4717
4820 4718
4821 4110
4822 4719
4823 4720
4824 4721
4825 4722
4826 4723
4827 4724
4828 4725
4829 4726
4830 4727
4831 4728
4832 4729
4833 4730
4834 4731
4835 4732
4836 4733
4837 4734
4838 4735
4839 4736
4840 4737
4841 4738
4842 4739
4843 4740
4844 4741
4845 4742
4846 4743
4847 4744
4848 4745
4849 4746
4850 4747
4851 4748
4852 4749
4853 5070
4854 4750
4855 4751
4856 4752
4857 4753
4858 4754
4859 4755
4860 4756
4861 4757
4862 4758
4863 4759
4864 4760
4865 4761
4866 4762
4867 4763
4868 4764
4869 4765
4870 4766
4871 4767
4872 4768
4873 4769
4874 4770
4875 4771
4876 4772
4877 4773
4878 4774
4879 4775
4880 4776
4881 4777
4882 4778
4883 4779
4884 4780
4885 4781
4886 4782
4887 4783
4888 4784
4889 4785
4890 4786
4891 4787
4892 4788
4893 4789
4894 4790
4895 4791
4896 4792
4897 4793
4898 4794
4899 4795
4900 4796
4901 4797
4902 4798
4903 4799
4904 4800
4905 4801
4906 4802
4907 4803
4908 4804
4909 4805
4910 4806
4911 4807
4912 4808
4913 4809
4914 4810
4915 4811
4916 4812
4917 4813
4918 4814
4919 4815
4920 4816
4921 4817
4922 4818
4923 4819
4924 4820
4925 4110
4926 4821
4927 4822
4928 4823
4929 4824
4930 4110
4931 4825
4932 4826
4933 4827
4934 4828
4935 4829
4936 4830
4937 4831
4938 4832
4939 4833
4940 4834
4941 4835
4942 4836
4943 4837
4944 4838
4945 4839
4946 4840
4947 4841
4948 4842
4949 4843
4950 4844
4951 4845
4952 4846
4953 4847
4954 4848
4955 4849
4956 4850
4957 4851
4958 4852
4959 4853
4960 4854
4961 4855
4962 4856
4963 4857
4964 4858
4965 4859
4966 4860
4967 4861
4968 4862
4969 4863
4970 4864
4971 4865
4972 4866
4973 4867
4974 4868
4975 4869
4976 4870
4977 4871
4978 4872
4979 4873
4980 4874
4981 4875
4982 4876
4983 4877
4984 4878
4985 4879
4986 4880
4987 4881
4988 4882
4989 4883
4990 4884
4991 4885
4992 4886
4993 4887
4994 4888
4995 4889
4996 4890
4997 4891
4998 4892
4999 4893
5000 4894
5001 4895
5002 4896
5003 4897
5004 4898
5005 4899
5006 4900
5007 4901
5008 4902
5009 4903
5010 4904
5011 4905
5012 4906
5013 4907
5014 4908
5015 4909
5016 4910
5017 4911
5018 4912
5019 4913
5020 4914
5021 4915
5022 4916
5023 4917
5024 4918
5025 4919
5026 4920
5027 4921
5028 4922
5029 4923
5030 4924
5031 4925
5032 4926
5033 4927
5034 4928
5035 4929
5036 4930
5037 4931
5038 4932
5039 4933
5040 4934
5041 4935
5042 4936
5043 4937
5044 4938
5045 4939
5046 4940
5047 4941
5048 4942
5049 4943
5050 4944
5051 4945
5052 4946
5053 4947
5054 4948
5055 4949
5056 2251
5057 4950
5058 4951
5059 4952
5060 4953
5061 4954
5062 4955
5063 4956
5064 4957
5065 4958
5066 4959
5067 4960
5068 4961
5069 4962
5070 4963
5071 4964
5072 4965
5073 4966
5074 4967
5075 4968
5076 4969
5077 4970
5078 4971
5079 4972
5080 4973
5081 4974
5082 4975
5083 4976
5084 3415
5085 4977
5086 4978
5087 4979
5088 4980
5089 4981
5090 4982
5091 4983
5092 4984
5093 4985
5094 4986
5095 4987
5096 4988
5097 4989
5098 4990
5099 4991
5100 1634
5101 4992
5102 4993
5103 4994
5104 4995
5105 4996
5106 4110
5107 4997
5108 4998
5109 4999
5110 5000
5111 5001
5112 5002
5113 5003
5114 5004
5115 5005
5116 5006
5117 5007
5118 5008
5119 5009
5120 5010
5121 5011
5122 5012
5123 5013
5124 5014
5125 5015
5126 5016
5127 5017
5128 5018
5129 5019
5130 5020
5131 5021
5132 4110
5133 5022
5134 5023
5135 4110
5136 5024
5137 5025
5138 5026
5139 5027
5140 5028
5141 5029
5142 4110
5143 5030
5144 5031
5145 5032
5146 5033
5147 5034
5148 5035
5149 5036
5150 5037
5151 5038
5152 3415
5153 5039
5154 5040
5155 5041
5156 5042
5157 5043
5158 5044
5159 5045
5160 5046
5161 5047
5162 5048
5163 5049
5164 5050
5165 5051
5166 5052
5167 5053
5168 5054
5169 5055
5170 5056
5171 5057
5172 5058
5173 5059
5174 5060
5175 5061
5176 5062
5177 5063
5178 5064
5179 5065
5180 5066
5181 5067
5182 5068
5183 5069
5184 5070
5185 5071
5186 5072
5187 5073
5188 5074
5189 5075
5190 5076
5191 5077
5192 4110
