0 262
1 115
2 119
3 281
4 91
5 0
6 281
7 295
8 281
9 115
10 162
11 262
12 352
13 246
14 281
15 246
16 154
17 246
18 150
19 302
20 4
21 169
22 91
23 281
24 262
25 302
26 154
27 119
28 154
29 281
30 199
31 281
32 154
33 119
34 352
35 262
36 119
37 331
38 262
39 91
40 281
41 65
42 262
43 246
44 281
45 291
46 223
47 246
48 154
49 295
50 295
51 154
52 246
53 154
54 154
55 154
56 261
57 115
58 154
59 246
60 91
61 91
62 154
63 295
64 154
65 154
66 224
67 154
68 91
69 281
70 246
71 258
72 313
73 28
74 154
75 74
76 7
77 189
78 119
79 291
80 291
81 295
82 43
83 119
84 322
85 154
86 281
87 262
88 91
89 28
90 8
91 246
92 119
93 154
94 246
95 348
96 247
97 154
98 302
99 246
100 104
101 119
102 295
103 91
104 322
105 246
106 246
107 7
108 159
109 246
110 269
111 234
112 74
113 115
114 116
115 217
116 115
117 205
118 302
119 295
120 10
121 113
122 154
123 246
124 313
125 9
126 154
127 135
128 281
129 281
130 91
131 262
132 281
133 215
134 284
135 281
136 154
137 169
138 115
139 115
140 82
141 281
142 226
143 281
144 154
145 154
146 334
147 154
148 261
149 194
150 119
151 313
152 262
153 262
154 281
155 11
156 91
157 278
158 334
159 322
160 281
161 348
162 281
163 2
164 295
165 215
166 91
167 91
168 230
169 91
170 262
171 179
172 323
173 91
174 262
175 154
176 137
177 281
178 115
179 295
180 246
181 262
182 143
183 199
184 119
185 154
186 91
187 281
188 291
189 119
190 208
191 246
192 154
193 237
194 38
195 154
196 98
197 48
198 154
199 352
200 281
201 281
202 205
203 13
204 281
205 281
206 119
207 125
208 194
209 262
210 343
211 91
212 288
213 115
214 91
215 115
216 93
217 246
218 91
219 70
220 261
221 114
222 291
223 194
224 159
225 295
226 262
227 119
228 154
229 154
230 119
231 118
232 154
233 262
234 154
235 262
236 295
237 115
238 205
239 119
240 262
241 295
242 316
243 154
244 351
245 154
246 134
247 119
248 246
249 15
250 91
251 344
252 291
253 302
254 154
255 334
256 246
257 154
258 281
259 154
260 122
261 3
262 16
263 306
264 257
265 45
266 85
267 299
268 47
269 115
270 154
271 17
272 295
273 154
274 246
275 262
276 277
277 105
278 281
279 154
280 281
281 119
282 215
283 351
284 91
285 119
286 118
287 154
288 302
289 281
290 115
291 281
292 154
293 281
294 154
295 91
296 277
297 215
298 252
299 154
300 295
301 90
302 262
303 154
304 135
305 177
306 327
307 336
308 91
309 334
310 143
311 119
312 119
313 262
314 291
315 97
316 115
317 215
318 295
319 181
320 119
321 244
322 258
323 291
324 176
325 18
326 115
327 262
328 281
329 194
330 154
331 267
332 246
333 91
334 223
335 291
336 19
337 154
338 295
339 115
340 70
341 302
342 262
343 37
344 153
345 262
346 21
347 295
348 77
349 170
350 295
351 114
352 169
353 91
354 154
355 154
356 177
357 246
358 115
359 246
360 22
361 295
362 242
363 295
364 262
365 246
366 258
367 246
368 246
369 24
370 119
371 246
372 281
373 154
374 84
375 46
376 291
377 119
378 119
379 295
380 154
381 246
382 295
383 182
384 281
385 119
386 62
387 154
388 295
389 177
390 295
391 154
392 281
393 223
394 291
395 254
396 215
397 262
398 295
399 132
400 91
401 281
402 25
403 295
404 154
405 194
406 318
407 154
408 154
409 91
410 281
411 115
412 295
413 154
414 133
415 154
416 284
417 287
418 246
419 54
420 291
421 1
422 115
423 115
424 5
425 295
426 26
427 313
428 115
429 91
430 302
431 347
432 246
433 91
434 215
435 36
436 151
437 27
438 262
439 334
440 154
441 246
442 91
443 246
444 261
445 262
446 295
447 137
448 45
449 22
450 281
451 154
452 119
453 154
454 135
455 295
456 262
457 262
458 291
459 154
460 63
461 154
462 246
463 277
464 154
465 340
466 169
467 154
468 302
469 119
470 281
471 322
472 247
473 89
474 291
475 161
476 322
477 119
478 119
479 182
480 91
481 262
482 281
483 154
484 154
485 246
486 304
487 246
488 281
489 154
490 223
491 246
492 246
493 262
494 215
495 96
496 70
497 295
498 115
499 262
500 154
501 262
502 154
503 205
504 334
505 32
506 262
507 154
508 115
509 119
510 231
511 91
512 246
513 115
514 33
515 295
516 246
517 284
518 313
519 115
520 281
521 199
522 348
523 262
524 200
525 262
526 17
527 262
528 35
529 154
530 36
531 194
532 262
533 119
534 183
535 154
536 154
537 262
538 246
539 53
540 91
541 246
542 38
543 115
544 223
545 154
546 39
547 196
548 154
549 154
550 262
551 251
552 115
553 215
554 246
555 262
556 91
557 154
558 246
559 262
560 248
561 105
562 291
563 115
564 295
565 205
566 215
567 295
568 119
569 334
570 262
571 223
572 281
573 338
574 91
575 262
576 74
577 281
578 42
579 115
580 295
581 115
582 52
583 43
584 194
585 281
586 91
587 295
588 258
589 334
590 253
591 44
592 277
593 313
594 238
595 45
596 295
597 308
598 200
599 322
600 262
601 184
602 194
603 119
604 281
605 154
606 295
607 291
608 265
609 302
610 74
611 91
612 135
613 295
614 295
615 115
616 334
617 36
618 177
619 205
620 194
621 215
622 258
623 115
624 65
625 111
626 114
627 198
628 246
629 154
630 115
631 154
632 262
633 295
634 119
635 291
636 246
637 154
638 115
639 261
640 281
641 262
642 215
643 258
644 277
645 26
646 334
647 246
648 262
649 115
650 291
651 47
652 115
653 119
654 246
655 101
656 154
657 194
658 91
659 115
660 291
661 291
662 140
663 91
664 205
665 246
666 119
667 115
668 302
669 154
670 119
671 154
672 281
673 154
674 262
675 310
676 119
677 154
678 302
679 141
680 281
681 53
682 246
683 154
684 225
685 25
686 223
687 262
688 91
689 302
690 69
691 154
692 169
693 188
694 303
695 360
696 348
697 52
698 49
699 258
700 91
701 119
702 281
703 154
704 215
705 115
706 154
707 258
708 91
709 25
710 131
711 324
712 262
713 295
714 177
715 154
716 291
717 173
718 334
719 91
720 246
721 313
722 91
723 154
724 65
725 154
726 281
727 154
728 154
729 246
730 91
731 91
732 281
733 352
734 352
735 348
736 154
737 258
738 91
739 261
740 262
741 284
742 51
743 322
744 295
745 295
746 262
747 334
748 119
749 231
750 247
751 119
752 154
753 91
754 281
755 154
756 154
757 245
758 52
759 154
760 154
761 119
762 281
763 258
764 91
765 154
766 175
767 246
768 115
769 206
770 54
771 281
772 349
773 281
774 247
775 1
776 65
777 247
778 246
779 91
780 119
781 246
782 200
783 154
784 247
785 102
786 119
787 28
788 154
789 91
790 295
791 193
792 132
793 360
794 154
795 174
796 196
797 215
798 246
799 267
800 55
801 277
802 291
803 291
804 169
805 262
806 113
807 56
808 262
809 115
810 57
811 262
812 295
813 170
814 91
815 262
816 88
817 115
818 135
819 115
820 3
821 154
822 20
823 91
824 258
825 281
826 58
827 215
828 115
829 91
830 75
831 281
832 281
833 262
834 91
835 59
836 115
837 211
838 242
839 246
840 213
841 185
842 343
843 91
844 281
845 215
846 53
847 246
848 60
849 230
850 246
851 246
852 61
853 115
854 1
855 262
856 205
857 115
858 223
859 281
860 281
861 115
862 246
863 194
864 277
865 334
866 277
867 246
868 281
869 139
870 154
871 246
872 214
873 277
874 75
875 291
876 147
877 154
878 184
879 141
880 119
881 50
882 154
883 262
884 295
885 281
886 205
887 91
888 1
889 291
890 262
891 119
892 281
893 115
894 91
895 230
896 348
897 154
898 154
899 119
900 91
901 262
902 91
903 246
904 291
905 199
906 154
907 262
908 225
909 85
910 119
911 119
912 154
913 154
914 154
915 154
916 154
917 334
918 91
919 115
920 295
921 154
922 295
923 79
924 262
925 154
926 66
927 262
928 119
929 154
930 154
931 218
932 154
933 262
934 295
935 246
936 91
937 154
938 262
939 295
940 66
941 348
942 272
943 98
944 67
945 76
946 302
947 144
948 91
949 262
950 52
951 91
952 291
953 115
954 295
955 326
956 91
957 119
958 291
959 41
960 154
961 154
962 154
963 154
964 295
965 291
966 262
967 210
968 28
969 70
970 154
971 281
972 2
973 154
974 334
975 154
976 154
977 277
978 246
979 313
980 252
981 154
982 65
983 281
984 281
985 262
986 295
987 154
988 295
989 291
990 334
991 281
992 281
993 148
994 135
995 154
996 84
997 74
998 154
999 246
1000 119
1001 334
1002 154
1003 262
1004 262
1005 246
1006 194
1007 68
1008 295
1009 199
1010 114
1011 1
1012 121
1013 154
1014 334
1015 262
1016 119
1017 262
1018 262
1019 154
1020 246
1021 205
1022 262
1023 58
1024 291
1025 119
1026 322
1027 7
1028 262
1029 70
1030 154
1031 240
1032 177
1033 119
1034 313
1035 262
1036 246
1037 154
1038 332
1039 176
1040 119
1041 295
1042 246
1043 205
1044 295
1045 71
1046 28
1047 91
1048 281
1049 246
1050 246
1051 153
1052 154
1053 246
1054 334
1055 72
1056 281
1057 246
1058 295
1059 154
1060 154
1061 246
1062 262
1063 65
1064 246
1065 302
1066 115
1067 91
1068 258
1069 262
1070 334
1071 245
1072 295
1073 159
1074 73
1075 91
1076 246
1077 291
1078 115
1079 28
1080 295
1081 154
1082 91
1083 231
1084 74
1085 119
1086 1
1087 295
1088 149
1089 262
1090 65
1091 169
1092 262
1093 246
1094 154
1095 115
1096 262
1097 281
1098 226
1099 194
1100 281
1101 154
1102 19
1103 360
1104 119
1105 114
1106 302
1107 119
1108 1
1109 291
1110 119
1111 334
1112 119
1113 135
1114 154
1115 334
1116 115
1117 76
1118 115
1119 91
1120 262
1121 115
1122 315
1123 311
1124 154
1125 119
1126 154
1127 119
1128 154
1129 317
1130 295
1131 125
1132 149
1133 75
1134 154
1135 295
1136 262
1137 154
1138 119
1139 199
1140 281
1141 281
1142 295
1143 91
1144 281
1145 246
1146 281
1147 119
1148 119
1149 125
1150 119
1151 154
1152 262
1153 119
1154 258
1155 91
1156 144
1157 281
1158 28
1159 334
1160 228
1161 291
1162 281
1163 154
1164 247
1165 215
1166 119
1167 36
1168 119
1169 323
1170 19
1171 262
1172 60
1173 295
1174 154
1175 46
1176 231
1177 281
1178 281
1179 154
1180 291
1181 281
1182 78
1183 115
1184 91
1185 295
1186 258
1187 153
1188 18
1189 115
1190 262
1191 152
1192 246
1193 119
1194 256
1195 191
1196 281
1197 321
1198 325
1199 291
1200 281
1201 334
1202 261
1203 91
1204 79
1205 281
1206 315
1207 205
1208 281
1209 119
1210 154
1211 69
1212 281
1213 119
1214 66
1215 197
1216 119
1217 215
1218 281
1219 140
1220 154
1221 28
1222 154
1223 154
1224 182
1225 132
1226 154
1227 119
1228 246
1229 91
1230 119
1231 291
1232 281
1233 91
1234 28
1235 295
1236 308
1237 323
1238 291
1239 154
1240 295
1241 194
1242 246
1243 119
1244 154
1245 194
1246 128
1247 119
1248 247
1249 262
1250 154
1251 284
1252 246
1253 169
1254 246
1255 154
1256 246
1257 91
1258 262
1259 340
1260 262
1261 262
1262 154
1263 82
1264 215
1265 194
1266 52
1267 295
1268 194
1269 246
1270 246
1271 91
1272 154
1273 121
1274 154
1275 75
1276 28
1277 284
1278 295
1279 91
1280 291
1281 291
1282 190
1283 36
1284 295
1285 115
1286 295
1287 52
1288 201
1289 48
1290 126
1291 262
1292 324
1293 154
1294 231
1295 246
1296 283
1297 154
1298 83
1299 154
1300 246
1301 115
1302 281
1303 115
1304 329
1305 258
1306 262
1307 116
1308 245
1309 115
1310 154
1311 295
1312 154
1313 281
1314 91
1315 119
1316 89
1317 246
1318 295
1319 154
1320 247
1321 199
1322 115
1323 262
1324 28
1325 91
1326 115
1327 119
1328 246
1329 246
1330 139
1331 281
1332 154
1333 246
1334 348
1335 154
1336 317
1337 54
1338 91
1339 246
1340 125
1341 246
1342 135
1343 281
1344 281
1345 281
1346 323
1347 154
1348 119
1349 74
1350 262
1351 154
1352 334
1353 285
1354 119
1355 166
1356 246
1357 91
1358 154
1359 295
1360 277
1361 85
1362 154
1363 281
1364 262
1365 295
1366 86
1367 28
1368 102
1369 262
1370 87
1371 246
1372 261
1373 194
1374 295
1375 200
1376 154
1377 295
1378 291
1379 154
1380 75
1381 215
1382 91
1383 226
1384 81
1385 3
1386 295
1387 281
1388 117
1389 154
1390 29
1391 137
1392 262
1393 154
1394 115
1395 154
1396 154
1397 258
1398 154
1399 88
1400 154
1401 91
1402 246
1403 75
1404 91
1405 154
1406 154
1407 90
1408 258
1409 281
1410 298
1411 313
1412 261
1413 247
1414 246
1415 316
1416 230
1417 168
1418 259
1419 295
1420 154
1421 91
1422 91
1423 262
1424 262
1425 154
1426 246
1427 291
1428 154
1429 281
1430 246
1431 154
1432 28
1433 232
1434 267
1435 317
1436 154
1437 91
1438 198
1439 322
1440 274
1441 52
1442 261
1443 154
1444 87
1445 116
1446 154
1447 247
1448 61
1449 271
1450 154
1451 205
1452 193
1453 9
1454 330
1455 285
1456 200
1457 107
1458 91
1459 115
1460 281
1461 115
1462 262
1463 1
1464 154
1465 91
1466 91
1467 334
1468 92
1469 246
1470 246
1471 177
1472 281
1473 334
1474 262
1475 291
1476 154
1477 2
1478 91
1479 94
1480 262
1481 281
1482 334
1483 324
1484 154
1485 154
1486 68
1487 174
1488 295
1489 291
1490 300
1491 154
1492 244
1493 115
1494 115
1495 9
1496 81
1497 115
1498 91
1499 194
1500 357
1501 154
1502 281
1503 154
1504 291
1505 302
1506 246
1507 309
1508 115
1509 91
1510 154
1511 246
1512 127
1513 262
1514 322
1515 260
1516 114
1517 119
1518 119
1519 119
1520 262
1521 115
1522 96
1523 115
1524 194
1525 97
1526 291
1527 91
1528 211
1529 5
1530 262
1531 36
1532 154
1533 121
1534 215
1535 291
1536 115
1537 295
1538 262
1539 295
1540 231
1541 295
1542 99
1543 154
1544 91
1545 154
1546 246
1547 295
1548 68
1549 291
1550 154
1551 334
1552 223
1553 262
1554 114
1555 115
1556 265
1557 91
1558 199
1559 295
1560 295
1561 103
1562 119
1563 154
1564 281
1565 154
1566 14
1567 154
1568 246
1569 262
1570 64
1571 74
1572 291
1573 295
1574 119
1575 187
1576 252
1577 154
1578 246
1579 281
1580 246
1581 99
1582 286
1583 215
1584 295
1585 247
1586 239
1587 281
1588 322
1589 154
1590 114
1591 119
1592 194
1593 262
1594 261
1595 169
1596 65
1597 262
1598 154
1599 295
1600 246
1601 281
1602 336
1603 154
1604 101
1605 281
1606 177
1607 200
1608 154
1609 295
1610 141
1611 295
1612 154
1613 119
1614 246
1615 322
1616 154
1617 154
1618 154
1619 261
1620 154
1621 263
1622 91
1623 154
1624 181
1625 247
1626 246
1627 277
1628 199
1629 153
1630 262
1631 291
1632 318
1633 91
1634 281
1635 361
1636 115
1637 154
1638 246
1639 154
1640 91
1641 91
1642 305
1643 281
1644 295
1645 154
1646 281
1647 154
1648 28
1649 91
1650 318
1651 262
1652 119
1653 262
1654 246
1655 231
1656 246
1657 115
1658 199
1659 154
1660 154
1661 277
1662 119
1663 295
1664 7
1665 295
1666 12
1667 291
1668 281
1669 23
1670 261
1671 215
1672 246
1673 277
1674 154
1675 334
1676 76
1677 114
1678 103
1679 295
1680 139
1681 1
1682 114
1683 114
1684 246
1685 154
1686 105
1687 313
1688 205
1689 323
1690 215
1691 281
1692 246
1693 154
1694 262
1695 262
1696 194
1697 154
1698 338
1699 119
1700 196
1701 154
1702 246
1703 169
1704 119
1705 115
1706 281
1707 119
1708 291
1709 281
1710 246
1711 352
1712 22
1713 106
1714 262
1715 281
1716 281
1717 291
1718 281
1719 246
1720 119
1721 74
1722 246
1723 108
1724 281
1725 281
1726 154
1727 354
1728 281
1729 154
1730 115
1731 203
1732 154
1733 102
1734 154
1735 115
1736 285
1737 219
1738 113
1739 281
1740 246
1741 291
1742 281
1743 169
1744 154
1745 154
1746 91
1747 91
1748 246
1749 295
1750 31
1751 119
1752 81
1753 340
1754 69
1755 91
1756 360
1757 154
1758 173
1759 28
1760 177
1761 246
1762 246
1763 231
1764 247
1765 4
1766 77
1767 215
1768 58
1769 346
1770 91
1771 246
1772 154
1773 262
1774 154
1775 154
1776 236
1777 177
1778 194
1779 281
1780 321
1781 295
1782 281
1783 305
1784 91
1785 115
1786 262
1787 119
1788 131
1789 246
1790 91
1791 295
1792 334
1793 223
1794 281
1795 246
1796 298
1797 115
1798 262
1799 295
1800 281
1801 334
1802 262
1803 295
1804 262
1805 262
1806 91
1807 154
1808 295
1809 246
1810 246
1811 246
1812 199
1813 91
1814 247
1815 91
1816 295
1817 154
1818 110
1819 91
1820 291
1821 262
1822 111
1823 154
1824 246
1825 290
1826 119
1827 119
1828 262
1829 154
1830 291
1831 281
1832 246
1833 116
1834 115
1835 154
1836 241
1837 297
1838 119
1839 334
1840 113
1841 291
1842 286
1843 281
1844 199
1845 262
1846 246
1847 80
1848 119
1849 345
1850 115
1851 273
1852 91
1853 291
1854 281
1855 182
1856 74
1857 295
1858 281
1859 115
1860 91
1861 295
1862 115
1863 200
1864 284
1865 115
1866 246
1867 246
1868 194
1869 208
1870 231
1871 91
1872 315
1873 315
1874 295
1875 135
1876 91
1877 281
1878 40
1879 196
1880 291
1881 295
1882 298
1883 91
1884 91
1885 246
1886 31
1887 262
1888 295
1889 91
1890 295
1891 281
1892 262
1893 154
1894 196
1895 115
1896 223
1897 246
1898 116
1899 284
1900 154
1901 352
1902 44
1903 295
1904 291
1905 281
1906 246
1907 154
1908 115
1909 281
1910 247
1911 334
1912 205
1913 1
1914 348
1915 154
1916 246
1917 194
1918 154
1919 152
1920 154
1921 115
1922 125
1923 291
1924 291
1925 91
1926 91
1927 169
1928 302
1929 291
1930 91
1931 115
1932 334
1933 313
1934 115
1935 281
1936 154
1937 137
1938 154
1939 115
1940 281
1941 150
1942 265
1943 262
1944 352
1945 262
1946 262
1947 147
1948 69
1949 154
1950 114
1951 91
1952 252
1953 281
1954 295
1955 200
1956 180
1957 313
1958 132
1959 154
1960 74
1961 194
1962 154
1963 291
1964 91
1965 231
1966 281
1967 154
1968 154
1969 295
1970 120
1971 154
1972 281
1973 121
1974 28
1975 262
1976 154
1977 154
1978 154
1979 49
1980 246
1981 262
1982 246
1983 295
1984 295
1985 246
1986 281
1987 91
1988 119
1989 194
1990 122
1991 246
1992 142
1993 119
1994 258
1995 348
1996 154
1997 128
1998 123
1999 115
2000 246
2001 124
2002 115
2003 125
2004 154
2005 119
2006 246
2007 154
2008 246
2009 334
2010 262
2011 320
2012 322
2013 262
2014 281
2015 154
2016 295
2017 295
2018 126
2019 119
2020 351
2021 277
2022 295
2023 204
2024 250
2025 322
2026 91
2027 334
2028 115
2029 154
2030 281
2031 286
2032 91
2033 246
2034 194
2035 348
2036 91
2037 334
2038 115
2039 284
2040 262
2041 115
2042 197
2043 295
2044 286
2045 223
2046 360
2047 291
2048 281
2049 154
2050 246
2051 154
2052 174
2053 281
2054 334
2055 154
2056 246
2057 52
2058 361
2059 154
2060 128
2061 129
2062 154
2063 41
2064 262
2065 154
2066 115
2067 154
2068 91
2069 75
2070 295
2071 262
2072 281
2073 91
2074 130
2075 131
2076 296
2077 132
2078 291
2079 117
2080 246
2081 302
2082 91
2083 313
2084 134
2085 262
2086 91
2087 154
2088 119
2089 246
2090 246
2091 295
2092 194
2093 24
2094 346
2095 28
2096 135
2097 91
2098 248
2099 165
2100 154
2101 115
2102 65
2103 345
2104 154
2105 136
2106 120
2107 262
2108 295
2109 119
2110 91
2111 337
2112 246
2113 154
2114 154
2115 138
2116 327
2117 176
2118 154
2119 119
2120 333
2121 133
2122 91
2123 227
2124 91
2125 281
2126 28
2127 154
2128 291
2129 69
2130 258
2131 295
2132 154
2133 281
2134 281
2135 295
2136 334
2137 262
2138 51
2139 154
2140 262
2141 295
2142 9
2143 119
2144 1
2145 246
2146 266
2147 91
2148 132
2149 191
2150 119
2151 224
2152 313
2153 291
2154 281
2155 291
2156 154
2157 246
2158 154
2159 154
2160 322
2161 286
2162 267
2163 173
2164 154
2165 291
2166 291
2167 100
2168 154
2169 119
2170 281
2171 246
2172 154
2173 281
2174 246
2175 114
2176 141
2177 98
2178 277
2179 281
2180 246
2181 65
2182 318
2183 246
2184 281
2185 115
2186 119
2187 151
2188 115
2189 334
2190 154
2191 28
2192 105
2193 144
2194 154
2195 315
2196 295
2197 295
2198 191
2199 65
2200 145
2201 291
2202 281
2203 154
2204 62
2205 281
2206 154
2207 169
2208 246
2209 154
2210 154
2211 295
2212 216
2213 205
2214 291
2215 146
2216 261
2217 166
2218 154
2219 246
2220 302
2221 273
2222 246
2223 102
2224 154
2225 262
2226 262
2227 75
2228 102
2229 352
2230 281
2231 115
2232 154
2233 262
2234 295
2235 119
2236 132
2237 312
2238 148
2239 262
2240 295
2241 65
2242 295
2243 43
2244 119
2245 246
2246 246
2247 295
2248 281
2249 119
2250 237
2251 194
2252 246
2253 154
2254 281
2255 69
2256 154
2257 194
2258 316
2259 119
2260 295
2261 205
2262 154
2263 91
2264 150
2265 154
2266 25
2267 115
2268 115
2269 127
2270 285
2271 281
2272 205
2273 154
2274 63
2275 295
2276 119
2277 193
2278 246
2279 246
2280 295
2281 334
2282 313
2283 246
2284 91
2285 154
2286 12
2287 281
2288 74
2289 119
2290 74
2291 295
2292 154
2293 246
2294 26
2295 323
2296 262
2297 119
2298 152
2299 154
2300 154
2301 261
2302 154
2303 154
2304 119
2305 295
2306 281
2307 129
2308 281
2309 91
2310 295
2311 106
2312 291
2313 246
2314 262
2315 205
2316 119
2317 186
2318 295
2319 295
2320 281
2321 119
2322 215
2323 115
2324 115
2325 334
2326 231
2327 154
2328 19
2329 155
2330 91
2331 281
2332 291
2333 154
2334 10
2335 154
2336 28
2337 291
2338 262
2339 143
2340 262
2341 115
2342 281
2343 115
2344 258
2345 119
2346 262
2347 140
2348 156
2349 281
2350 154
2351 91
2352 91
2353 131
2354 115
2355 154
2356 91
2357 153
2358 154
2359 302
2360 154
2361 65
2362 154
2363 135
2364 119
2365 115
2366 28
2367 262
2368 157
2369 295
2370 262
2371 28
2372 240
2373 281
2374 91
2375 154
2376 119
2377 262
2378 119
2379 194
2380 167
2381 321
2382 334
2383 154
2384 115
2385 158
2386 275
2387 91
2388 220
2389 136
2390 215
2391 295
2392 160
2393 115
2394 246
2395 194
2396 277
2397 295
2398 281
2399 91
2400 115
2401 258
2402 119
2403 159
2404 112
2405 291
2406 154
2407 262
2408 274
2409 154
2410 109
2411 119
2412 154
2413 119
2414 154
2415 154
2416 154
2417 295
2418 91
2419 295
2420 200
2421 161
2422 108
2423 246
2424 93
2425 302
2426 295
2427 262
2428 119
2429 262
2430 246
2431 281
2432 345
2433 91
2434 262
2435 154
2436 281
2437 194
2438 205
2439 154
2440 163
2441 246
2442 119
2443 119
2444 91
2445 295
2446 154
2447 119
2448 291
2449 127
2450 91
2451 75
2452 154
2453 2
2454 262
2455 281
2456 115
2457 115
2458 165
2459 154
2460 281
2461 154
2462 143
2463 305
2464 154
2465 331
2466 247
2467 114
2468 154
2469 199
2470 295
2471 91
2472 285
2473 135
2474 334
2475 246
2476 246
2477 154
2478 111
2479 91
2480 246
2481 154
2482 247
2483 246
2484 324
2485 351
2486 215
2487 166
2488 64
2489 154
2490 281
2491 158
2492 262
2493 137
2494 295
2495 154
2496 65
2497 258
2498 308
2499 154
2500 168
2501 246
2502 262
2503 246
2504 291
2505 246
2506 302
2507 154
2508 262
2509 262
2510 91
2511 65
2512 231
2513 262
2514 154
2515 154
2516 295
2517 154
2518 115
2519 91
2520 167
2521 9
2522 16
2523 154
2524 156
2525 154
2526 115
2527 154
2528 262
2529 91
2530 91
2531 262
2532 295
2533 83
2534 264
2535 91
2536 154
2537 327
2538 119
2539 144
2540 119
2541 295
2542 281
2543 154
2544 281
2545 196
2546 154
2547 291
2548 265
2549 154
2550 281
2551 302
2552 119
2553 115
2554 313
2555 334
2556 247
2557 162
2558 281
2559 61
2560 156
2561 213
2562 215
2563 54
2564 65
2565 352
2566 315
2567 194
2568 262
2569 182
2570 281
2571 262
2572 154
2573 295
2574 135
2575 115
2576 262
2577 215
2578 80
2579 246
2580 246
2581 246
2582 246
2583 115
2584 75
2585 281
2586 289
2587 154
2588 176
2589 7
2590 154
2591 246
2592 246
2593 281
2594 291
2595 6
2596 262
2597 291
2598 169
2599 246
2600 154
2601 334
2602 119
2603 91
2604 126
2605 246
2606 51
2607 265
2608 178
2609 246
2610 171
2611 246
2612 281
2613 295
2614 205
2615 172
2616 246
2617 154
2618 154
2619 291
2620 119
2621 262
2622 262
2623 247
2624 352
2625 284
2626 262
2627 119
2628 291
2629 253
2630 246
2631 351
2632 154
2633 246
2634 262
2635 295
2636 291
2637 154
2638 191
2639 277
2640 284
2641 163
2642 68
2643 91
2644 281
2645 116
2646 53
2647 175
2648 176
2649 154
2650 194
2651 115
2652 154
2653 8
2654 291
2655 194
2656 56
2657 154
2658 119
2659 277
2660 74
2661 246
2662 154
2663 302
2664 135
2665 154
2666 177
2667 246
2668 177
2669 164
2670 178
2671 68
2672 141
2673 194
2674 91
2675 43
2676 352
2677 287
2678 281
2679 167
2680 327
2681 341
2682 348
2683 286
2684 318
2685 281
2686 154
2687 91
2688 258
2689 152
2690 262
2691 281
2692 154
2693 190
2694 246
2695 135
2696 314
2697 170
2698 91
2699 246
2700 65
2701 281
2702 114
2703 2
2704 154
2705 262
2706 179
2707 180
2708 305
2709 262
2710 334
2711 154
2712 35
2713 261
2714 291
2715 295
2716 119
2717 181
2718 154
2719 115
2720 115
2721 246
2722 246
2723 115
2724 313
2725 246
2726 91
2727 119
2728 169
2729 104
2730 115
2731 258
2732 246
2733 322
2734 115
2735 199
2736 107
2737 91
2738 119
2739 115
2740 154
2741 360
2742 115
2743 183
2744 230
2745 262
2746 177
2747 281
2748 182
2749 246
2750 185
2751 154
2752 107
2753 295
2754 291
2755 230
2756 154
2757 246
2758 115
2759 119
2760 261
2761 295
2762 291
2763 246
2764 119
2765 223
2766 119
2767 281
2768 281
2769 258
2770 205
2771 28
2772 246
2773 154
2774 69
2775 324
2776 115
2777 281
2778 262
2779 0
2780 255
2781 352
2782 91
2783 195
2784 91
2785 115
2786 123
2787 246
2788 154
2789 317
2790 91
2791 351
2792 246
2793 246
2794 9
2795 154
2796 154
2797 154
2798 266
2799 281
2800 115
2801 37
2802 246
2803 291
2804 262
2805 223
2806 246
2807 281
2808 164
2809 154
2810 167
2811 91
2812 262
2813 28
2814 27
2815 258
2816 155
2817 257
2818 221
2819 119
2820 215
2821 274
2822 119
2823 295
2824 91
2825 295
2826 115
2827 237
2828 291
2829 154
2830 186
2831 295
2832 74
2833 246
2834 154
2835 246
2836 291
2837 119
2838 119
2839 154
2840 28
2841 74
2842 154
2843 334
2844 215
2845 313
2846 176
2847 281
2848 115
2849 154
2850 247
2851 188
2852 295
2853 119
2854 91
2855 154
2856 154
2857 194
2858 169
2859 115
2860 115
2861 154
2862 115
2863 322
2864 291
2865 115
2866 91
2867 246
2868 205
2869 349
2870 189
2871 119
2872 262
2873 119
2874 295
2875 262
2876 262
2877 262
2878 119
2879 246
2880 154
2881 262
2882 115
2883 262
2884 154
2885 154
2886 194
2887 9
2888 281
2889 154
2890 192
2891 154
2892 119
2893 193
2894 154
2895 334
2896 302
2897 91
2898 91
2899 116
2900 106
2901 154
2902 181
2903 334
2904 246
2905 302
2906 154
2907 115
2908 154
2909 154
2910 352
2911 91
2912 66
2913 252
2914 119
2915 194
2916 281
2917 262
2918 91
2919 70
2920 119
2921 194
2922 281
2923 115
2924 206
2925 135
2926 246
2927 262
2928 230
2929 223
2930 193
2931 321
2932 150
2933 154
2934 154
2935 281
2936 262
2937 194
2938 277
2939 292
2940 92
2941 262
2942 154
2943 119
2944 91
2945 334
2946 281
2947 154
2948 91
2949 295
2950 262
2951 315
2952 154
2953 52
2954 295
2955 91
2956 351
2957 295
2958 205
2959 119
2960 123
2961 215
2962 295
2963 154
2964 154
2965 143
2966 295
2967 261
2968 261
2969 205
2970 334
2971 154
2972 154
2973 267
2974 154
2975 334
2976 154
2977 348
2978 94
2979 291
2980 262
2981 261
2982 115
2983 281
2984 119
2985 125
2986 334
2987 207
2988 281
2989 223
2990 277
2991 158
2992 299
2993 200
2994 9
2995 313
2996 291
2997 196
2998 65
2999 115
3000 246
3001 246
3002 291
3003 115
3004 262
3005 154
3006 246
3007 119
3008 295
3009 291
3010 154
3011 281
3012 51
3013 154
3014 91
3015 91
3016 154
3017 336
3018 223
3019 246
3020 262
3021 277
3022 313
3023 246
3024 53
3025 246
3026 115
3027 322
3028 69
3029 284
3030 197
3031 139
3032 284
3033 30
3034 91
3035 281
3036 295
3037 280
3038 302
3039 91
3040 119
3041 291
3042 291
3043 291
3044 91
3045 291
3046 119
3047 246
3048 246
3049 154
3050 246
3051 292
3052 119
3053 295
3054 334
3055 154
3056 154
3057 91
3058 291
3059 154
3060 246
3061 313
3062 258
3063 281
3064 352
3065 127
3066 198
3067 91
3068 91
3069 28
3070 215
3071 154
3072 171
3073 91
3074 191
3075 295
3076 154
3077 262
3078 335
3079 295
3080 154
3081 246
3082 295
3083 154
3084 154
3085 154
3086 291
3087 295
3088 281
3089 295
3090 194
3091 262
3092 75
3093 115
3094 91
3095 246
3096 262
3097 281
3098 201
3099 154
3100 154
3101 313
3102 194
3103 91
3104 37
3105 281
3106 176
3107 201
3108 154
3109 154
3110 153
3111 262
3112 247
3113 91
3114 31
3115 200
3116 119
3117 215
3118 91
3119 222
3120 154
3121 154
3122 202
3123 262
3124 119
3125 91
3126 91
3127 262
3128 154
3129 215
3130 177
3131 262
3132 91
3133 246
3134 203
3135 295
3136 277
3137 246
3138 262
3139 153
3140 28
3141 295
3142 199
3143 154
3144 168
3145 223
3146 234
3147 204
3148 291
3149 295
3150 334
3151 195
3152 91
3153 154
3154 154
3155 7
3156 246
3157 210
3158 246
3159 154
3160 313
3161 334
3162 28
3163 231
3164 205
3165 154
3166 182
3167 291
3168 262
3169 281
3170 154
3171 119
3172 246
3173 206
3174 258
3175 66
3176 262
3177 119
3178 334
3179 1
3180 247
3181 114
3182 295
3183 295
3184 119
3185 154
3186 154
3187 154
3188 226
3189 334
3190 91
3191 199
3192 262
3193 154
3194 218
3195 215
3196 154
3197 295
3198 119
3199 119
3200 246
3201 313
3202 154
3203 295
3204 261
3205 154
3206 281
3207 154
3208 334
3209 205
3210 313
3211 261
3212 302
3213 246
3214 223
3215 207
3216 295
3217 131
3218 246
3219 115
3220 119
3221 291
3222 291
3223 137
3224 295
3225 115
3226 278
3227 291
3228 91
3229 262
3230 291
3231 154
3232 208
3233 246
3234 291
3235 154
3236 91
3237 154
3238 76
3239 261
3240 295
3241 298
3242 300
3243 295
3244 119
3245 115
3246 3
3247 347
3248 262
3249 119
3250 52
3251 281
3252 91
3253 119
3254 131
3255 246
3256 312
3257 262
3258 154
3259 115
3260 119
3261 91
3262 262
3263 291
3264 154
3265 211
3266 230
3267 154
3268 212
3269 169
3270 91
3271 150
3272 115
3273 213
3274 262
3275 91
3276 262
3277 91
3278 258
3279 49
3280 340
3281 262
3282 154
3283 322
3284 21
3285 286
3286 112
3287 284
3288 91
3289 246
3290 295
3291 215
3292 200
3293 154
3294 215
3295 281
3296 91
3297 324
3298 194
3299 154
3300 154
3301 115
3302 65
3303 258
3304 154
3305 154
3306 258
3307 223
3308 246
3309 295
3310 74
3311 154
3312 214
3313 295
3314 281
3315 334
3316 119
3317 119
3318 154
3319 74
3320 154
3321 115
3322 281
3323 295
3324 119
3325 119
3326 223
3327 295
3328 281
3329 295
3330 281
3331 291
3332 91
3333 119
3334 262
3335 281
3336 115
3337 24
3338 281
3339 291
3340 91
3341 291
3342 175
3343 154
3344 154
3345 281
3346 217
3347 154
3348 295
3349 154
3350 284
3351 154
3352 154
3353 218
3354 246
3355 246
3356 91
3357 295
3358 246
3359 246
3360 295
3361 262
3362 295
3363 291
3364 262
3365 146
3366 154
3367 230
3368 154
3369 119
3370 219
3371 246
3372 154
3373 119
3374 281
3375 281
3376 273
3377 295
3378 327
3379 215
3380 246
3381 119
3382 119
3383 291
3384 154
3385 115
3386 154
3387 334
3388 29
3389 154
3390 194
3391 281
3392 262
3393 193
3394 91
3395 220
3396 291
3397 154
3398 56
3399 65
3400 11
3401 115
3402 281
3403 246
3404 154
3405 119
3406 128
3407 245
3408 262
3409 246
3410 262
3411 291
3412 54
3413 295
3414 262
3415 291
3416 262
3417 199
3418 201
3419 182
3420 295
3421 230
3422 246
3423 281
3424 154
3425 91
3426 281
3427 91
3428 91
3429 187
3430 115
3431 276
3432 247
3433 246
3434 154
3435 311
3436 154
3437 154
3438 262
3439 221
3440 115
3441 177
3442 154
3443 119
3444 205
3445 246
3446 75
3447 91
3448 295
3449 281
3450 246
3451 91
3452 91
3453 291
3454 73
3455 222
3456 154
3457 154
3458 205
3459 115
3460 86
3461 281
3462 295
3463 262
3464 205
3465 177
3466 281
3467 258
3468 331
3469 223
3470 246
3471 91
3472 258
3473 224
3474 281
3475 291
3476 246
3477 281
3478 154
3479 154
3480 168
3481 154
3482 40
3483 119
3484 323
3485 258
3486 28
3487 279
3488 119
3489 295
3490 262
3491 281
3492 215
3493 246
3494 291
3495 135
3496 119
3497 119
3498 281
3499 246
3500 246
3501 91
3502 246
3503 246
3504 113
3505 258
3506 246
3507 262
3508 154
3509 262
3510 281
3511 154
3512 119
3513 91
3514 246
3515 28
3516 169
3517 293
3518 34
3519 246
3520 135
3521 262
3522 295
3523 254
3524 281
3525 154
3526 154
3527 91
3528 226
3529 119
3530 91
3531 154
3532 329
3533 238
3534 334
3535 295
3536 177
3537 309
3538 154
3539 246
3540 246
3541 258
3542 2
3543 334
3544 291
3545 334
3546 34
3547 177
3548 200
3549 262
3550 111
3551 215
3552 119
3553 41
3554 20
3555 281
3556 115
3557 227
3558 228
3559 154
3560 313
3561 154
3562 154
3563 26
3564 91
3565 291
3566 52
3567 281
3568 135
3569 291
3570 229
3571 154
3572 246
3573 360
3574 291
3575 295
3576 246
3577 262
3578 91
3579 230
3580 262
3581 91
3582 291
3583 154
3584 277
3585 216
3586 28
3587 246
3588 295
3589 107
3590 154
3591 154
3592 91
3593 281
3594 119
3595 119
3596 246
3597 291
3598 277
3599 334
3600 246
3601 281
3602 65
3603 232
3604 154
3605 233
3606 75
3607 119
3608 246
3609 119
3610 154
3611 17
3612 115
3613 295
3614 209
3615 258
3616 115
3617 214
3618 295
3619 359
3620 115
3621 154
3622 226
3623 91
3624 323
3625 258
3626 154
3627 235
3628 131
3629 246
3630 176
3631 262
3632 115
3633 236
3634 154
3635 262
3636 281
3637 334
3638 144
3639 281
3640 291
3641 292
3642 141
3643 237
3644 295
3645 291
3646 291
3647 247
3648 115
3649 154
3650 194
3651 154
3652 91
3653 281
3654 334
3655 154
3656 238
3657 357
3658 246
3659 258
3660 246
3661 115
3662 74
3663 154
3664 14
3665 262
3666 281
3667 215
3668 154
3669 246
3670 135
3671 91
3672 295
3673 28
3674 154
3675 65
3676 262
3677 239
3678 246
3679 159
3680 262
3681 352
3682 115
3683 137
3684 215
3685 337
3686 295
3687 262
3688 91
3689 4
3690 52
3691 7
3692 262
3693 112
3694 154
3695 241
3696 235
3697 23
3698 291
3699 295
3700 281
3701 246
3702 91
3703 91
3704 260
3705 91
3706 65
3707 150
3708 242
3709 281
3710 91
3711 119
3712 246
3713 277
3714 291
3715 262
3716 336
3717 247
3718 302
3719 291
3720 246
3721 262
3722 243
3723 119
3724 353
3725 177
3726 345
3727 81
3728 114
3729 194
3730 246
3731 291
3732 281
3733 89
3734 154
3735 91
3736 154
3737 215
3738 281
3739 119
3740 154
3741 194
3742 281
3743 245
3744 291
3745 172
3746 154
3747 246
3748 200
3749 194
3750 291
3751 215
3752 262
3753 246
3754 281
3755 246
3756 262
3757 52
3758 281
3759 54
3760 154
3761 91
3762 154
3763 258
3764 246
3765 295
3766 277
3767 91
3768 154
3769 246
3770 119
3771 194
3772 295
3773 246
3774 295
3775 246
3776 91
3777 246
3778 91
3779 182
3780 281
3781 26
3782 248
3783 119
3784 119
3785 199
3786 246
3787 215
3788 65
3789 295
3790 91
3791 249
3792 246
3793 215
3794 154
3795 154
3796 291
3797 115
3798 107
3799 115
3800 262
3801 223
3802 262
3803 281
3804 281
3805 115
3806 91
3807 246
3808 246
3809 9
3810 154
3811 154
3812 281
3813 246
3814 284
3815 262
3816 112
3817 246
3818 154
3819 154
3820 262
3821 199
3822 281
3823 57
3824 246
3825 295
3826 246
3827 334
3828 262
3829 250
3830 317
3831 295
3832 119
3833 158
3834 119
3835 251
3836 313
3837 100
3838 281
3839 313
3840 143
3841 154
3842 37
3843 246
3844 119
3845 252
3846 245
3847 119
3848 291
3849 214
3850 295
3851 258
3852 154
3853 154
3854 119
3855 262
3856 205
3857 281
3858 295
3859 91
3860 119
3861 91
3862 246
3863 246
3864 75
3865 302
3866 154
3867 262
3868 91
3869 246
3870 322
3871 65
3872 281
3873 53
3874 258
3875 65
3876 154
3877 291
3878 334
3879 95
3880 17
3881 191
3882 321
3883 119
3884 116
3885 281
3886 277
3887 200
3888 91
3889 334
3890 281
3891 262
3892 258
3893 154
3894 246
3895 255
3896 154
3897 154
3898 256
3899 68
3900 257
3901 119
3902 107
3903 291
3904 262
3905 115
3906 169
3907 246
3908 91
3909 31
3910 154
3911 78
3912 194
3913 277
3914 114
3915 262
3916 154
3917 115
3918 91
3919 348
3920 246
3921 258
3922 91
3923 91
3924 3
3925 358
3926 246
3927 230
3928 281
3929 196
3930 281
3931 246
3932 291
3933 313
3934 154
3935 119
3936 154
3937 154
3938 154
3939 91
3940 154
3941 246
3942 284
3943 194
3944 95
3945 93
3946 295
3947 292
3948 30
3949 154
3950 261
3951 246
3952 154
3953 154
3954 295
3955 281
3956 154
3957 154
3958 119
3959 262
3960 262
3961 91
3962 262
3963 246
3964 291
3965 205
3966 3
3967 196
3968 281
3969 154
3970 281
3971 119
3972 119
3973 246
3974 295
3975 91
3976 246
3977 154
3978 281
3979 169
3980 119
3981 194
3982 28
3983 52
3984 169
3985 262
3986 281
3987 28
3988 91
3989 295
3990 295
3991 183
3992 295
3993 52
3994 243
3995 154
3996 262
3997 322
3998 115
3999 281
4000 247
4001 334
4002 281
4003 154
4004 352
4005 196
4006 74
4007 237
4008 114
4009 262
4010 264
4011 56
4012 295
4013 119
4014 91
4015 295
4016 154
4017 265
4018 25
4019 262
4020 246
4021 302
4022 154
4023 252
4024 313
4025 295
4026 246
4027 87
4028 115
4029 287
4030 76
4031 104
4032 246
4033 223
4034 246
4035 281
4036 295
4037 91
4038 334
4039 262
4040 119
4041 355
4042 1
4043 266
4044 154
4045 12
4046 154
4047 187
4048 15
4049 119
4050 202
4051 268
4052 119
4053 281
4054 205
4055 295
4056 115
4057 72
4058 246
4059 295
4060 261
4061 295
4062 114
4063 355
4064 292
4065 295
4066 295
4067 277
4068 115
4069 154
4070 284
4071 301
4072 91
4073 6
4074 169
4075 295
4076 91
4077 360
4078 262
4079 125
4080 313
4081 111
4082 231
4083 154
4084 281
4085 135
4086 262
4087 246
4088 50
4089 258
4090 360
4091 115
4092 278
4093 262
4094 91
4095 140
4096 200
4097 281
4098 260
4099 154
4100 269
4101 154
4102 119
4103 153
4104 262
4105 115
4106 291
4107 270
4108 154
4109 132
4110 262
4111 91
4112 262
4113 154
4114 91
4115 154
4116 271
4117 119
4118 68
4119 281
4120 28
4121 272
4122 154
4123 154
4124 262
4125 119
4126 75
4127 119
4128 274
4129 267
4130 295
4131 246
4132 262
4133 247
4134 295
4135 295
4136 115
4137 177
4138 110
4139 215
4140 246
4141 192
4142 334
4143 281
4144 91
4145 275
4146 135
4147 119
4148 125
4149 291
4150 276
4151 277
4152 154
4153 154
4154 295
4155 125
4156 281
4157 279
4158 281
4159 262
4160 154
4161 154
4162 281
4163 115
4164 291
4165 102
4166 28
4167 262
4168 119
4169 262
4170 115
4171 281
4172 255
4173 154
4174 154
4175 205
4176 27
4177 154
4178 281
4179 205
4180 91
4181 262
4182 91
4183 295
4184 281
4185 360
4186 246
4187 28
4188 91
4189 246
4190 154
4191 91
4192 154
4193 246
4194 115
4195 91
4196 291
4197 246
4198 280
4199 281
4200 324
4201 205
4202 282
4203 115
4204 262
4205 246
4206 262
4207 247
4208 262
4209 351
4210 91
4211 115
4212 154
4213 18
4214 191
4215 91
4216 349
4217 119
4218 246
4219 281
4220 277
4221 246
4222 34
4223 154
4224 154
4225 52
4226 154
4227 91
4228 154
4229 154
4230 91
4231 154
4232 291
4233 281
4234 119
4235 91
4236 154
4237 281
4238 115
4239 218
4240 262
4241 154
4242 81
4243 119
4244 154
4245 115
4246 119
4247 291
4248 295
4249 281
4250 119
4251 295
4252 194
4253 119
4254 285
4255 28
4256 246
4257 286
4258 287
4259 281
4260 167
4261 291
4262 319
4263 288
4264 246
4265 91
4266 154
4267 246
4268 97
4269 291
4270 59
4271 191
4272 351
4273 154
4274 289
4275 154
4276 295
4277 247
4278 91
4279 291
4280 115
4281 295
4282 154
4283 334
4284 246
4285 317
4286 295
4287 291
4288 91
4289 295
4290 154
4291 154
4292 113
4293 91
4294 193
4295 154
4296 114
4297 154
4298 295
4299 290
4300 295
4301 262
4302 258
4303 154
4304 262
4305 154
4306 215
4307 159
4308 114
4309 281
4310 246
4311 115
4312 302
4313 154
4314 154
4315 322
4316 194
4317 116
4318 162
4319 262
4320 112
4321 246
4322 292
4323 295
4324 169
4325 119
4326 154
4327 169
4328 281
4329 246
4330 154
4331 281
4332 82
4333 331
4334 246
4335 154
4336 215
4337 246
4338 281
4339 137
4340 91
4341 159
4342 293
4343 205
4344 28
4345 199
4346 246
4347 135
4348 294
4349 194
4350 246
4351 247
4352 169
4353 154
4354 154
4355 177
4356 295
4357 295
4358 91
4359 281
4360 91
4361 262
4362 291
4363 102
4364 28
4365 146
4366 115
4367 119
4368 135
4369 154
4370 295
4371 291
4372 246
4373 238
4374 154
4375 342
4376 295
4377 173
4378 334
4379 154
4380 154
4381 281
4382 281
4383 246
4384 296
4385 297
4386 154
4387 285
4388 351
4389 302
4390 262
4391 52
4392 119
4393 40
4394 295
4395 246
4396 34
4397 247
4398 130
4399 334
4400 184
4401 258
4402 295
4403 115
4404 291
4405 91
4406 282
4407 154
4408 281
4409 292
4410 154
4411 246
4412 91
4413 115
4414 281
4415 13
4416 262
4417 154
4418 340
4419 135
4420 105
4421 298
4422 246
4423 115
4424 287
4425 281
4426 1
4427 154
4428 154
4429 246
4430 154
4431 281
4432 154
4433 115
4434 295
4435 355
4436 300
4437 239
4438 194
4439 246
4440 198
4441 91
4442 154
4443 323
4444 310
4445 215
4446 91
4447 135
4448 291
4449 167
4450 91
4451 301
4452 199
4453 117
4454 108
4455 154
4456 123
4457 119
4458 194
4459 154
4460 79
4461 322
4462 119
4463 154
4464 262
4465 112
4466 109
4467 154
4468 91
4469 281
4470 246
4471 154
4472 91
4473 205
4474 105
4475 291
4476 133
4477 154
4478 351
4479 91
4480 154
4481 91
4482 115
4483 212
4484 115
4485 324
4486 246
4487 246
4488 348
4489 291
4490 261
4491 277
4492 295
4493 262
4494 281
4495 313
4496 119
4497 119
4498 114
4499 174
4500 262
4501 91
4502 281
4503 303
4504 141
4505 281
4506 68
4507 119
4508 334
4509 91
4510 166
4511 119
4512 281
4513 304
4514 246
4515 246
4516 205
4517 246
4518 194
4519 115
4520 292
4521 281
4522 246
4523 335
4524 295
4525 246
4526 154
4527 111
4528 154
4529 154
4530 295
4531 295
4532 262
4533 281
4534 45
4535 199
4536 199
4537 154
4538 65
4539 262
4540 246
4541 119
4542 119
4543 135
4544 291
4545 154
4546 91
4547 133
4548 295
4549 91
4550 305
4551 350
4552 154
4553 218
4554 194
4555 154
4556 154
4557 281
4558 154
4559 156
4560 285
4561 91
4562 306
4563 2
4564 140
4565 115
4566 291
4567 119
4568 154
4569 295
4570 246
4571 291
4572 135
4573 246
4574 154
4575 295
4576 261
4577 307
4578 262
4579 279
4580 262
4581 194
4582 262
4583 154
4584 205
4585 154
4586 281
4587 295
4588 291
4589 115
4590 91
4591 302
4592 154
4593 119
4594 154
4595 281
4596 119
4597 154
4598 154
4599 295
4600 281
4601 154
4602 262
4603 270
4604 119
4605 91
4606 91
4607 261
4608 262
4609 352
4610 119
4611 246
4612 82
4613 115
4614 154
4615 37
4616 258
4617 91
4618 154
4619 114
4620 196
4621 291
4622 298
4623 71
4624 135
4625 10
4626 138
4627 91
4628 119
4629 246
4630 308
4631 20
4632 119
4633 91
4634 310
4635 154
4636 258
4637 119
4638 281
4639 196
4640 154
4641 91
4642 105
4643 205
4644 154
4645 313
4646 299
4647 262
4648 135
4649 291
4650 246
4651 281
4652 154
4653 295
4654 295
4655 55
4656 32
4657 154
4658 295
4659 115
4660 294
4661 281
4662 34
4663 115
4664 154
4665 119
4666 119
4667 91
4668 154
4669 314
4670 246
4671 154
4672 9
4673 115
4674 339
4675 154
4676 281
4677 6
4678 334
4679 262
4680 316
4681 233
4682 295
4683 91
4684 291
4685 91
4686 157
4687 154
4688 246
4689 205
4690 154
4691 246
4692 347
4693 158
4694 268
4695 154
4696 177
4697 154
4698 258
4699 262
4700 262
4701 115
4702 327
4703 302
4704 281
4705 159
4706 124
4707 154
4708 28
4709 49
4710 119
4711 154
4712 91
4713 295
4714 317
4715 246
4716 246
4717 285
4718 154
4719 48
4720 35
4721 302
4722 154
4723 154
4724 281
4725 334
4726 246
4727 154
4728 91
4729 150
4730 116
4731 91
4732 291
4733 329
4734 135
4735 246
4736 281
4737 115
4738 155
4739 323
4740 194
4741 205
4742 259
4743 154
4744 246
4745 119
4746 137
4747 80
4748 281
4749 262
4750 119
4751 91
4752 182
4753 262
4754 152
4755 19
4756 154
4757 324
4758 318
4759 246
4760 54
4761 295
4762 91
4763 115
4764 240
4765 65
4766 154
4767 154
4768 319
4769 246
4770 91
4771 262
4772 320
4773 154
4774 119
4775 119
4776 119
4777 321
4778 119
4779 205
4780 91
4781 246
4782 262
4783 246
4784 119
4785 154
4786 194
4787 112
4788 154
4789 37
4790 119
4791 182
4792 281
4793 230
4794 154
4795 205
4796 76
4797 111
4798 273
4799 169
4800 277
4801 154
4802 154
4803 246
4804 107
4805 119
4806 307
4807 139
4808 291
4809 105
4810 91
4811 169
4812 246
4813 246
4814 246
4815 9
4816 323
4817 215
4818 247
4819 246
4820 295
4821 281
4822 169
4823 291
4824 258
4825 91
4826 119
4827 347
4828 334
4829 74
4830 91
4831 217
4832 53
4833 119
4834 246
4835 74
4836 262
4837 119
4838 334
4839 262
4840 154
4841 215
4842 74
4843 80
4844 324
4845 147
4846 262
4847 295
4848 52
4849 154
4850 295
4851 281
4852 262
4853 281
4854 119
4855 325
4856 215
4857 262
4858 115
4859 154
4860 287
4861 115
4862 295
4863 125
4864 295
4865 291
4866 277
4867 154
4868 91
4869 246
4870 291
4871 356
4872 262
4873 114
4874 326
4875 281
4876 170
4877 119
4878 115
4879 291
4880 299
4881 154
4882 199
4883 77
4884 150
4885 119
4886 291
4887 262
4888 347
4889 291
4890 328
4891 154
4892 91
4893 173
4894 258
4895 154
4896 169
4897 281
4898 295
4899 251
4900 329
4901 115
4902 187
4903 119
4904 154
4905 313
4906 115
4907 28
4908 295
4909 340
4910 114
4911 119
4912 154
4913 144
4914 246
4915 330
4916 154
4917 191
4918 262
4919 119
4920 332
4921 154
4922 281
4923 281
4924 115
4925 281
4926 91
4927 258
4928 119
4929 295
4930 281
4931 295
4932 302
4933 333
4934 295
4935 91
4936 65
4937 65
4938 246
4939 230
4940 91
4941 154
4942 215
4943 246
4944 154
4945 246
4946 119
4947 91
4948 194
4949 334
4950 229
4951 263
4952 295
4953 281
4954 115
4955 67
4956 119
4957 214
4958 215
4959 281
4960 298
4961 246
4962 36
4963 91
4964 91
4965 154
4966 110
4967 262
4968 154
4969 334
4970 154
4971 302
4972 154
4973 154
4974 295
4975 262
4976 167
4977 215
4978 262
4979 41
4980 295
4981 113
4982 246
4983 246
4984 295
4985 262
4986 160
4987 295
4988 147
4989 262
4990 295
4991 334
4992 119
4993 246
4994 9
4995 158
4996 119
4997 115
4998 313
4999 154
5000 49
5001 246
5002 154
5003 258
5004 154
5005 115
5006 339
5007 292
5008 215
5009 98
5010 33
5011 246
5012 91
5013 262
5014 295
5015 142
5016 154
5017 341
5018 334
5019 3
5020 249
5021 262
5022 295
5023 115
5024 215
5025 342
5026 246
5027 119
5028 115
5029 119
5030 262
5031 231
5032 154
5033 344
5034 313
5035 20
5036 281
5037 154
5038 115
5039 246
5040 329
5041 246
5042 154
5043 91
5044 345
5045 358
5046 119
5047 262
5048 115
5049 262
5050 115
5051 291
5052 91
5053 258
5054 66
5055 205
5056 281
5057 281
5058 246
5059 9
5060 91
5061 119
5062 262
5063 154
5064 291
5065 295
5066 91
5067 154
5068 223
5069 9
5070 295
5071 154
5072 346
5073 113
5074 119
5075 1
5076 246
5077 154
5078 291
5079 262
5080 347
5081 334
5082 139
5083 205
5084 281
5085 334
5086 265
5087 5
5088 181
5089 246
5090 246
5091 209
5092 334
5093 154
5094 154
5095 334
5096 154
5097 119
5098 154
5099 242
5100 281
5101 246
5102 7
5103 291
5104 154
5105 154
5106 281
5107 49
5108 258
5109 91
5110 349
5111 194
5112 313
5113 28
5114 334
5115 262
5116 262
5117 76
5118 154
5119 350
5120 262
5121 139
5122 119
5123 154
5124 42
5125 91
5126 205
5127 302
5128 154
5129 310
5130 246
5131 91
5132 281
5133 91
5134 91
5135 281
5136 295
5137 328
5138 169
5139 246
5140 119
5141 177
5142 281
5143 169
5144 167
5145 162
5146 154
5147 352
5148 262
5149 295
5150 355
5151 302
5152 281
5153 145
5154 154
5155 115
5156 154
5157 334
5158 295
5159 215
5160 323
5161 119
5162 194
5163 262
5164 154
5165 65
5166 214
5167 154
5168 334
5169 154
5170 66
5171 91
5172 334
5173 277
5174 194
5175 230
5176 231
5177 154
5178 353
5179 295
5180 115
5181 295
5182 262
5183 28
5184 281
5185 246
5186 246
5187 215
5188 154
5189 295
5190 191
5191 354
5192 281
5193 154
5194 115
5195 281
5196 340
5197 295
5198 154
5199 295
5200 356
5201 246
5202 295
5203 154
5204 357
5205 290
5206 295
5207 246
5208 154
5209 154
5210 199
5211 169
5212 246
5213 91
5214 358
5215 135
5216 321
5217 359
5218 295
5219 154
5220 322
5221 273
5222 360
5223 154
5224 262
5225 246
5226 31
5227 39
5228 9
5229 295
5230 9
5231 169
5232 317
5233 281
5234 154
5235 114
5236 361
5237 262
5238 291
5239 283
5240 103
5241 281
5242 102
5243 291
5244 246
5245 291
5246 281
5247 119
5248 262
5249 91
5250 154
5251 313
5252 281
5253 119
