1	0.007211538461538461	10	2557	4318	5145
2	0.000759109311740891	12	34	199	733	734	1711	1901	1944	2229	2565	2624	2676	2781	2910	3064	3681	4004	4609	5147
3	0.004807692307692307	18	1941	2264	2932	3271	3707	4729	4884
4	0.0015947467166979384	19	25	98	118	253	288	341	430	468	609	668	678	689	946	1065	1106	1505	1928	2081	2220	2359	2425	2506	2551	2663	2896	2905	3038	3212	3718	3865	4021	4312	4389	4591	4703	4721	4932	4971	5127	5151
5	0.0032051282051282055	20	1765	3689
6	0.0007921765734265724	21	137	352	466	692	804	1091	1253	1595	1703	1743	1927	2207	2598	2728	2858	3269	3516	3906	3979	3984	4074	4324	4327	4352	4799	4811	4822	4896	5138	5143	5211	5231
7	0.0015865384615384606	30	183	521	905	1009	1139	1321	1558	1628	1658	1812	1844	2469	2735	3142	3191	3417	3785	3821	4345	4452	4535	4536	4882	5210
8	0.021634615384615388	37	2465	3468	4333
9	0.0016542597187758463	41	624	724	776	982	1063	1090	1596	2102	2181	2199	2241	2361	2496	2511	2564	2700	2998	3302	3399	3602	3675	3706	3788	3871	3875	4538	4765	4936	4937	5165
10	0.002115384615384614	46	334	393	490	544	571	686	858	1552	1793	1896	2045	2765	2805	2929	2989	3018	3145	3214	3307	3326	3469	3801	4033	5068
11	0.0015771265771265769	56	148	220	444	639	739	1202	1372	1412	1442	1594	1619	1670	2216	2301	2713	2760	2967	2968	2981	3204	3211	3239	3950	4060	4490	4576	4607
12	0.006410256410256411	66	2151	3473
13	0.0008429070929070943	71	322	366	588	622	643	699	707	737	763	824	1068	1154	1186	1305	1397	1408	1994	2130	2344	2401	2497	2688	2731	2769	2815	3062	3174	3278	3303	3306	3467	3472	3485	3505	3541	3615	3625	3659	3763	3851	3874	3892	3921	4089	4302	4401	4616	4636	4698	4824	4894	4927	5003	5053	5108
14	0.0008239904494965217	72	124	151	427	518	593	721	979	1034	1411	1687	1933	1957	2083	2152	2282	2554	2724	2845	2995	3022	3061	3101	3160	3201	3210	3560	3836	3839	3933	4024	4080	4495	4645	4905	4998	5034	5112	5251
15	0.0004624735729386889	73	89	787	968	1046	1079	1158	1221	1234	1276	1324	1367	1432	1648	1759	1974	2095	2126	2191	2336	2366	2371	2771	2813	2840	3069	3140	3162	3486	3515	3586	3673	3982	3987	4120	4166	4187	4255	4344	4364	4708	4907	5113	5183
16	0.0009311340833079958	75	112	576	610	997	1084	1349	1571	1721	1856	1960	2288	2290	2660	2832	2841	3310	3319	3662	4006	4829	4835	4842
17	0.009271978021978022	76	107	1027	1664	2589	3155	3691	5102
18	0.002403846153846154	82	583	2243	2675
19	0.00076644370122631	84	104	159	471	476	599	743	1026	1439	1514	1588	1615	2012	2025	2160	2733	2863	3027	3283	3870	3997	4315	4461	5220
20	0.002655677655677656	95	161	522	696	735	896	941	1334	1914	1995	2035	2682	2977	3919	4488
21	0.002167103729603729	96	472	750	774	777	784	1164	1248	1320	1413	1447	1585	1625	1764	1814	1910	2466	2482	2556	2623	2850	3112	3180	3432	3647	3717	4000	4133	4207	4277	4351	4397	4818
22	0.006410256410256411	100	2729	4031
23	0.006696428571428571	108	224	1073	2403	3679	4307	4341	4705
24	0.003098290598290599	114	1307	1445	1833	1898	2645	2899	3884	4317	4730
25	0.004807692307692308	115	3346	4831
26	0.00044752454991816654	117	202	238	503	565	619	664	856	886	1021	1043	1207	1451	1688	1912	2213	2261	2272	2315	2438	2614	2770	2868	2958	2969	3164	3209	3444	3458	3464	3856	3965	4054	4175	4179	4201	4343	4473	4516	4584	4643	4689	4741	4779	4795	5055	5083	5126
27	0.004807692307692308	120	2334	4625
28	0.0024038461538461535	121	806	1738	1840	3504	4292	4981	5073
29	0.003645833333333333	125	1453	1495	2142	2521	2794	2887	2994	3809	4672	4815	4994	5059	5069	5228	5230
30	0.005321417493796533	127	304	454	612	818	994	1113	1342	1875	2096	2363	2473	2574	2664	2695	2925	3495	3520	3568	3670	4085	4146	4347	4368	4419	4447	4543	4572	4624	4648	4734	5215
31	0.000866960907944516	133	165	282	297	317	396	434	494	553	566	621	642	704	797	827	845	1165	1217	1264	1381	1534	1583	1671	1690	1767	2322	2390	2486	2562	2577	2820	2844	2961	3070	3117	3129	3195	3291	3294	3379	3492	3551	3667	3684	3737	3751	3787	3793	4139	4306	4336	4445	4817	4841	4856	4942	4958	4977	5008	5024	5159	5187
32	0.00267094017094017	134	416	517	741	1251	1277	1864	1899	2039	2625	2640	3029	3032	3287	3350	3814	3942	4070
33	0.002403846153846154	140	1263	4332	4612
34	0.004487179487179487	142	1098	1383	3188	3528	3622
35	0.0002541150239359954	149	208	223	329	405	531	584	602	620	657	863	1006	1099	1241	1245	1265	1268	1373	1499	1524	1592	1696	1778	1868	1917	1961	1989	2034	2092	2251	2257	2379	2395	2437	2567	2650	2655	2673	2857	2886	2915	2921	2937	3090	3102	3298	3390	3650	3729	3741	3749	3771	3912	3943	3981	4252	4316	4349	4438	4458	4518	4554	4581	4740	4786	4948	5111	5162	5174
36	0.0032051282051282055	157	3226	4092
37	0.005723443223443224	163	972	1477	2453	2703	3542	4563
38	0.003846153846153844	168	849	895	1416	2744	2755	2928	3266	3367	3421	3579	3927	4793	4939	5175
39	0.0008741258741258738	172	1169	1237	1346	1689	2295	3484	3624	4443	4739	4816	5160
40	0.00280448717948718	176	447	1391	1937	2493	3223	3683	4339	4746
41	0.006089743589743591	182	310	2339	2462	2965	3840
42	0.004807692307692308	190	1869	3232
43	0.0019230769230769232	193	2250	2827	3643	4007
44	0.010416666666666666	196	943	2177	5009
45	0.012820512820512822	197	1289	4719
46	0.0008741258741258738	207	1131	1149	1340	1922	2003	2985	4079	4148	4155	4863
47	0.006410256410256411	216	2424	3945
48	0.004487179487179488	219	340	496	969	1029	2919
49	0.0041913214990138056	221	351	626	1010	1105	1516	1554	1590	1677	1682	1683	1950	2175	2467	2702	3181	3728	3914	4008	4062	4296	4308	4498	4619	4873	4910	5235
50	0.004006410256410257	242	1415	2258	4680
51	0.002972027972027972	244	283	2020	2485	2631	2791	2956	4209	4272	4388	4478
52	0.0034340659340659336	261	820	1385	3246	3924	3966	5019
53	0.012820512820512822	264	2817	3900
54	0.002403846153846154	265	448	595	4534
55	0.008012820512820512	266	909	1361
56	0.010416666666666666	267	2992	4646	4880
57	0.004006410256410257	271	526	3611	3880
58	0.0013202075702075688	276	296	463	592	644	801	864	866	873	977	1360	1627	1661	1673	2021	2178	2396	2639	2659	2938	2990	3021	3136	3584	3598	3713	3766	3886	3913	4067	4151	4220	4491	4800	4866	5173
59	0.0013736263736263735	277	561	1686	2192	4420	4474	4642	4809
60	0.0013736263736263733	298	980	1576	1952	2913	3845	4023
61	0.003078443295834596	305	356	389	618	714	1032	1471	1606	1760	1777	2666	2668	2746	3130	3441	3465	3536	3547	3725	4137	4355	4696	5141
62	0.0022435897435897434	306	2116	2537	2680	3378	4702
63	0.002403846153846154	307	1602	3017	3716
64	0.006410256410256411	315	1525	4268
65	0.0038461538461538464	319	1624	2717	2902	5088
66	0.0017170329670329668	324	1039	2117	2588	2648	2846	3106	3630
67	0.0032051282051282055	325	1188	4213
68	0.0016025641025641025	331	799	1434	2162	2973	4129
69	0.0019230769230769232	336	1102	1170	2328	4755
70	0.005769230769230769	343	2801	3104	3842	4615	4789
71	0.0037774725274725275	344	1051	1187	1629	2357	3110	3139	4103
72	0.012820512820512822	348	1766	4883
73	0.01362179487179487	349	813	2697	4876
74	0.0032051282051282055	360	449	1712
75	0.004006410256410257	362	838	3708	5099
76	0.009615384615384616	369	2093	3337
77	0.007255244755244757	383	479	1224	1855	2569	2748	3166	3419	3779	4752	4791
78	0.0020604395604395605	399	792	1225	1958	2077	2148	2236	4109
79	0.002884615384615384	402	685	709	2266	4018
80	0.004166666666666667	406	1632	1650	2182	2684	4758
81	0.007211538461538461	414	2121	4476	4547
82	0.004166666666666667	417	2677	4029	4258	4424	4860
83	0.002976190476190476	419	770	1337	2563	3412	3759	4760
84	0.005815018315018314	421	775	854	888	1011	1086	1108	1463	1681	1913	2144	3179	4042	4426	5075
85	0.004807692307692308	424	1529	5087
86	0.0057692307692307696	426	645	2294	3563	3781
87	0.0016025641025641025	431	3247	4692	4827	4888	5080
88	0.005723443223443224	435	530	617	1167	1283	1531	4962
89	0.0032051282051282055	437	2814	4176
90	0.003205128205128205	465	1259	1753	3280	4418	4909	5196
91	0.012820512820512822	473	1316	3733
92	0.002363782051282051	510	749	1083	1176	1294	1540	1655	1763	1870	1965	2326	2512	3163	4082	5031	5176
93	0.0022836538461538445	524	598	782	1375	1456	1607	1863	1955	2420	2993	3115	3292	3548	3748	3887	4096
94	0.0032051282051282055	528	2712	4720
95	0.009615384615384616	534	2743	3991
96	0.0016025641025641025	539	681	846	2646	3024	3873	4832
97	0.005973193473193471	547	796	1700	1879	1894	2545	2997	3929	3967	4005	4620	4639
98	0.009615384615384616	551	3835	4899
99	0.008012820512820512	560	2098	3782
100	0.0014140271493212665	582	697	758	950	1266	1287	1441	2057	2953	3250	3566	3690	3757	3983	3993	4225	4391	4848
101	0.004006410256410256	594	3533	3656	4373
102	0.008814102564102562	597	1236	2498	4630
103	0.014423076923076922	601	878	4400
104	0.007326007326007326	608	1556	1942	2548	2607	4017	5086
105	0.00457875457875458	625	1822	2478	3550	4081	4527	4797
106	0.009615384615384616	627	1438	3066	4440
107	0.004807692307692308	662	1219	2347	4095	4564
108	0.002403846153846154	675	4444	4634	5129
109	0.0018315018315018308	679	879	1610	2176	2672	3642	4504
110	0.0027472527472527475	690	1211	1754	1948	2129	2255	2774	3028
111	0.0019230769230769236	695	793	1103	1756	2046	2741	3573	4077	4090	4185	5222
112	0.0019230769230769232	698	1979	3279	4709	5000	5107
113	0.007554945054945054	710	1788	2075	2353	3217	3254	3628
114	0.004273504273504274	711	1292	1483	2484	2775	3297	4200	4485	4757	4844
115	0.015384615384615385	717	1758	2163	4377	4893
116	0.002403846153846154	742	2138	2606	3012
117	0.0038461538461538464	757	1071	1308	3407	3743	3846
118	0.009615384615384616	766	2647	3342
119	0.0032051282051282055	769	2924	3173
120	0.002403846153846154	772	2869	4216	5110
121	0.0020604395604395605	785	1368	1733	2223	2228	4165	4363	5242
122	0.003663003663003663	791	1452	2277	2893	2930	3393	4294
123	0.0032051282051282055	795	1487	2052	4499
124	0.004807692307692307	807	2656	3398	4011
125	0.004807692307692308	822	3554	4631	5035
126	0.0032051282051282055	826	1023	1768
127	0.001923076923076922	830	874	1133	1275	1380	1403	2069	2227	2451	2584	3092	3446	3606	3864	4126
128	0.008012820512820512	837	1528	3265
129	0.008012820512820514	840	2561	3273
130	0.0032051282051282055	852	1448	2559
131	0.006181318681318682	869	1330	1680	3031	4807	5082	5121
132	0.0016025641025641025	872	3312	3617	3849	4957	5166
133	0.004006410256410256	876	1947	4845	4988
134	0.004807692307692308	923	1204	4460
135	0.002976190476190475	926	940	1214	2912	3175	5054	5170
136	0.013942307692307693	931	3194	3353	4239	4553
137	0.0032051282051282055	945	1117	1676	3238	4030	4796	5117
138	0.005448717948717948	947	1156	2193	2539	3638	4913
139	0.008814102564102566	959	2063	3553	4979
140	0.004120879120879122	1007	1486	1548	2642	2671	3899	4118	4506
141	0.0032051282051282055	1012	1273	1533	1973
142	0.008012820512820512	1031	2372	4764
143	0.0036630036630036626	1122	1206	1872	1873	2195	2566	2951
144	0.004292582417582418	1129	1336	1435	2789	3830	4285	4714	5232
145	0.0028846153846153843	1191	1919	2298	2689	4754
146	0.0054487179487179484	1195	2149	2198	2638	3074	3881	4214	4271	4917	5190
147	0.004120879120879122	1197	1780	2381	2931	3882	4777	5216
148	0.006410256410256411	1215	2042	3030
149	0.002403846153846154	1246	1997	2060	3406
150	0.004006410256410256	1288	3098	3107	3418
151	0.0032051282051282055	1290	2018	2604
152	0.0019230769230769232	1304	3532	4733	4900	5040
153	0.00186965811965812	1353	1455	1736	2270	2472	4254	4387	4560	4717
154	0.03685897435897436	1355	2217	2487	4510
155	0.0032051282051282055	1370	1444	4027
156	0.004326923076923077	1384	1496	1752	3727	4242
157	0.008012820512820514	1388	2079	4453
158	0.0018315018315018315	1410	1796	1882	3241	4421	4622	4960
159	0.004006410256410257	1417	2500	3144	3480
160	0.002403846153846154	1440	2408	2821	4128
161	0.008470695970695974	1457	2736	2752	3589	3798	3902	4804
162	0.008012820512820512	1490	3242	4436
163	0.027243589743589744	1500	3657	5204
164	0.007211538461538461	1512	2269	2449	3065
165	0.01121794871794872	1515	3704	4098
166	0.0032051282051282055	1561	1678	5240
167	0.00560897435897436	1575	3429	4047	4902
168	0.0013736263736263733	1582	1842	2031	2044	2161	2683	3285	4257
169	0.02243589743589744	1586	3677	4437
170	0.006410256410256411	1635	2058	5236
171	0.005769230769230768	1642	1783	2463	2708	4550
172	0.0032051282051282055	1666	2286	4045
173	0.0032051282051282055	1713	2311	2900
174	0.0032051282051282055	1723	2422	4454
175	0.004326923076923077	1750	1886	3114	3909	5226
176	0.004807692307692308	1769	2094	5072
177	0.004807692307692308	1818	4138	4966
178	0.008012820512820512	1825	4299	5205
179	0.002403846153846154	1847	2578	4747	4843
180	0.006730769230769232	1849	2103	2432	3726	5044
181	0.0019230769230769232	1851	2221	3376	4798	5221
182	0.004807692307692308	1878	3482	4393
183	0.004807692307692308	1998	2786	2960	4456
184	0.004807692307692308	2146	2798	4043
185	0.006410256410256411	2215	3365	4365
186	0.0032051282051282055	2329	2816	4738
187	0.0032051282051282055	2348	2524	2560	4559
188	0.00309065934065934	2380	2520	2679	2810	4260	4449	4976	5144
189	0.006730769230769231	2385	2491	2991	3833	4693	4995
190	0.002289377289377289	2404	3286	3693	3816	4320	4465	4787
191	0.0032051282051282055	2595	4073	4677
192	0.0032051282051282055	2780	3895	4172
193	0.002403846153846154	2939	3051	3641	3947	4064	4322	4409	4520	5007
194	0.0032051282051282055	3487	4157	4579
195	0.004326923076923077	3518	3546	4222	4396	4662
196	0.011217948717948718	3925	5045	5214
197	0.004006410256410257	4041	4063	4435	5150
