0 0
1 1
2 2
3 3
4 4
5 5
6 6
7 7
8 8
9 9
10 10
11 11
12 12
13 13
14 14
15 15
16 4050
17 16
18 17
19 18
20 19
21 20
22 21
23 22
24 23
25 24
26 3745
27 25
28 4050
29 26
30 27
31 28
32 1211
33 29
34 30
35 31
36 32
37 33
38 34
39 35
40 36
41 37
42 38
43 39
44 40
45 41
46 42
47 43
48 2410
49 44
50 45
51 1999
52 46
53 1707
54 4050
55 1707
56 47
57 48
58 4050
59 49
60 50
61 51
62 1707
63 52
64 1707
65 1931
66 53
67 1999
68 54
69 55
70 56
71 57
72 58
73 59
74 1707
75 61
76 62
77 63
78 64
79 65
80 66
81 67
82 68
83 69
84 70
85 1999
86 71
87 72
88 73
89 74
90 75
91 76
92 77
93 3514
94 78
95 79
96 80
97 1707
98 81
99 82
100 83
101 84
102 85
103 86
104 87
105 88
106 89
107 90
108 91
109 92
110 93
111 94
112 95
113 96
114 97
115 98
116 99
117 100
118 101
119 102
120 103
121 104
122 2410
123 105
124 106
125 107
126 1999
127 108
128 109
129 110
130 111
131 112
132 113
133 114
134 115
135 116
136 4050
137 117
138 118
139 119
140 120
141 121
142 122
143 123
144 1307
145 1838
146 124
147 1999
148 125
149 126
150 127
151 128
152 129
153 130
154 131
155 132
156 133
157 134
158 135
159 136
160 137
161 138
162 139
163 140
164 141
165 142
166 143
167 144
168 145
169 146
170 147
171 148
172 149
173 150
174 151
175 1999
176 152
177 153
178 154
179 155
180 156
181 157
182 158
183 159
184 160
185 1707
186 161
187 162
188 163
189 164
190 165
191 166
192 4050
193 167
194 168
195 3618
196 169
197 170
198 3745
199 171
200 172
201 173
202 174
203 175
204 176
205 177
206 178
207 179
208 180
209 181
210 182
211 183
212 184
213 185
214 186
215 187
216 188
217 189
218 190
219 191
220 192
221 193
222 194
223 195
224 196
225 197
226 198
227 199
228 1838
229 1707
230 200
231 201
232 3745
233 202
234 1707
235 203
236 204
237 205
238 206
239 207
240 208
241 209
242 210
243 3757
244 211
245 3745
246 212
247 213
248 214
249 215
250 216
251 217
252 218
253 219
254 3761
255 220
256 221
257 3761
258 222
259 1307
260 223
261 224
262 225
263 226
264 227
265 228
266 229
267 230
268 231
269 232
270 3745
271 233
272 234
273 1838
274 235
275 236
276 237
277 238
278 239
279 1707
280 240
281 241
282 242
283 243
284 244
285 245
286 246
287 1999
288 247
289 248
290 249
291 250
292 3450
293 251
294 2410
295 252
296 253
297 254
298 255
299 1340
300 256
301 257
302 258
303 1999
304 259
305 260
306 261
307 262
308 263
309 264
310 265
311 266
312 267
313 268
314 269
315 270
316 271
317 272
318 273
319 274
320 275
321 276
322 277
323 278
324 279
325 280
326 281
327 282
328 283
329 284
330 4050
331 285
332 286
333 287
334 288
335 289
336 290
337 4050
338 291
339 292
340 293
341 294
342 295
343 296
344 297
345 298
346 299
347 300
348 301
349 302
350 303
351 304
352 305
353 306
354 1999
355 60
356 307
357 308
358 309
359 310
360 311
361 312
362 313
363 314
364 315
365 316
366 317
367 318
368 319
369 320
370 321
371 322
372 323
373 1999
374 324
375 325
376 326
377 327
378 328
379 329
380 3745
381 330
382 331
383 332
384 333
385 334
386 335
387 1999
388 336
389 337
390 338
391 1707
392 339
393 340
394 341
395 342
396 343
397 344
398 345
399 346
400 347
401 348
402 349
403 350
404 2991
405 351
406 352
407 1707
408 1838
409 353
410 354
411 355
412 356
413 1707
414 357
415 1999
416 358
417 359
418 360
419 361
420 362
421 363
422 364
423 365
424 366
425 367
426 368
427 369
428 370
429 371
430 372
431 373
432 374
433 375
434 376
435 377
436 378
437 379
438 380
439 381
440 3761
441 382
442 383
443 384
444 385
445 386
446 387
447 388
448 389
449 390
450 391
451 1999
452 392
453 4050
454 393
455 394
456 395
457 396
458 397
459 60
460 398
461 1707
462 399
463 400
464 876
465 401
466 402
467 1999
468 403
469 404
470 405
471 406
472 407
473 408
474 409
475 410
476 411
477 412
478 413
479 414
480 415
481 416
482 417
483 1999
484 1999
485 418
486 419
487 420
488 421
489 1999
490 422
491 423
492 424
493 425
494 426
495 427
496 428
497 429
498 430
499 431
500 1712
501 432
502 4479
503 433
504 434
505 435
506 436
507 4050
508 437
509 438
510 439
511 440
512 441
513 442
514 443
515 444
516 445
517 446
518 447
519 448
520 449
521 450
522 451
523 452
524 453
525 454
526 455
527 456
528 457
529 2991
530 458
531 459
532 460
533 461
534 462
535 1838
536 4050
537 463
538 464
539 465
540 466
541 467
542 468
543 469
544 470
545 2991
546 471
547 472
548 1838
549 1707
550 473
551 474
552 475
553 476
554 477
555 478
556 479
557 4050
558 480
559 481
560 482
561 483
562 484
563 485
564 486
565 487
566 488
567 489
568 490
569 491
570 492
571 493
572 494
573 495
574 496
575 497
576 498
577 499
578 500
579 501
580 502
581 503
582 504
583 505
584 506
585 507
586 508
587 509
588 510
589 511
590 512
591 513
592 514
593 515
594 516
595 517
596 518
597 519
598 520
599 521
600 522
601 523
602 524
603 525
604 526
605 4050
606 527
607 528
608 529
609 530
610 531
611 532
612 533
613 534
614 535
615 536
616 537
617 538
618 539
619 540
620 541
621 542
622 543
623 544
624 545
625 546
626 547
627 548
628 549
629 1707
630 550
631 3761
632 551
633 552
634 553
635 554
636 555
637 4074
638 556
639 557
640 558
641 559
642 560
643 561
644 562
645 563
646 564
647 565
648 566
649 567
650 568
651 569
652 570
653 571
654 572
655 573
656 4357
657 574
658 575
659 576
660 577
661 578
662 579
663 580
664 581
665 582
666 583
667 584
668 585
669 60
670 586
671 4050
672 587
673 1838
674 588
675 589
676 590
677 3514
678 591
679 592
680 593
681 594
682 595
683 3745
684 596
685 597
686 598
687 599
688 600
689 601
690 602
691 1999
692 603
693 604
694 605
695 606
696 607
697 608
698 609
699 610
700 611
701 612
702 613
703 2991
704 614
705 615
706 2254
707 616
708 617
709 618
710 619
711 620
712 621
713 622
714 623
715 1999
716 624
717 625
718 626
719 627
720 628
721 629
722 630
723 3745
724 631
725 3514
726 632
727 1838
728 4050
729 633
730 634
731 635
732 636
733 637
734 638
735 639
736 3761
737 640
738 641
739 642
740 643
741 644
742 645
743 646
744 647
745 648
746 649
747 650
748 651
749 652
750 653
751 654
752 1707
753 655
754 656
755 4050
756 1838
757 657
758 658
759 1999
760 60
761 659
762 660
763 661
764 662
765 3745
766 663
767 664
768 665
769 666
770 667
771 668
772 669
773 670
774 671
775 672
776 673
777 674
778 675
779 676
780 677
781 678
782 679
783 2097
784 680
785 681
786 682
787 683
788 1999
789 684
790 685
791 686
792 687
793 688
794 1838
795 689
796 690
797 691
798 692
799 693
800 694
801 695
802 696
803 697
804 698
805 699
806 700
807 701
808 702
809 703
810 704
811 705
812 706
813 707
814 708
815 709
816 710
817 711
818 712
819 713
820 714
821 3514
822 715
823 716
824 717
825 718
826 719
827 720
828 721
829 722
830 723
831 724
832 725
833 726
834 727
835 728
836 729
837 730
838 731
839 732
840 733
841 734
842 735
843 736
844 737
845 738
846 739
847 740
848 741
849 742
850 743
851 744
852 745
853 746
854 747
855 748
856 749
857 750
858 751
859 752
860 753
861 754
862 755
863 756
864 757
865 758
866 759
867 760
868 761
869 762
870 1999
871 763
872 764
873 765
874 766
875 767
876 768
877 4050
878 769
879 770
880 771
881 772
882 1999
883 773
884 774
885 775
886 776
887 777
888 778
889 779
890 780
891 781
892 782
893 783
894 784
895 785
896 786
897 3618
898 1999
899 787
900 788
901 789
902 790
903 791
904 792
905 793
906 1838
907 794
908 795
909 796
910 797
911 798
912 1999
913 1999
914 1999
915 1707
916 3514
917 799
918 800
919 801
920 802
921 1999
922 803
923 804
924 805
925 1931
926 806
927 807
928 808
929 1999
930 1307
931 809
932 4050
933 810
934 811
935 812
936 813
937 3618
938 814
939 815
940 816
941 817
942 818
943 819
944 820
945 821
946 822
947 823
948 824
949 825
950 826
951 827
952 828
953 829
954 830
955 831
956 832
957 833
958 834
959 835
960 3761
961 1838
962 1707
963 876
964 836
965 837
966 838
967 839
968 840
969 841
970 1707
971 842
972 843
973 4050
974 844
975 3761
976 1999
977 845
978 846
979 847
980 848
981 4050
982 849
983 850
984 851
985 852
986 853
987 1999
988 854
989 855
990 856
991 857
992 858
993 859
994 860
995 1707
996 861
997 862
998 1707
999 863
1000 864
1001 865
1002 1999
1003 866
1004 867
1005 868
1006 869
1007 870
1008 871
1009 872
1010 873
1011 874
1012 875
1013 4050
1014 877
1015 878
1016 879
1017 880
1018 881
1019 1999
1020 882
1021 883
1022 884
1023 885
1024 886
1025 887
1026 888
1027 889
1028 890
1029 891
1030 3761
1031 892
1032 893
1033 894
1034 895
1035 896
1036 897
1037 1838
1038 898
1039 899
1040 900
1041 901
1042 902
1043 903
1044 904
1045 905
1046 906
1047 907
1048 908
1049 909
1050 910
1051 911
1052 4050
1053 912
1054 913
1055 914
1056 915
1057 916
1058 917
1059 1999
1060 3745
1061 918
1062 919
1063 920
1064 921
1065 922
1066 923
1067 924
1068 925
1069 926
1070 927
1071 928
1072 929
1073 930
1074 931
1075 932
1076 933
1077 934
1078 935
1079 936
1080 937
1081 1707
1082 938
1083 939
1084 940
1085 941
1086 942
1087 943
1088 944
1089 945
1090 946
1091 947
1092 948
1093 949
1094 2410
1095 950
1096 951
1097 952
1098 953
1099 954
1100 955
1101 2991
1102 956
1103 957
1104 958
1105 959
1106 960
1107 961
1108 962
1109 963
1110 964
1111 965
1112 966
1113 967
1114 1999
1115 968
1116 969
1117 970
1118 971
1119 972
1120 973
1121 974
1122 975
1123 976
1124 4050
1125 977
1126 3745
1127 978
1128 1340
1129 979
1130 980
1131 981
1132 982
1133 983
1134 3745
1135 984
1136 985
1137 1999
1138 986
1139 987
1140 988
1141 989
1142 990
1143 991
1144 992
1145 993
1146 994
1147 995
1148 996
1149 997
1150 998
1151 4074
1152 999
1153 1000
1154 1001
1155 1002
1156 1003
1157 1004
1158 1005
1159 1006
1160 1007
1161 1008
1162 1009
1163 3745
1164 1010
1165 1011
1166 1012
1167 1013
1168 1014
1169 1015
1170 1016
1171 1017
1172 1018
1173 1019
1174 1999
1175 1020
1176 1021
1177 1022
1178 1023
1179 1999
1180 1024
1181 1025
1182 1026
1183 1027
1184 1028
1185 1029
1186 1030
1187 1031
1188 1032
1189 1033
1190 1034
1191 1035
1192 1036
1193 1037
1194 1038
1195 1039
1196 1040
1197 1041
1198 1042
1199 1043
1200 1044
1201 1045
1202 1046
1203 1047
1204 1048
1205 1049
1206 1050
1207 1051
1208 1052
1209 1053
1210 4050
1211 1054
1212 1055
1213 1056
1214 1057
1215 1058
1216 1059
1217 1060
1218 1061
1219 1062
1220 1999
1221 1063
1222 1707
1223 1999
1224 1064
1225 1065
1226 4050
1227 1066
1228 1067
1229 1068
1230 1069
1231 1070
1232 1071
1233 1072
1234 1073
1235 1074
1236 1075
1237 1076
1238 1077
1239 1999
1240 1078
1241 1079
1242 1080
1243 1081
1244 1838
1245 1082
1246 1083
1247 1084
1248 1085
1249 1086
1250 4479
1251 1087
1252 1088
1253 1089
1254 1090
1255 3757
1256 1091
1257 1092
1258 1093
1259 1094
1260 1095
1261 1096
1262 2991
1263 1097
1264 1098
1265 1099
1266 1100
1267 1101
1268 1102
1269 1103
1270 1104
1271 1105
1272 1999
1273 1106
1274 1999
1275 1107
1276 1108
1277 1109
1278 1110
1279 1111
1280 1112
1281 1113
1282 1114
1283 1115
1284 1116
1285 1117
1286 1118
1287 1119
1288 1120
1289 1121
1290 1122
1291 1123
1292 1124
1293 1999
1294 1125
1295 1126
1296 1127
1297 1999
1298 1128
1299 3450
1300 1129
1301 1130
1302 1131
1303 1132
1304 1133
1305 1134
1306 1135
1307 1136
1308 1137
1309 1138
1310 1999
1311 1139
1312 4050
1313 1140
1314 1141
1315 1142
1316 1143
1317 1144
1318 1145
1319 1712
1320 1146
1321 1147
1322 1148
1323 1149
1324 1150
1325 1151
1326 1152
1327 1153
1328 1154
1329 1155
1330 1156
1331 1157
1332 876
1333 1158
1334 1159
1335 60
1336 1160
1337 1161
1338 1162
1339 1163
1340 1164
1341 1165
1342 1166
1343 1167
1344 1168
1345 1169
1346 1170
1347 4050
1348 1171
1349 1172
1350 1173
1351 1340
1352 1174
1353 1175
1354 1176
1355 1177
1356 1178
1357 1179
1358 2991
1359 1180
1360 1181
1361 1182
1362 1707
1363 1183
1364 1184
1365 1185
1366 1186
1367 1187
1368 1188
1369 1189
1370 1190
1371 1191
1372 1192
1373 1193
1374 1194
1375 1195
1376 4050
1377 1196
1378 1197
1379 1999
1380 1198
1381 1199
1382 1200
1383 1201
1384 1202
1385 1203
1386 1204
1387 1205
1388 1206
1389 1707
1390 1207
1391 1208
1392 1209
1393 3745
1394 1210
1395 1211
1396 1999
1397 1212
1398 1707
1399 1213
1400 1838
1401 1214
1402 1215
1403 1216
1404 1217
1405 1999
1406 1999
1407 1218
1408 1219
1409 1220
1410 1221
1411 1222
1412 1223
1413 1224
1414 1225
1415 1226
1416 1227
1417 1228
1418 1229
1419 1230
1420 1999
1421 1231
1422 1232
1423 1233
1424 1234
1425 1931
1426 1235
1427 1236
1428 1999
1429 1237
1430 1238
1431 2410
1432 1239
1433 1240
1434 1241
1435 1242
1436 1243
1437 1244
1438 1245
1439 1246
1440 1247
1441 1248
1442 1249
1443 1838
1444 1250
1445 1251
1446 4050
1447 1252
1448 1253
1449 1254
1450 1707
1451 1255
1452 1256
1453 1257
1454 1258
1455 1259
1456 1260
1457 1261
1458 1262
1459 1263
1460 1264
1461 1265
1462 1266
1463 1267
1464 1999
1465 1268
1466 1269
1467 1270
1468 1271
1469 1272
1470 1273
1471 1274
1472 1275
1473 1276
1474 1277
1475 1278
1476 1307
1477 1279
1478 1280
1479 1281
1480 1282
1481 1283
1482 1284
1483 1285
1484 1999
1485 876
1486 1286
1487 1287
1488 1288
1489 1289
1490 1290
1491 3761
1492 1291
1493 1292
1494 1293
1495 1294
1496 1295
1497 1296
1498 1297
1499 1298
1500 1299
1501 1999
1502 1300
1503 3450
1504 1301
1505 1302
1506 1303
1507 1304
1508 1305
1509 1306
1510 1307
1511 1308
1512 1309
1513 1310
1514 1311
1515 1312
1516 1313
1517 1314
1518 1315
1519 1316
1520 1317
1521 1318
1522 1319
1523 1320
1524 1321
1525 1322
1526 1323
1527 1324
1528 1325
1529 1326
1530 1327
1531 1328
1532 3618
1533 1329
1534 1330
1535 1331
1536 1332
1537 1333
1538 1334
1539 1335
1540 1336
1541 1337
1542 1338
1543 1999
1544 1339
1545 1340
1546 1341
1547 1342
1548 1343
1549 1344
1550 1999
1551 1345
1552 1346
1553 1347
1554 1348
1555 1349
1556 1350
1557 1351
1558 1352
1559 1353
1560 1354
1561 1355
1562 1356
1563 4050
1564 1357
1565 4050
1566 1358
1567 1999
1568 1359
1569 1360
1570 1361
1571 1362
1572 1363
1573 1364
1574 1365
1575 1366
1576 1367
1577 1999
1578 1368
1579 1369
1580 1370
1581 1371
1582 1372
1583 1373
1584 1374
1585 1375
1586 1376
1587 1377
1588 1378
1589 1999
1590 1379
1591 1380
1592 1381
1593 1382
1594 1383
1595 1384
1596 1385
1597 1386
1598 1999
1599 1387
1600 1388
1601 1389
1602 1390
1603 3450
1604 1391
1605 1392
1606 1393
1607 1394
1608 1999
1609 1395
1610 1396
1611 1397
1612 1999
1613 1398
1614 1399
1615 1400
1616 1707
1617 1999
1618 1999
1619 1401
1620 1707
1621 1402
1622 1403
1623 4050
1624 1404
1625 1405
1626 1406
1627 1407
1628 1408
1629 1409
1630 1410
1631 1411
1632 1412
1633 1413
1634 1414
1635 1415
1636 1416
1637 1931
1638 1417
1639 876
1640 1418
1641 1419
1642 1420
1643 1421
1644 1422
1645 1999
1646 1423
1647 1999
1648 1424
1649 1425
1650 1426
1651 1427
1652 1428
1653 1429
1654 1430
1655 1431
1656 1432
1657 1433
1658 1434
1659 1999
1660 1707
1661 1435
1662 1436
1663 1437
1664 1438
1665 1439
1666 1440
1667 1441
1668 1442
1669 1443
1670 1444
1671 1445
1672 1446
1673 1447
1674 1999
1675 1448
1676 1449
1677 1450
1678 1451
1679 1452
1680 1453
1681 1454
1682 1455
1683 1456
1684 1457
1685 1999
1686 1458
1687 1459
1688 1460
1689 1461
1690 1462
1691 1463
1692 1464
1693 1999
1694 1465
1695 1466
1696 1467
1697 4050
1698 1468
1699 1469
1700 1470
1701 1707
1702 1471
1703 1472
1704 1473
1705 1474
1706 1475
1707 1476
1708 1477
1709 1478
1710 1479
1711 1480
1712 1481
1713 1482
1714 1483
1715 1484
1716 1485
1717 1486
1718 1487
1719 1488
1720 1489
1721 1490
1722 1491
1723 1492
1724 1493
1725 1494
1726 2254
1727 1495
1728 1496
1729 4050
1730 1497
1731 1498
1732 1707
1733 1499
1734 1999
1735 1500
1736 1501
1737 1502
1738 1503
1739 1504
1740 1505
1741 1506
1742 1507
1743 1508
1744 1707
1745 1999
1746 1509
1747 1510
1748 1511
1749 1512
1750 1513
1751 1514
1752 1515
1753 1516
1754 1517
1755 1518
1756 1519
1757 4050
1758 1520
1759 1521
1760 1522
1761 1523
1762 1524
1763 1525
1764 1526
1765 1527
1766 1528
1767 1529
1768 1530
1769 1531
1770 1532
1771 1533
1772 1999
1773 1534
1774 4050
1775 4050
1776 1535
1777 1536
1778 1537
1779 1538
1780 1539
1781 1540
1782 1541
1783 1542
1784 1543
1785 1544
1786 1545
1787 1546
1788 1547
1789 1548
1790 1549
1791 1550
1792 1551
1793 1552
1794 1553
1795 1554
1796 1555
1797 1556
1798 1557
1799 1558
1800 1559
1801 1560
1802 1561
1803 1562
1804 1563
1805 1564
1806 1565
1807 1999
1808 1566
1809 1567
1810 1568
1811 1569
1812 1570
1813 1571
1814 1572
1815 1573
1816 1574
1817 1707
1818 1575
1819 1576
1820 1577
1821 1578
1822 1579
1823 3450
1824 1580
1825 1581
1826 1582
1827 1583
1828 1584
1829 3757
1830 1585
1831 1586
1832 1587
1833 1588
1834 1589
1835 4050
1836 1590
1837 1591
1838 1592
1839 1593
1840 1594
1841 1595
1842 1596
1843 1597
1844 1598
1845 1599
1846 1600
1847 1601
1848 1602
1849 1603
1850 1604
1851 1605
1852 1606
1853 1607
1854 1608
1855 1609
1856 1610
1857 1611
1858 1612
1859 1613
1860 1614
1861 1615
1862 1616
1863 1617
1864 1618
1865 1619
1866 1620
1867 1621
1868 1622
1869 1623
1870 1624
1871 1625
1872 1626
1873 1627
1874 1628
1875 1629
1876 1630
1877 1631
1878 1632
1879 1633
1880 1634
1881 1635
1882 1636
1883 1637
1884 1638
1885 1639
1886 1640
1887 1641
1888 1642
1889 1643
1890 1644
1891 1645
1892 1646
1893 4050
1894 1647
1895 1648
1896 1649
1897 1650
1898 1651
1899 1652
1900 4050
1901 1653
1902 1654
1903 1655
1904 1656
1905 1657
1906 1658
1907 60
1908 1659
1909 1660
1910 1661
1911 1662
1912 1663
1913 1664
1914 1665
1915 1999
1916 1666
1917 1667
1918 1999
1919 1668
1920 4050
1921 1669
1922 1670
1923 1671
1924 1672
1925 1673
1926 1674
1927 1675
1928 1676
1929 1677
1930 1678
1931 1679
1932 1680
1933 1681
1934 1682
1935 1683
1936 2991
1937 1684
1938 1999
1939 1685
1940 1686
1941 1687
1942 1688
1943 1689
1944 1690
1945 1691
1946 1692
1947 1693
1948 1694
1949 1695
1950 1696
1951 1697
1952 1698
1953 1699
1954 1700
1955 1701
1956 1702
1957 1703
1958 1704
1959 3745
1960 1705
1961 1706
1962 1999
1963 1708
1964 1709
1965 1710
1966 1711
1967 1999
1968 1712
1969 1713
1970 1714
1971 3565
1972 1715
1973 1716
1974 1717
1975 1718
1976 1838
1977 1211
1978 1707
1979 1719
1980 1720
1981 1721
1982 1722
1983 1723
1984 1724
1985 1725
1986 1726
1987 1727
1988 1728
1989 1729
1990 1730
1991 1731
1992 1732
1993 1733
1994 1734
1995 1735
1996 876
1997 1736
1998 1737
1999 1738
2000 1739
2001 1740
2002 1741
2003 1742
2004 2775
2005 1743
2006 1744
2007 4050
2008 1745
2009 1746
2010 1747
2011 1748
2012 1749
2013 1750
2014 1751
2015 1707
2016 1752
2017 1753
2018 1754
2019 1755
2020 1756
2021 1757
2022 1758
2023 1759
2024 1760
2025 1761
2026 1762
2027 1763
2028 1764
2029 876
2030 1765
2031 1766
2032 1767
2033 1768
2034 1769
2035 1770
2036 1771
2037 1772
2038 1773
2039 1774
2040 1775
2041 1776
2042 1777
2043 1778
2044 1779
2045 1780
2046 1781
2047 1782
2048 1783
2049 1999
2050 1784
2051 1999
2052 1785
2053 1786
2054 1787
2055 1999
2056 1788
2057 1789
2058 1790
2059 876
2060 1791
2061 1792
2062 1999
2063 1793
2064 1794
2065 1999
2066 1795
2067 1999
2068 1796
2069 1797
2070 1798
2071 1799
2072 1800
2073 1801
2074 1802
2075 1803
2076 1804
2077 1805
2078 1806
2079 1807
2080 1808
2081 1809
2082 1810
2083 1811
2084 1812
2085 1813
2086 1814
2087 1999
2088 1815
2089 1816
2090 1817
2091 1818
2092 1819
2093 1820
2094 1821
2095 1822
2096 1823
2097 1824
2098 1825
2099 1826
2100 4050
2101 1827
2102 1828
2103 1829
2104 1999
2105 1830
2106 1831
2107 1832
2108 1833
2109 1834
2110 1835
2111 1836
2112 1837
2113 1838
2114 1707
2115 1839
2116 1840
2117 1841
2118 1999
2119 1842
2120 1843
2121 1844
2122 1845
2123 1846
2124 1847
2125 1848
2126 1849
2127 1712
2128 1850
2129 1851
2130 1852
2131 1853
2132 1838
2133 1854
2134 1855
2135 1856
2136 1857
2137 1858
2138 1859
2139 1999
2140 1860
2141 1861
2142 1862
2143 1863
2144 1864
2145 1865
2146 1866
2147 1867
2148 1868
2149 1869
2150 1870
2151 1871
2152 1872
2153 1873
2154 1874
2155 1875
2156 1999
2157 1876
2158 1307
2159 3745
2160 1877
2161 1878
2162 1879
2163 1880
2164 2991
2165 1881
2166 1882
2167 1883
2168 3761
2169 1884
2170 1885
2171 1886
2172 1712
2173 1887
2174 1888
2175 1889
2176 1890
2177 1891
2178 1892
2179 1893
2180 1894
2181 1895
2182 1896
2183 1897
2184 1898
2185 1899
2186 1900
2187 1901
2188 1902
2189 1903
2190 4050
2191 1904
2192 1905
2193 1906
2194 1999
2195 1907
2196 1908
2197 1909
2198 1910
2199 1911
2200 1912
2201 1913
2202 1914
2203 4050
2204 1915
2205 1916
2206 1712
2207 1917
2208 1918
2209 4050
2210 1838
2211 1919
2212 1920
2213 1921
2214 1922
2215 1923
2216 1924
2217 1925
2218 3745
2219 1926
2220 1927
2221 1928
2222 1929
2223 1930
2224 1931
2225 1932
2226 1933
2227 1934
2228 1935
2229 1936
2230 1937
2231 1938
2232 1340
2233 1939
2234 1940
2235 1941
2236 1942
2237 1943
2238 1944
2239 1945
2240 1946
2241 1947
2242 1948
2243 1949
2244 1950
2245 1951
2246 1952
2247 1953
2248 1954
2249 1955
2250 1956
2251 1957
2252 1958
2253 2410
2254 1959
2255 1960
2256 4050
2257 1961
2258 1962
2259 1963
2260 1964
2261 1965
2262 3761
2263 1966
2264 1967
2265 1999
2266 1968
2267 1969
2268 1970
2269 1971
2270 1972
2271 1973
2272 1974
2273 4050
2274 1975
2275 1976
2276 1977
2277 1978
2278 1979
2279 1980
2280 1981
2281 1982
2282 1983
2283 1984
2284 1985
2285 3012
2286 1986
2287 1987
2288 1988
2289 1989
2290 1990
2291 1991
2292 1931
2293 1992
2294 1993
2295 1994
2296 1995
2297 1996
2298 1997
2299 3761
2300 1999
2301 1998
2302 1999
2303 1999
2304 2000
2305 2001
2306 2002
2307 2003
2308 2004
2309 2005
2310 2006
2311 2007
2312 2008
2313 2009
2314 2010
2315 2011
2316 2012
2317 2013
2318 2014
2319 2015
2320 2016
2321 2017
2322 2018
2323 2019
2324 2020
2325 2021
2326 2022
2327 1999
2328 2023
2329 2024
2330 2025
2331 2026
2332 2027
2333 4050
2334 2028
2335 4050
2336 2029
2337 2030
2338 2031
2339 2032
2340 2033
2341 2034
2342 2035
2343 2036
2344 2037
2345 2038
2346 2039
2347 2040
2348 2041
2349 2042
2350 1707
2351 2043
2352 2044
2353 2045
2354 2046
2355 1707
2356 2047
2357 2048
2358 4050
2359 2049
2360 1707
2361 2050
2362 3761
2363 2051
2364 2052
2365 2053
2366 2054
2367 2055
2368 2056
2369 2057
2370 2058
2371 2059
2372 2060
2373 2061
2374 2062
2375 4050
2376 2063
2377 2064
2378 2065
2379 2066
2380 2067
2381 2068
2382 2069
2383 3745
2384 2070
2385 2071
2386 2072
2387 2073
2388 2074
2389 2075
2390 2076
2391 2077
2392 2078
2393 2079
2394 2080
2395 2081
2396 2082
2397 2083
2398 2084
2399 2085
2400 2086
2401 2087
2402 2088
2403 2089
2404 2090
2405 2091
2406 4050
2407 2092
2408 2093
2409 1999
2410 2094
2411 2095
2412 1707
2413 2096
2414 4050
2415 1999
2416 2097
2417 2098
2418 2099
2419 2100
2420 2101
2421 2102
2422 2103
2423 2104
2424 2105
2425 2106
2426 2107
2427 2108
2428 2109
2429 2110
2430 2111
2431 2112
2432 2113
2433 2114
2434 2115
2435 1999
2436 2116
2437 2117
2438 2118
2439 1999
2440 2119
2441 2120
2442 2121
2443 2122
2444 2123
2445 2124
2446 1707
2447 2125
2448 2126
2449 2127
2450 2128
2451 2129
2452 2991
2453 2130
2454 2131
2455 2132
2456 2133
2457 2134
2458 2135
2459 1999
2460 2136
2461 1999
2462 2137
2463 2138
2464 2991
2465 2139
2466 2140
2467 2141
2468 1838
2469 2142
2470 2143
2471 2144
2472 2145
2473 2146
2474 2147
2475 2148
2476 2149
2477 1340
2478 2150
2479 2151
2480 2152
2481 3757
2482 2153
2483 2154
2484 2155
2485 2156
2486 2157
2487 2158
2488 2159
2489 1999
2490 2160
2491 2161
2492 2162
2493 2163
2494 2164
2495 1999
2496 2165
2497 2166
2498 2167
2499 3761
2500 2168
2501 2169
2502 2170
2503 2171
2504 2172
2505 2173
2506 2174
2507 4357
2508 2175
2509 2176
2510 2177
2511 2178
2512 2179
2513 2180
2514 4050
2515 1999
2516 2181
2517 1999
2518 2182
2519 2183
2520 2184
2521 2185
2522 2186
2523 1707
2524 2187
2525 4427
2526 2188
2527 4074
2528 2189
2529 2190
2530 2191
2531 2192
2532 2193
2533 2194
2534 2195
2535 2196
2536 4050
2537 2197
2538 2198
2539 2199
2540 2200
2541 2201
2542 2202
2543 1999
2544 2203
2545 2204
2546 3761
2547 2205
2548 2206
2549 3761
2550 2207
2551 2208
2552 2209
2553 2210
2554 2211
2555 2212
2556 2213
2557 2214
2558 2215
2559 2216
2560 2217
2561 2218
2562 2219
2563 2220
2564 2221
2565 2222
2566 2223
2567 2224
2568 2225
2569 2226
2570 2227
2571 2228
2572 1999
2573 2229
2574 2230
2575 2231
2576 2232
2577 2233
2578 2234
2579 2235
2580 2236
2581 2237
2582 2238
2583 2239
2584 2240
2585 2241
2586 2242
2587 1999
2588 2243
2589 2244
2590 1999
2591 2245
2592 2246
2593 2247
2594 2248
2595 2249
2596 2250
2597 2251
2598 2252
2599 2253
2600 1999
2601 2255
2602 2256
2603 2257
2604 2258
2605 2259
2606 2260
2607 2261
2608 2262
2609 2263
2610 2264
2611 2265
2612 2266
2613 2267
2614 2268
2615 2269
2616 2270
2617 3745
2618 4050
2619 2271
2620 2272
2621 2273
2622 2274
2623 2275
2624 2276
2625 2277
2626 2278
2627 2279
2628 2280
2629 2281
2630 2282
2631 2283
2632 3745
2633 2284
2634 2285
2635 2286
2636 2287
2637 1999
2638 2288
2639 2289
2640 2290
2641 2291
2642 2292
2643 2293
2644 2294
2645 2295
2646 2296
2647 2297
2648 2298
2649 1707
2650 2299
2651 2300
2652 1707
2653 2301
2654 2302
2655 2303
2656 2304
2657 4050
2658 2305
2659 2306
2660 2307
2661 2308
2662 3745
2663 2309
2664 2310
2665 4050
2666 2311
2667 2312
2668 2313
2669 2314
2670 2315
2671 2316
2672 2317
2673 2318
2674 2319
2675 2320
2676 2321
2677 2322
2678 2323
2679 2324
2680 2325
2681 2326
2682 2327
2683 2328
2684 2329
2685 2330
2686 4050
2687 2331
2688 2332
2689 2333
2690 2334
2691 2335
2692 3745
2693 2336
2694 2337
2695 2338
2696 2339
2697 2340
2698 2341
2699 2342
2700 2343
2701 2344
2702 2345
2703 2346
2704 4050
2705 2347
2706 2348
2707 2349
2708 2350
2709 2351
2710 2352
2711 1999
2712 2353
2713 2354
2714 2355
2715 2356
2716 2357
2717 2358
2718 4050
2719 2359
2720 2360
2721 2361
2722 2362
2723 2363
2724 2364
2725 2365
2726 2366
2727 2367
2728 2368
2729 2369
2730 2370
2731 2371
2732 2372
2733 2373
2734 2374
2735 2375
2736 2376
2737 2377
2738 2378
2739 2379
2740 3745
2741 2380
2742 2381
2743 2382
2744 2383
2745 2384
2746 2385
2747 2386
2748 2387
2749 2388
2750 2389
2751 4050
2752 2390
2753 2391
2754 2392
2755 2393
2756 1999
2757 2394
2758 2395
2759 2396
2760 2397
2761 2398
2762 2399
2763 2400
2764 2401
2765 2402
2766 2403
2767 2404
2768 2405
2769 2406
2770 2407
2771 2408
2772 2409
2773 2410
2774 2411
2775 2412
2776 2413
2777 2414
2778 2415
2779 2416
2780 2417
2781 2418
2782 2419
2783 2420
2784 2421
2785 2422
2786 2423
2787 2424
2788 4074
2789 2425
2790 2426
2791 2427
2792 2428
2793 2429
2794 2430
2795 1999
2796 1999
2797 1999
2798 2431
2799 2432
2800 2433
2801 2434
2802 2435
2803 2436
2804 2437
2805 2438
2806 2439
2807 2440
2808 2441
2809 3761
2810 2442
2811 2443
2812 2444
2813 2445
2814 2446
2815 2447
2816 2448
2817 2449
2818 2450
2819 2451
2820 2452
2821 2453
2822 2454
2823 2455
2824 2456
2825 2457
2826 2458
2827 2459
2828 2460
2829 1999
2830 2461
2831 2462
2832 2463
2833 2464
2834 1999
2835 2465
2836 2466
2837 2467
2838 2468
2839 1999
2840 2469
2841 2470
2842 1999
2843 2471
2844 2472
2845 2473
2846 2474
2847 2475
2848 2476
2849 1999
2850 2477
2851 2478
2852 2479
2853 2480
2854 2481
2855 1931
2856 1999
2857 2482
2858 2483
2859 2484
2860 2485
2861 1707
2862 2486
2863 2487
2864 2488
2865 2489
2866 2490
2867 2491
2868 2492
2869 2493
2870 2494
2871 2495
2872 2496
2873 2497
2874 2498
2875 2499
2876 2500
2877 2501
2878 2502
2879 2503
2880 3745
2881 2504
2882 2505
2883 2506
2884 1999
2885 60
2886 2507
2887 2508
2888 2509
2889 3450
2890 2510
2891 1999
2892 2511
2893 2512
2894 1838
2895 2513
2896 2514
2897 2515
2898 2516
2899 2517
2900 2518
2901 1999
2902 2519
2903 2520
2904 2521
2905 2522
2906 1999
2907 2523
2908 1999
2909 1999
2910 2524
2911 2525
2912 2526
2913 2527
2914 2528
2915 2529
2916 2530
2917 2531
2918 2532
2919 2533
2920 2534
2921 2535
2922 2536
2923 2537
2924 2538
2925 2539
2926 2540
2927 2541
2928 2542
2929 2543
2930 2544
2931 2545
2932 2546
2933 1999
2934 4050
2935 2547
2936 2548
2937 2549
2938 2550
2939 2551
2940 2552
2941 2553
2942 4050
2943 2554
2944 2555
2945 2556
2946 2557
2947 4050
2948 2558
2949 2559
2950 2560
2951 2561
2952 1307
2953 2562
2954 2563
2955 2564
2956 2565
2957 2566
2958 2567
2959 2568
2960 2569
2961 2570
2962 2571
2963 1999
2964 1838
2965 2572
2966 2573
2967 2574
2968 2575
2969 2576
2970 2577
2971 1999
2972 3745
2973 2578
2974 1712
2975 2579
2976 4050
2977 2580
2978 2581
2979 2582
2980 2583
2981 2584
2982 2585
2983 2586
2984 2587
2985 2588
2986 2589
2987 2590
2988 2591
2989 2592
2990 2593
2991 2594
2992 2595
2993 2596
2994 2597
2995 2598
2996 2599
2997 2600
2998 2601
2999 2602
3000 2603
3001 2604
3002 2605
3003 2606
3004 2607
3005 1707
3006 2608
3007 2609
3008 2610
3009 2611
3010 2991
3011 2612
3012 2613
3013 3745
3014 2614
3015 2615
3016 4050
3017 2616
3018 2617
3019 2618
3020 2619
3021 2620
3022 2621
3023 2622
3024 2623
3025 2624
3026 2625
3027 2626
3028 2627
3029 2628
3030 2629
3031 2630
3032 2631
3033 2632
3034 2633
3035 2634
3036 2635
3037 2636
3038 2637
3039 2638
3040 2639
3041 2640
3042 2641
3043 2642
3044 2643
3045 2644
3046 2645
3047 2646
3048 2647
3049 3745
3050 2648
3051 2649
3052 2650
3053 2651
3054 2652
3055 1999
3056 2410
3057 2653
3058 2654
3059 4357
3060 2655
3061 2656
3062 2657
3063 2658
3064 2659
3065 2660
3066 2661
3067 2662
3068 2663
3069 2664
3070 2665
3071 3745
3072 2666
3073 2667
3074 2668
3075 2669
3076 1999
3077 2670
3078 2671
3079 2672
3080 1707
3081 2673
3082 2674
3083 4050
3084 1999
3085 1707
3086 2675
3087 2676
3088 2677
3089 2678
3090 2679
3091 2680
3092 2681
3093 2682
3094 2683
3095 2684
3096 2685
3097 2686
3098 2687
3099 4050
3100 4050
3101 2688
3102 2689
3103 2690
3104 2691
3105 2692
3106 2693
3107 2694
3108 3745
3109 1340
3110 2695
3111 2696
3112 2697
3113 2698
3114 2699
3115 2700
3116 2701
3117 2702
3118 2703
3119 2704
3120 1999
3121 1999
3122 2705
3123 2706
3124 2707
3125 2708
3126 2709
3127 2710
3128 3745
3129 2711
3130 2712
3131 2713
3132 2714
3133 2715
3134 2716
3135 2717
3136 2718
3137 2719
3138 2720
3139 2721
3140 2722
3141 2723
3142 2724
3143 1999
3144 2725
3145 2726
3146 2727
3147 2728
3148 2729
3149 2730
3150 2731
3151 2732
3152 2733
3153 60
3154 1999
3155 2734
3156 2735
3157 2736
3158 2737
3159 4050
3160 2738
3161 2739
3162 2740
3163 2741
3164 2742
3165 1838
3166 2743
3167 2744
3168 2745
3169 2746
3170 2410
3171 2747
3172 2748
3173 2749
3174 2750
3175 2751
3176 2752
3177 2753
3178 2754
3179 2755
3180 2756
3181 2757
3182 2758
3183 2759
3184 2760
3185 1999
3186 3745
3187 3761
3188 2761
3189 2762
3190 2763
3191 2764
3192 2765
3193 3745
3194 2766
3195 2767
3196 4050
3197 2768
3198 2769
3199 2770
3200 2771
3201 2772
3202 2991
3203 2773
3204 2774
3205 876
3206 2776
3207 2410
3208 2777
3209 2778
3210 2779
3211 2780
3212 2781
3213 2782
3214 2783
3215 2784
3216 2785
3217 2786
3218 2787
3219 2788
3220 2789
3221 2790
3222 2791
3223 2792
3224 2793
3225 2794
3226 2795
3227 2796
3228 2797
3229 2798
3230 2799
3231 4050
3232 2800
3233 2801
3234 2802
3235 1707
3236 2803
3237 4050
3238 2804
3239 2805
3240 2806
3241 2807
3242 2808
3243 2809
3244 2810
3245 2811
3246 2812
3247 2813
3248 2814
3249 2815
3250 2816
3251 2817
3252 2818
3253 2819
3254 2820
3255 2821
3256 2822
3257 2823
3258 3565
3259 2824
3260 2825
3261 2826
3262 2827
3263 2828
3264 1838
3265 2829
3266 2830
3267 1307
3268 2831
3269 2832
3270 2833
3271 2834
3272 2835
3273 2836
3274 2837
3275 2838
3276 2839
3277 2840
3278 2841
3279 2842
3280 2843
3281 2844
3282 1707
3283 2845
3284 2846
3285 2847
3286 2848
3287 2849
3288 2850
3289 2851
3290 2852
3291 2853
3292 2854
3293 1838
3294 2855
3295 2856
3296 2857
3297 2858
3298 2859
3299 2775
3300 1999
3301 2860
3302 2861
3303 2862
3304 1838
3305 1999
3306 2863
3307 2864
3308 2865
3309 2866
3310 2867
3311 3761
3312 2868
3313 2869
3314 2870
3315 2871
3316 2872
3317 2873
3318 3745
3319 2874
3320 1712
3321 2875
3322 2876
3323 2877
3324 2878
3325 2879
3326 2880
3327 2881
3328 2882
3329 2883
3330 2884
3331 2885
3332 2886
3333 2887
3334 2888
3335 2889
3336 2890
3337 2891
3338 2892
3339 2893
3340 2894
3341 2895
3342 2896
3343 876
3344 4357
3345 2897
3346 2898
3347 4050
3348 2899
3349 1999
3350 2900
3351 1931
3352 1999
3353 2901
3354 2902
3355 2903
3356 2904
3357 2905
3358 2906
3359 2907
3360 2908
3361 2909
3362 2910
3363 2911
3364 2912
3365 2913
3366 4050
3367 2914
3368 4050
3369 2915
3370 2916
3371 2917
3372 1931
3373 2918
3374 2919
3375 2920
3376 2921
3377 2922
3378 2923
3379 2924
3380 2925
3381 2926
3382 2927
3383 2928
3384 3745
3385 2929
3386 1707
3387 2930
3388 2931
3389 1999
3390 2932
3391 2933
3392 2934
3393 2935
3394 2936
3395 2937
3396 2938
3397 1999
3398 2939
3399 2940
3400 2941
3401 2942
3402 2943
3403 2944
3404 1707
3405 2945
3406 2946
3407 2947
3408 2948
3409 2949
3410 2950
3411 2951
3412 2952
3413 2953
3414 2954
3415 2955
3416 2956
3417 2957
3418 2958
3419 2959
3420 2960
3421 2961
3422 2962
3423 2963
3424 1307
3425 2964
3426 2965
3427 2966
3428 2967
3429 2968
3430 2969
3431 2970
3432 2971
3433 2972
3434 1999
3435 2973
3436 3745
3437 4050
3438 2974
3439 2975
3440 2976
3441 2977
3442 1999
3443 2978
3444 2979
3445 2980
3446 2981
3447 2982
3448 2983
3449 2984
3450 2985
3451 2986
3452 2987
3453 2988
3454 2989
3455 2990
3456 4050
3457 2991
3458 2992
3459 2993
3460 2994
3461 2995
3462 2996
3463 2997
3464 2998
3465 2999
3466 3000
3467 3001
3468 3002
3469 3003
3470 3004
3471 3005
3472 3006
3473 3007
3474 3008
3475 3009
3476 3010
3477 3011
3478 3012
3479 1999
3480 3013
3481 1999
3482 3014
3483 3015
3484 3016
3485 3017
3486 3018
3487 3019
3488 3020
3489 3021
3490 3022
3491 3023
3492 3024
3493 3025
3494 3026
3495 3027
3496 3028
3497 3029
3498 3030
3499 3031
3500 3032
3501 3033
3502 3034
3503 3035
3504 3036
3505 3037
3506 3038
3507 3039
3508 1707
3509 3040
3510 3041
3511 4050
3512 3042
3513 3043
3514 3044
3515 3045
3516 3046
3517 3047
3518 3048
3519 3049
3520 3050
3521 3051
3522 3052
3523 3053
3524 3054
3525 4050
3526 1999
3527 3055
3528 3056
3529 3057
3530 3058
3531 1999
3532 3059
3533 3060
3534 3061
3535 3062
3536 3063
3537 3064
3538 1838
3539 3065
3540 3066
3541 3067
3542 3068
3543 3069
3544 3070
3545 3071
3546 3072
3547 3073
3548 3074
3549 3075
3550 3076
3551 3077
3552 3078
3553 3079
3554 3080
3555 3081
3556 3082
3557 3083
3558 3084
3559 1838
3560 3085
3561 4050
3562 876
3563 3086
3564 3087
3565 3088
3566 3089
3567 3090
3568 3091
3569 3092
3570 3093
3571 4074
3572 3094
3573 3095
3574 3096
3575 3097
3576 3098
3577 3099
3578 3100
3579 3101
3580 3102
3581 3103
3582 3104
3583 3761
3584 3105
3585 3106
3586 3107
3587 3108
3588 3109
3589 3110
3590 1999
3591 4050
3592 3111
3593 3112
3594 3113
3595 3114
3596 3115
3597 3116
3598 3117
3599 3118
3600 3119
3601 3120
3602 3121
3603 3122
3604 1999
3605 3123
3606 3124
3607 3125
3608 3126
3609 3127
3610 1707
3611 3128
3612 3129
3613 3130
3614 3131
3615 3132
3616 3133
3617 3134
3618 3135
3619 3136
3620 3137
3621 1999
3622 3138
3623 3139
3624 3140
3625 3141
3626 3450
3627 3142
3628 3143
3629 3144
3630 3145
3631 3146
3632 3147
3633 3148
3634 1340
3635 3149
3636 3150
3637 3151
3638 3152
3639 3153
3640 3154
3641 3155
3642 3156
3643 3157
3644 3158
3645 3159
3646 3160
3647 3161
3648 3162
3649 1931
3650 3163
3651 1999
3652 3164
3653 3165
3654 3166
3655 1707
3656 3167
3657 3168
3658 3169
3659 3170
3660 3171
3661 3172
3662 3173
3663 3761
3664 3174
3665 3175
3666 3176
3667 3177
3668 1999
3669 3178
3670 3179
3671 3180
3672 3181
3673 3182
3674 2991
3675 3183
3676 3184
3677 3185
3678 3186
3679 3187
3680 3188
3681 3189
3682 3190
3683 3191
3684 3192
3685 3193
3686 3194
3687 3195
3688 3196
3689 3197
3690 3198
3691 3199
3692 3200
3693 3201
3694 1999
3695 3202
3696 3203
3697 3204
3698 3205
3699 3206
3700 3207
3701 3208
3702 3209
3703 3210
3704 3211
3705 3212
3706 3213
3707 3214
3708 3215
3709 3216
3710 3217
3711 3218
3712 3219
3713 3220
3714 3221
3715 3222
3716 3223
3717 3224
3718 3225
3719 3226
3720 3227
3721 3228
3722 3229
3723 3230
3724 3231
3725 3232
3726 3233
3727 3234
3728 3235
3729 3236
3730 3237
3731 3238
3732 3239
3733 3240
3734 4050
3735 3241
3736 1707
3737 3242
3738 3243
3739 3244
3740 876
3741 3245
3742 3246
3743 3247
3744 3248
3745 3249
3746 1999
3747 3250
3748 3251
3749 3252
3750 3253
3751 3254
3752 3255
3753 3256
3754 3257
3755 3258
3756 3259
3757 3260
3758 3261
3759 3262
3760 3761
3761 3263
3762 1838
3763 3264
3764 3265
3765 3266
3766 3267
3767 3268
3768 1999
3769 3269
3770 3270
3771 3271
3772 3272
3773 3273
3774 3274
3775 3275
3776 3276
3777 3277
3778 3278
3779 3279
3780 3280
3781 3281
3782 3282
3783 3283
3784 3284
3785 3285
3786 3286
3787 3287
3788 3288
3789 3289
3790 3290
3791 3291
3792 3292
3793 3293
3794 1999
3795 1340
3796 3294
3797 3295
3798 3296
3799 3297
3800 3298
3801 3299
3802 3300
3803 3301
3804 3302
3805 3303
3806 3304
3807 3305
3808 3306
3809 3307
3810 1999
3811 4050
3812 3308
3813 3309
3814 3310
3815 3311
3816 3312
3817 3313
3818 3761
3819 3450
3820 3314
3821 3315
3822 3316
3823 3317
3824 3318
3825 3319
3826 3320
3827 3321
3828 3322
3829 3323
3830 3324
3831 3325
3832 3326
3833 3327
3834 3328
3835 3329
3836 3330
3837 3331
3838 3332
3839 3333
3840 3334
3841 1999
3842 3335
3843 3336
3844 3337
3845 3338
3846 3339
3847 3340
3848 3341
3849 3342
3850 3343
3851 3344
3852 3761
3853 1999
3854 3345
3855 3346
3856 3347
3857 3348
3858 3349
3859 3350
3860 3351
3861 3352
3862 3353
3863 3354
3864 3355
3865 3356
3866 4050
3867 3357
3868 3358
3869 3359
3870 3360
3871 3361
3872 3362
3873 3363
3874 3364
3875 3365
3876 1999
3877 3366
3878 3367
3879 3368
3880 3369
3881 3370
3882 3371
3883 3372
3884 3373
3885 3374
3886 3375
3887 3376
3888 3377
3889 3378
3890 3379
3891 3380
3892 3381
3893 1243
3894 3382
3895 3383
3896 4050
3897 1838
3898 3384
3899 3385
3900 3386
3901 3387
3902 3388
3903 3389
3904 3390
3905 3391
3906 3392
3907 3393
3908 3394
3909 3395
3910 1707
3911 3396
3912 3397
3913 3398
3914 3399
3915 3400
3916 4050
3917 3401
3918 3402
3919 3403
3920 3404
3921 3405
3922 3406
3923 3407
3924 3408
3925 3409
3926 3410
3927 3411
3928 3412
3929 3413
3930 3414
3931 3415
3932 3416
3933 3417
3934 1999
3935 3418
3936 1999
3937 4050
3938 1999
3939 3419
3940 1999
3941 3420
3942 3421
3943 3422
3944 3423
3945 3424
3946 3425
3947 3426
3948 3427
3949 1999
3950 3428
3951 3429
3952 4050
3953 1707
3954 3430
3955 3431
3956 4050
3957 1999
3958 3432
3959 3433
3960 3434
3961 3435
3962 3436
3963 3437
3964 3438
3965 3439
3966 3440
3967 3441
3968 3442
3969 1999
3970 3443
3971 3444
3972 3445
3973 3446
3974 3447
3975 3448
3976 3449
3977 4074
3978 3451
3979 3452
3980 3453
3981 3454
3982 3455
3983 3456
3984 3457
3985 3458
3986 3459
3987 3460
3988 3461
3989 3462
3990 3463
3991 3464
3992 3465
3993 3466
3994 3467
3995 1707
3996 3468
3997 3469
3998 3470
3999 3471
4000 3472
4001 3473
4002 3474
4003 2991
4004 3475
4005 3476
4006 3477
4007 3478
4008 3479
4009 3480
4010 3481
4011 3482
4012 3483
4013 3484
4014 3485
4015 3486
4016 1999
4017 3487
4018 3488
4019 3489
4020 3490
4021 3491
4022 1707
4023 3492
4024 3493
4025 3494
4026 3495
4027 3496
4028 3497
4029 3498
4030 3499
4031 3500
4032 3501
4033 3502
4034 3503
4035 3504
4036 3505
4037 3506
4038 3507
4039 3508
4040 3509
4041 3510
4042 3511
4043 3512
4044 1931
4045 3513
4046 3514
4047 3515
4048 3516
4049 3517
4050 3518
4051 3519
4052 3520
4053 3521
4054 3522
4055 3523
4056 3524
4057 3525
4058 3526
4059 3527
4060 3528
4061 3529
4062 3530
4063 3531
4064 3532
4065 3533
4066 3534
4067 3535
4068 3536
4069 1999
4070 3537
4071 3538
4072 3539
4073 3540
4074 3541
4075 3542
4076 3543
4077 3544
4078 3545
4079 3546
4080 3547
4081 3548
4082 3549
4083 4050
4084 3550
4085 3551
4086 3552
4087 3553
4088 3554
4089 3555
4090 3556
4091 3557
4092 3558
4093 3559
4094 3560
4095 3561
4096 3562
4097 3563
4098 3564
4099 3565
4100 3566
4101 1999
4102 3567
4103 3568
4104 3569
4105 3570
4106 3571
4107 3572
4108 1999
4109 3573
4110 3574
4111 3575
4112 3576
4113 1999
4114 3577
4115 4050
4116 3578
4117 3579
4118 3580
4119 3581
4120 3582
4121 3583
4122 1999
4123 3745
4124 3584
4125 3585
4126 3586
4127 3587
4128 3588
4129 3589
4130 3590
4131 3591
4132 3592
4133 3593
4134 3594
4135 3595
4136 3596
4137 3597
4138 3598
4139 3599
4140 3600
4141 3601
4142 3602
4143 3603
4144 3604
4145 3605
4146 3606
4147 3607
4148 3608
4149 3609
4150 3610
4151 3611
4152 4074
4153 60
4154 3612
4155 3613
4156 3614
4157 3615
4158 3616
4159 3617
4160 1707
4161 1999
4162 3619
4163 3620
4164 3621
4165 3622
4166 3623
4167 3624
4168 3625
4169 3626
4170 3627
4171 3628
4172 3629
4173 3745
4174 1931
4175 3630
4176 3631
4177 4050
4178 3632
4179 3633
4180 3634
4181 3635
4182 3636
4183 3637
4184 3638
4185 3639
4186 3640
4187 3641
4188 3642
4189 3643
4190 4050
4191 3644
4192 1999
4193 3645
4194 3646
4195 3647
4196 3648
4197 3649
4198 3650
4199 3651
4200 3652
4201 3653
4202 3654
4203 3655
4204 3656
4205 3657
4206 3658
4207 3659
4208 3660
4209 3661
4210 3662
4211 3663
4212 1707
4213 3664
4214 3665
4215 3666
4216 3667
4217 3668
4218 3669
4219 3670
4220 3671
4221 3672
4222 3673
4223 876
4224 4050
4225 3674
4226 2410
4227 3675
4228 4050
4229 1999
4230 3676
4231 1307
4232 3677
4233 3678
4234 3679
4235 3680
4236 4050
4237 3681
4238 3682
4239 3683
4240 3684
4241 3745
4242 3685
4243 3686
4244 3761
4245 3687
4246 3688
4247 3689
4248 3690
4249 3691
4250 3692
4251 3693
4252 3694
4253 3695
4254 3696
4255 3697
4256 3698
4257 3699
4258 3700
4259 3701
4260 3702
4261 3703
4262 3704
4263 3705
4264 3706
4265 3707
4266 1999
4267 3708
4268 3709
4269 3710
4270 3711
4271 3712
4272 3713
4273 1999
4274 3714
4275 4050
4276 3715
4277 3716
4278 3717
4279 3718
4280 3719
4281 3720
4282 3761
4283 3721
4284 3722
4285 3723
4286 3724
4287 3725
4288 3726
4289 3727
4290 1838
4291 1999
4292 3728
4293 3729
4294 3730
4295 60
4296 3731
4297 1838
4298 3732
4299 3733
4300 3734
4301 3735
4302 3736
4303 4050
4304 3737
4305 1707
4306 3738
4307 3739
4308 3740
4309 3741
4310 3742
4311 3743
4312 3744
4313 3450
4314 4050
4315 3746
4316 3747
4317 3748
4318 3749
4319 3750
4320 3751
4321 3752
4322 3753
4323 3754
4324 3755
4325 3756
4326 1999
4327 3758
4328 3759
4329 3760
4330 3761
4331 3762
4332 3763
4333 3764
4334 3765
4335 1707
4336 3766
4337 3767
4338 3768
4339 3769
4340 3770
4341 3771
4342 3772
4343 3773
4344 3774
4345 3775
4346 3776
4347 3777
4348 3778
4349 3779
4350 3780
4351 3781
4352 3782
4353 4050
4354 4050
4355 3783
4356 3784
4357 3785
4358 3786
4359 3787
4360 3788
4361 3789
4362 3790
4363 3791
4364 3792
4365 3793
4366 3794
4367 3795
4368 3796
4369 1999
4370 3797
4371 3798
4372 3799
4373 3800
4374 1307
4375 3801
4376 3802
4377 3803
4378 3804
4379 1999
4380 1707
4381 3805
4382 3806
4383 3807
4384 3808
4385 3809
4386 60
4387 3810
4388 3811
4389 3812
4390 3813
4391 3814
4392 3815
4393 3816
4394 3817
4395 3818
4396 3819
4397 3820
4398 3821
4399 3822
4400 3823
4401 3824
4402 3825
4403 3826
4404 3827
4405 3828
4406 3829
4407 3450
4408 3830
4409 3831
4410 4050
4411 3832
4412 3833
4413 3834
4414 3835
4415 3836
4416 3837
4417 4050
4418 3838
4419 3839
4420 3840
4421 3841
4422 3842
4423 3843
4424 3844
4425 3845
4426 3846
4427 3745
4428 3745
4429 3847
4430 1838
4431 3848
4432 1999
4433 3849
4434 3850
4435 3851
4436 3852
4437 3853
4438 3854
4439 3855
4440 3856
4441 3857
4442 1999
4443 3858
4444 3859
4445 3860
4446 3861
4447 3862
4448 3863
4449 3864
4450 3865
4451 3866
4452 3867
4453 3868
4454 3869
4455 1999
4456 3870
4457 3871
4458 3872
4459 1999
4460 3873
4461 3874
4462 3875
4463 1999
4464 3876
4465 3877
4466 3878
4467 4050
4468 3879
4469 3880
4470 3881
4471 4050
4472 3882
4473 3883
4474 3884
4475 3885
4476 3886
4477 876
4478 3887
4479 3888
4480 3745
4481 3889
4482 3890
4483 3891
4484 3892
4485 3893
4486 3894
4487 3895
4488 3896
4489 3897
4490 3898
4491 3899
4492 3900
4493 3901
4494 3902
4495 3903
4496 3904
4497 3905
4498 3906
4499 3907
4500 3908
4501 3909
4502 3910
4503 3911
4504 3912
4505 3913
4506 3914
4507 3915
4508 3916
4509 3917
4510 3918
4511 3919
4512 3920
4513 3921
4514 3922
4515 3923
4516 3924
4517 3925
4518 3926
4519 3927
4520 3928
4521 3929
4522 3930
4523 3931
4524 3932
4525 3933
4526 4074
4527 3934
4528 3618
4529 1931
4530 3935
4531 3936
4532 3937
4533 3938
4534 3939
4535 3940
4536 3941
4537 4050
4538 3942
4539 3943
4540 3944
4541 3945
4542 3946
4543 3947
4544 3948
4545 1695
4546 3949
4547 3950
4548 3951
4549 3952
4550 3953
4551 3954
4552 60
4553 3955
4554 3956
4555 1999
4556 1999
4557 3957
4558 4427
4559 3958
4560 3959
4561 3960
4562 3961
4563 3962
4564 3963
4565 3964
4566 3965
4567 3966
4568 3450
4569 3967
4570 3968
4571 3969
4572 3970
4573 3971
4574 1838
4575 3972
4576 3973
4577 3974
4578 3975
4579 3976
4580 3977
4581 3978
4582 3979
4583 3450
4584 3980
4585 1999
4586 3981
4587 3982
4588 3983
4589 3984
4590 3985
4591 3986
4592 1999
4593 3987
4594 2991
4595 3988
4596 3989
4597 3745
4598 2991
4599 3990
4600 3991
4601 1999
4602 3992
4603 3993
4604 3994
4605 3995
4606 3996
4607 3997
4608 3998
4609 3999
4610 4000
4611 4001
4612 4002
4613 4003
4614 1999
4615 4004
4616 4005
4617 4006
4618 1707
4619 4007
4620 4008
4621 4009
4622 4010
4623 4011
4624 4012
4625 4013
4626 4014
4627 4015
4628 4016
4629 4017
4630 4018
4631 4019
4632 4020
4633 4021
4634 4022
4635 1999
4636 4023
4637 4024
4638 4025
4639 4026
4640 1999
4641 4027
4642 4028
4643 4029
4644 4050
4645 4030
4646 4031
4647 4032
4648 4033
4649 4034
4650 4035
4651 4036
4652 1707
4653 4037
4654 4038
4655 4039
4656 4040
4657 2775
4658 4041
4659 4042
4660 4043
4661 4044
4662 4045
4663 4046
4664 1999
4665 4047
4666 4048
4667 4049
4668 4050
4669 4051
4670 4052
4671 1931
4672 4053
4673 4054
4674 4055
4675 1999
4676 4056
4677 4057
4678 4058
4679 4059
4680 4060
4681 4061
4682 4062
4683 4063
4684 4064
4685 4065
4686 4066
4687 3745
4688 4067
4689 4068
4690 1999
4691 4069
4692 4070
4693 4071
4694 4072
4695 2991
4696 4073
4697 4050
4698 4075
4699 4076
4700 4077
4701 4078
4702 4079
4703 4080
4704 4081
4705 4082
4706 4083
4707 1999
4708 4084
4709 4085
4710 4086
4711 1999
4712 4087
4713 4088
4714 4089
4715 4090
4716 4091
4717 4092
4718 1307
4719 4093
4720 4094
4721 4095
4722 1999
4723 1931
4724 4096
4725 4097
4726 4098
4727 4050
4728 4099
4729 4100
4730 4101
4731 4102
4732 4103
4733 4104
4734 4105
4735 4106
4736 4107
4737 4108
4738 4109
4739 4110
4740 4111
4741 4112
4742 4113
4743 4050
4744 4114
4745 4115
4746 4116
4747 4117
4748 4118
4749 4119
4750 4120
4751 4121
4752 4122
4753 4123
4754 4124
4755 4125
4756 1707
4757 4126
4758 4127
4759 4128
4760 4129
4761 4130
4762 4131
4763 4132
4764 4133
4765 4134
4766 1707
4767 3761
4768 4135
4769 4136
4770 4137
4771 4138
4772 4139
4773 60
4774 4140
4775 4141
4776 4142
4777 4143
4778 4144
4779 4145
4780 4146
4781 4147
4782 4148
4783 4149
4784 4150
4785 1707
4786 4151
4787 4152
4788 1999
4789 4153
4790 4154
4791 4155
4792 4156
4793 4157
4794 1838
4795 4158
4796 4159
4797 4160
4798 4161
4799 4162
4800 4163
4801 1999
4802 4050
4803 4164
4804 4165
4805 4166
4806 4167
4807 4168
4808 4169
4809 4170
4810 4171
4811 4172
4812 4173
4813 4174
4814 4175
4815 4176
4816 4177
4817 4178
4818 4179
4819 4180
4820 4181
4821 4182
4822 4183
4823 4184
4824 4185
4825 4186
4826 4187
4827 4188
4828 4189
4829 4190
4830 4191
4831 4192
4832 4193
4833 4194
4834 4195
4835 4196
4836 4197
4837 4198
4838 4199
4839 4200
4840 1999
4841 4201
4842 4202
4843 4203
4844 4204
4845 4205
4846 4206
4847 4207
4848 4208
4849 4357
4850 4209
4851 4210
4852 4211
4853 4212
4854 4213
4855 4214
4856 4215
4857 4216
4858 4217
4859 1707
4860 4218
4861 4219
4862 4220
4863 4221
4864 4222
4865 4223
4866 4224
4867 4050
4868 4225
4869 4226
4870 4227
4871 4228
4872 4229
4873 4230
4874 4231
4875 4232
4876 4233
4877 4234
4878 4235
4879 4236
4880 4237
4881 60
4882 4238
4883 4239
4884 4240
4885 4241
4886 4242
4887 4243
4888 4244
4889 4245
4890 4246
4891 1838
4892 4247
4893 4248
4894 4249
4895 3745
4896 4250
4897 4251
4898 4252
4899 4253
4900 4254
4901 4255
4902 4256
4903 4257
4904 1838
4905 4258
4906 4259
4907 4260
4908 4261
4909 4262
4910 4263
4911 4264
4912 4050
4913 4265
4914 4266
4915 4267
4916 4268
4917 4269
4918 4270
4919 4271
4920 4272
4921 3745
4922 4273
4923 4274
4924 4275
4925 4276
4926 4277
4927 4278
4928 4279
4929 4280
4930 4281
4931 4282
4932 4283
4933 4284
4934 4285
4935 4286
4936 4287
4937 4288
4938 4289
4939 4290
4940 4291
4941 4357
4942 4292
4943 4293
4944 4050
4945 4294
4946 4295
4947 4296
4948 4297
4949 4298
4950 4299
4951 4300
4952 4301
4953 4302
4954 4303
4955 4304
4956 4305
4957 4306
4958 4307
4959 4308
4960 4309
4961 4310
4962 4311
4963 4312
4964 4313
4965 1999
4966 4314
4967 4315
4968 3757
4969 4316
4970 4050
4971 4317
4972 3745
4973 3745
4974 4318
4975 4319
4976 4320
4977 4321
4978 4322
4979 4323
4980 4324
4981 4325
4982 4326
4983 4327
4984 4328
4985 4329
4986 4330
4987 4331
4988 4332
4989 4333
4990 4334
4991 4335
4992 4336
4993 4337
4994 4338
4995 4339
4996 4340
4997 4341
4998 4342
4999 1307
5000 4343
5001 4344
5002 2991
5003 4345
5004 3450
5005 4346
5006 4347
5007 4348
5008 4349
5009 4350
5010 4351
5011 4352
5012 4353
5013 4354
5014 4355
5015 4356
5016 4357
5017 4358
5018 4359
5019 4360
5020 4361
5021 4362
5022 4363
5023 4364
5024 4365
5025 4366
5026 4367
5027 4368
5028 4369
5029 4370
5030 4371
5031 4372
5032 1999
5033 4373
5034 4374
5035 4375
5036 4376
5037 1999
5038 4377
5039 4378
5040 4379
5041 4380
5042 1243
5043 4381
5044 4382
5045 4383
5046 4384
5047 4385
5048 4386
5049 4387
5050 4388
5051 4389
5052 4390
5053 4391
5054 4392
5055 4393
5056 4394
5057 4395
5058 4396
5059 4397
5060 4398
5061 4399
5062 4400
5063 4050
5064 4401
5065 4402
5066 4403
5067 4050
5068 4404
5069 4405
5070 4406
5071 1999
5072 4407
5073 4408
5074 4409
5075 4410
5076 4411
5077 1707
5078 4412
5079 4413
5080 4414
5081 4415
5082 4416
5083 4417
5084 4418
5085 4419
5086 4420
5087 4421
5088 4422
5089 4423
5090 4424
5091 4425
5092 4426
5093 1999
5094 1707
5095 4428
5096 1931
5097 4429
5098 4050
5099 4430
5100 4431
5101 4432
5102 4433
5103 4434
5104 1999
5105 1707
5106 4435
5107 4436
5108 4437
5109 4438
5110 4439
5111 4440
5112 4441
5113 4442
5114 4443
5115 4444
5116 4445
5117 4446
5118 3745
5119 4447
5120 4448
5121 4449
5122 4450
5123 1999
5124 4451
5125 4452
5126 4453
5127 4454
5128 1999
5129 4455
5130 4456
5131 4457
5132 4458
5133 4459
5134 4460
5135 4461
5136 4462
5137 4463
5138 4464
5139 4465
5140 4466
5141 4467
5142 4468
5143 4469
5144 4470
5145 4471
5146 876
5147 4472
5148 4473
5149 4474
5150 4475
5151 4476
5152 4477
5153 4478
5154 4479
5155 4480
5156 876
5157 4481
5158 4482
5159 4483
5160 4484
5161 4485
5162 4486
5163 4487
5164 3745
5165 4488
5166 4489
5167 1999
5168 4490
5169 1999
5170 4491
5171 4492
5172 4493
5173 4494
5174 4495
5175 4496
5176 4497
5177 1838
5178 4498
5179 4499
5180 4500
5181 4501
5182 4502
5183 4503
5184 4504
5185 4505
5186 4506
5187 4507
5188 1999
5189 4508
5190 4509
5191 4510
5192 4511
5193 876
5194 4512
5195 4513
5196 4514
5197 4515
5198 4268
5199 4516
5200 4517
5201 4518
5202 4519
5203 2991
5204 4520
5205 4521
5206 4522
5207 4523
5208 1707
5209 4050
5210 4524
5211 4525
5212 4526
5213 4527
5214 4528
5215 4529
5216 4530
5217 4531
5218 4532
5219 1707
5220 4533
5221 4534
5222 4535
5223 4050
5224 4536
5225 4537
5226 4538
5227 4539
5228 4540
5229 4541
5230 4542
5231 4543
5232 4544
5233 4545
5234 1999
5235 4546
5236 4547
5237 4548
5238 4549
5239 4550
5240 4551
5241 4552
5242 4553
5243 4554
5244 4555
5245 4556
5246 4557
5247 4558
5248 4559
5249 4560
5250 1999
