0 0
1 1
2 2
3 6
4 3
5 4
6 3930
7 5
8 6
9 7
10 8
11 9
12 10
13 11
14 3930
15 12
16 13
17 14
18 15
19 16
20 17
21 18
22 19
23 3930
24 20
25 21
26 22
27 23
28 24
29 6
30 25
31 3930
32 26
33 27
34 28
35 29
36 30
37 31
38 32
39 33
40 1729
41 34
42 35
43 36
44 3930
45 37
46 38
47 39
48 40
49 41
50 42
51 43
52 44
53 45
54 46
55 47
56 48
57 49
58 50
59 51
60 52
61 53
62 54
63 55
64 56
65 57
66 58
67 59
68 60
69 3004
70 61
71 62
72 63
73 64
74 65
75 66
76 67
77 68
78 69
79 70
80 71
81 72
82 73
83 74
84 75
85 76
86 144
87 77
88 78
89 79
90 80
91 81
92 82
93 83
94 84
95 85
96 86
97 87
98 88
99 89
100 90
101 91
102 92
103 93
104 94
105 95
106 96
107 97
108 98
109 99
110 100
111 101
112 102
113 103
114 104
115 105
116 106
117 107
118 108
119 109
120 110
121 111
122 112
123 113
124 114
125 115
126 116
127 117
128 4906
129 4906
130 118
131 119
132 6
133 120
134 121
135 1294
136 122
137 123
138 124
139 125
140 126
141 3269
142 127
143 128
144 129
145 130
146 131
147 132
148 133
149 134
150 135
151 136
152 137
153 138
154 1729
155 139
156 140
157 141
158 142
159 143
160 144
161 145
162 3930
163 146
164 147
165 148
166 149
167 150
168 151
169 152
170 153
171 154
172 155
173 156
174 157
175 158
176 159
177 1729
178 160
179 161
180 162
181 163
182 164
183 165
184 166
185 167
186 168
187 1729
188 169
189 170
190 171
191 172
192 173
193 174
194 175
195 176
196 177
197 178
198 179
199 180
200 1729
201 3743
202 181
203 182
204 1253
205 3930
206 183
207 184
208 185
209 186
210 187
211 188
212 189
213 190
214 191
215 192
216 193
217 194
218 195
219 196
220 197
221 198
222 199
223 200
224 201
225 202
226 203
227 204
228 205
229 206
230 207
231 208
232 209
233 210
234 211
235 212
236 213
237 214
238 215
239 216
240 217
241 218
242 219
243 220
244 221
245 222
246 223
247 224
248 225
249 226
250 227
251 228
252 229
253 230
254 231
255 232
256 233
257 234
258 3930
259 235
260 236
261 237
262 238
263 239
264 240
265 241
266 242
267 243
268 244
269 245
270 246
271 247
272 248
273 249
274 250
275 251
276 252
277 253
278 2211
279 254
280 1729
281 255
282 256
283 257
284 258
285 259
286 260
287 261
288 262
289 3930
290 263
291 2211
292 264
293 144
294 265
295 266
296 267
297 268
298 269
299 270
300 271
301 272
302 273
303 274
304 275
305 276
306 277
307 278
308 279
309 280
310 281
311 282
312 283
313 284
314 285
315 286
316 287
317 288
318 289
319 290
320 291
321 292
322 293
323 294
324 295
325 296
326 297
327 298
328 4906
329 299
330 300
331 301
332 302
333 303
334 304
335 305
336 306
337 307
338 308
339 309
340 310
341 311
342 312
343 313
344 314
345 315
346 316
347 317
348 318
349 319
350 320
351 321
352 322
353 323
354 324
355 325
356 326
357 327
358 328
359 329
360 330
361 331
362 332
363 333
364 334
365 335
366 336
367 337
368 338
369 339
370 340
371 341
372 3409
373 342
374 343
375 344
376 345
377 346
378 347
379 348
380 349
381 350
382 351
383 352
384 1729
385 353
386 354
387 355
388 356
389 357
390 358
391 359
392 1729
393 360
394 361
395 362
396 363
397 364
398 365
399 366
400 367
401 1729
402 368
403 369
404 370
405 371
406 372
407 373
408 374
409 375
410 3930
411 376
412 377
413 378
414 379
415 380
416 381
417 382
418 383
419 384
420 385
421 386
422 387
423 388
424 389
425 390
426 391
427 392
428 393
429 394
430 395
431 396
432 397
433 398
434 399
435 400
436 401
437 402
438 403
439 404
440 405
441 406
442 407
443 408
444 409
445 410
446 411
447 412
448 413
449 414
450 1729
451 415
452 416
453 417
454 418
455 419
456 420
457 421
458 422
459 423
460 424
461 425
462 426
463 427
464 428
465 429
466 430
467 431
468 432
469 433
470 2211
471 434
472 435
473 436
474 437
475 438
476 439
477 440
478 441
479 442
480 443
481 444
482 3930
483 445
484 446
485 447
486 448
487 449
488 4923
489 450
490 451
491 452
492 453
493 454
494 455
495 456
496 457
497 458
498 459
499 460
500 461
501 462
502 463
503 464
504 465
505 466
506 467
507 468
508 469
509 470
510 471
511 472
512 473
513 474
514 475
515 476
516 477
517 478
518 479
519 480
520 144
521 481
522 482
523 483
524 484
525 485
526 486
527 487
528 488
529 489
530 490
531 491
532 492
533 493
534 494
535 495
536 496
537 497
538 498
539 499
540 500
541 501
542 502
543 503
544 504
545 505
546 506
547 507
548 508
549 509
550 510
551 511
552 512
553 513
554 514
555 515
556 516
557 517
558 518
559 519
560 520
561 521
562 522
563 523
564 524
565 525
566 526
567 527
568 528
569 529
570 530
571 531
572 1294
573 532
574 533
575 534
576 535
577 3930
578 536
579 537
580 538
581 539
582 540
583 541
584 542
585 3930
586 543
587 544
588 545
589 546
590 547
591 548
592 549
593 550
594 551
595 552
596 553
597 554
598 555
599 556
600 557
601 558
602 559
603 560
604 3930
605 561
606 562
607 563
608 564
609 565
610 566
611 567
612 568
613 569
614 570
615 571
616 572
617 573
618 574
619 575
620 576
621 577
622 578
623 579
624 580
625 581
626 582
627 583
628 584
629 585
630 586
631 587
632 588
633 589
634 590
635 591
636 592
637 593
638 594
639 595
640 6
641 596
642 597
643 598
644 599
645 600
646 601
647 602
648 603
649 604
650 605
651 606
652 607
653 608
654 609
655 610
656 611
657 612
658 613
659 614
660 615
661 616
662 617
663 618
664 619
665 620
666 621
667 622
668 623
669 624
670 625
671 626
672 1729
673 627
674 628
675 629
676 630
677 631
678 632
679 633
680 3930
681 634
682 635
683 636
684 637
685 638
686 639
687 640
688 641
689 642
690 643
691 644
692 645
693 646
694 647
695 648
696 649
697 650
698 651
699 652
700 653
701 654
702 3269
703 655
704 656
705 657
706 658
707 659
708 660
709 661
710 662
711 663
712 664
713 665
714 666
715 667
716 668
717 669
718 670
719 671
720 672
721 673
722 674
723 675
724 676
725 677
726 3930
727 678
728 679
729 680
730 681
731 682
732 4906
733 683
734 684
735 685
736 686
737 687
738 688
739 689
740 690
741 691
742 692
743 693
744 694
745 695
746 696
747 697
748 698
749 699
750 700
751 701
752 702
753 703
754 4906
755 704
756 705
757 706
758 707
759 708
760 709
761 710
762 3930
763 711
764 712
765 713
766 714
767 715
768 716
769 717
770 718
771 719
772 720
773 3930
774 721
775 722
776 723
777 724
778 725
779 726
780 727
781 728
782 729
783 730
784 731
785 732
786 733
787 734
788 735
789 736
790 737
791 738
792 739
793 740
794 741
795 742
796 743
797 744
798 745
799 746
800 747
801 748
802 749
803 750
804 751
805 752
806 753
807 754
808 755
809 756
810 757
811 758
812 759
813 760
814 761
815 762
816 763
817 764
818 765
819 766
820 767
821 768
822 769
823 770
824 771
825 1729
826 772
827 773
828 774
829 775
830 776
831 3930
832 1729
833 777
834 778
835 779
836 780
837 781
838 782
839 783
840 784
841 785
842 786
843 787
844 1729
845 788
846 789
847 790
848 791
849 792
850 793
851 794
852 795
853 796
854 797
855 798
856 799
857 800
858 801
859 3930
860 3930
861 802
862 803
863 804
864 805
865 806
866 807
867 808
868 1729
869 809
870 810
871 811
872 812
873 813
874 814
875 815
876 816
877 817
878 818
879 819
880 820
881 821
882 822
883 823
884 824
885 2211
886 825
887 826
888 827
889 828
890 829
891 830
892 1729
893 831
894 832
895 833
896 834
897 835
898 836
899 837
900 838
901 839
902 840
903 841
904 842
905 843
906 844
907 845
908 846
909 847
910 848
911 849
912 850
913 851
914 852
915 853
916 854
917 855
918 856
919 857
920 858
921 859
922 860
923 861
924 862
925 863
926 864
927 865
928 866
929 867
930 868
931 869
932 870
933 871
934 872
935 873
936 874
937 875
938 876
939 877
940 878
941 879
942 880
943 881
944 882
945 883
946 884
947 885
948 886
949 887
950 888
951 889
952 890
953 891
954 892
955 893
956 894
957 895
958 896
959 897
960 898
961 899
962 900
963 901
964 902
965 903
966 904
967 905
968 906
969 907
970 908
971 1253
972 909
973 910
974 911
975 912
976 913
977 914
978 915
979 916
980 917
981 918
982 919
983 3930
984 2211
985 920
986 921
987 922
988 923
989 924
990 925
991 3930
992 4923
993 926
994 927
995 928
996 929
997 930
998 931
999 932
1000 933
1001 934
1002 935
1003 936
1004 937
1005 938
1006 939
1007 940
1008 941
1009 942
1010 943
1011 944
1012 945
1013 946
1014 947
1015 948
1016 949
1017 950
1018 951
1019 952
1020 953
1021 954
1022 955
1023 956
1024 957
1025 958
1026 959
1027 960
1028 961
1029 962
1030 963
1031 964
1032 965
1033 966
1034 967
1035 968
1036 969
1037 970
1038 971
1039 972
1040 973
1041 974
1042 975
1043 976
1044 977
1045 978
1046 979
1047 980
1048 3930
1049 981
1050 982
1051 983
1052 984
1053 985
1054 986
1055 987
1056 3930
1057 988
1058 989
1059 990
1060 991
1061 992
1062 993
1063 994
1064 995
1065 996
1066 997
1067 998
1068 999
1069 1000
1070 1001
1071 1002
1072 1003
1073 1004
1074 1005
1075 1006
1076 1007
1077 1008
1078 1009
1079 1010
1080 1011
1081 1012
1082 1013
1083 1014
1084 1015
1085 1016
1086 1017
1087 1018
1088 1019
1089 1020
1090 1021
1091 1022
1092 1023
1093 1024
1094 1025
1095 1026
1096 1027
1097 3930
1098 1028
1099 1029
1100 1729
1101 1030
1102 1031
1103 1032
1104 1033
1105 1034
1106 1035
1107 1036
1108 1037
1109 1038
1110 1039
1111 1040
1112 1041
1113 1042
1114 1043
1115 1044
1116 1045
1117 1046
1118 1047
1119 1048
1120 1049
1121 1050
1122 1051
1123 1052
1124 1053
1125 1054
1126 1055
1127 1056
1128 1057
1129 1058
1130 1059
1131 1060
1132 1061
1133 1062
1134 1063
1135 1064
1136 1065
1137 1066
1138 1067
1139 1068
1140 3966
1141 1729
1142 1069
1143 1070
1144 1729
1145 1071
1146 1729
1147 1072
1148 1073
1149 1074
1150 1075
1151 1076
1152 1077
1153 1078
1154 1079
1155 1080
1156 1081
1157 144
1158 1082
1159 1083
1160 1084
1161 1085
1162 3930
1163 1086
1164 1087
1165 1088
1166 1089
1167 1090
1168 1091
1169 1092
1170 1093
1171 1094
1172 1095
1173 1096
1174 1097
1175 1098
1176 1099
1177 1729
1178 1729
1179 1100
1180 1101
1181 1729
1182 1102
1183 1103
1184 1104
1185 1105
1186 1106
1187 1107
1188 1108
1189 1109
1190 1110
1191 1111
1192 1112
1193 1113
1194 1114
1195 1115
1196 4906
1197 1116
1198 1117
1199 1118
1200 144
1201 1119
1202 1120
1203 1121
1204 1122
1205 3743
1206 1123
1207 1124
1208 1729
1209 1125
1210 1126
1211 1127
1212 1729
1213 1128
1214 1129
1215 1130
1216 1131
1217 1132
1218 3930
1219 1133
1220 1134
1221 1135
1222 1136
1223 1137
1224 1138
1225 1139
1226 1140
1227 1141
1228 1142
1229 1143
1230 1144
1231 1145
1232 1729
1233 1146
1234 1147
1235 1148
1236 1149
1237 1150
1238 1151
1239 1152
1240 1153
1241 1154
1242 1155
1243 1156
1244 1157
1245 1158
1246 1159
1247 1160
1248 1161
1249 1162
1250 1163
1251 1164
1252 1165
1253 1166
1254 1167
1255 1168
1256 1169
1257 1170
1258 1171
1259 1172
1260 1173
1261 1174
1262 1175
1263 1176
1264 1177
1265 1178
1266 1179
1267 1180
1268 1181
1269 1182
1270 1183
1271 1184
1272 1185
1273 1186
1274 1187
1275 1188
1276 1189
1277 1190
1278 1191
1279 1192
1280 1193
1281 1194
1282 1195
1283 1196
1284 1197
1285 1198
1286 1199
1287 1200
1288 1201
1289 1202
1290 1203
1291 1204
1292 1205
1293 1206
1294 1207
1295 1208
1296 1209
1297 1210
1298 1211
1299 1212
1300 1213
1301 1214
1302 3930
1303 1215
1304 1216
1305 1217
1306 1218
1307 1219
1308 1220
1309 1221
1310 1222
1311 1223
1312 1224
1313 1729
1314 1225
1315 1226
1316 1227
1317 1228
1318 1229
1319 1230
1320 1231
1321 1232
1322 1233
1323 1234
1324 1235
1325 1236
1326 1237
1327 1238
1328 1239
1329 1240
1330 1241
1331 2211
1332 1242
1333 1243
1334 1244
1335 1245
1336 1246
1337 1247
1338 1248
1339 1249
1340 1250
1341 1251
1342 1252
1343 6
1344 6
1345 1294
1346 1254
1347 1255
1348 1256
1349 1257
1350 1258
1351 1259
1352 1260
1353 1261
1354 1262
1355 1263
1356 1264
1357 1265
1358 1266
1359 1267
1360 1268
1361 1269
1362 1270
1363 3004
1364 1271
1365 1272
1366 1273
1367 1274
1368 1275
1369 1276
1370 1277
1371 1278
1372 1279
1373 1280
1374 1281
1375 1282
1376 1283
1377 1284
1378 1285
1379 1286
1380 1287
1381 1288
1382 1289
1383 1290
1384 1291
1385 1292
1386 1293
1387 1294
1388 1295
1389 1296
1390 1297
1391 1298
1392 1299
1393 1300
1394 1301
1395 1302
1396 1303
1397 1304
1398 1305
1399 1306
1400 1307
1401 1308
1402 1309
1403 1310
1404 1311
1405 1312
1406 1313
1407 1314
1408 1315
1409 3930
1410 1316
1411 1317
1412 1318
1413 1319
1414 1320
1415 1321
1416 1322
1417 1323
1418 1324
1419 1325
1420 1326
1421 1327
1422 1328
1423 1329
1424 1330
1425 1331
1426 1332
1427 1333
1428 1334
1429 1253
1430 1335
1431 1336
1432 1337
1433 1338
1434 1339
1435 1340
1436 1341
1437 1342
1438 1343
1439 1344
1440 1345
1441 1346
1442 1347
1443 1348
1444 1349
1445 1350
1446 1351
1447 1352
1448 1353
1449 1354
1450 1355
1451 1356
1452 1357
1453 1358
1454 1359
1455 1360
1456 1361
1457 1362
1458 1363
1459 1364
1460 1729
1461 1365
1462 1366
1463 1367
1464 1368
1465 1369
1466 1370
1467 1371
1468 1372
1469 1373
1470 1374
1471 1375
1472 3930
1473 1376
1474 1377
1475 1378
1476 1379
1477 1380
1478 1381
1479 1382
1480 1383
1481 1729
1482 1384
1483 1385
1484 1386
1485 1387
1486 1388
1487 1389
1488 1390
1489 1391
1490 1392
1491 1393
1492 1394
1493 1395
1494 1396
1495 1397
1496 1398
1497 1399
1498 1400
1499 1401
1500 1402
1501 1403
1502 3930
1503 1404
1504 1405
1505 1406
1506 1407
1507 1408
1508 1409
1509 1410
1510 1411
1511 1412
1512 1413
1513 1414
1514 1415
1515 1416
1516 1417
1517 1418
1518 1419
1519 1420
1520 1421
1521 1422
1522 1423
1523 1424
1524 1425
1525 1426
1526 1427
1527 1428
1528 1429
1529 1430
1530 1431
1531 1432
1532 1433
1533 1434
1534 1435
1535 1436
1536 1437
1537 1438
1538 1439
1539 1440
1540 1441
1541 1442
1542 1443
1543 1444
1544 1445
1545 1446
1546 1447
1547 1448
1548 1449
1549 1450
1550 1451
1551 1452
1552 1453
1553 1454
1554 1455
1555 1456
1556 1457
1557 1458
1558 1459
1559 1460
1560 1461
1561 1462
1562 1463
1563 1464
1564 3743
1565 1465
1566 1466
1567 1467
1568 1468
1569 1469
1570 1470
1571 1471
1572 1472
1573 1473
1574 1474
1575 1475
1576 1476
1577 1477
1578 1478
1579 3930
1580 1479
1581 1480
1582 1481
1583 1482
1584 1483
1585 1484
1586 1485
1587 1729
1588 1486
1589 1487
1590 1488
1591 1489
1592 1490
1593 1491
1594 1492
1595 1493
1596 1494
1597 1495
1598 1496
1599 1497
1600 1498
1601 2211
1602 1499
1603 1500
1604 1501
1605 3930
1606 1502
1607 1503
1608 1504
1609 1505
1610 1506
1611 1507
1612 1508
1613 1509
1614 1510
1615 1511
1616 1512
1617 1513
1618 1514
1619 1515
1620 1516
1621 1517
1622 1518
1623 1519
1624 1520
1625 1521
1626 1522
1627 1523
1628 1524
1629 1525
1630 1526
1631 1527
1632 1528
1633 1529
1634 6
1635 1530
1636 1531
1637 1532
1638 1533
1639 1534
1640 1535
1641 1536
1642 1537
1643 4906
1644 1538
1645 1539
1646 4923
1647 1540
1648 1541
1649 1542
1650 1543
1651 1544
1652 1545
1653 1546
1654 1547
1655 1548
1656 1549
1657 1550
1658 1551
1659 1552
1660 1553
1661 1554
1662 1555
1663 1556
1664 1557
1665 1558
1666 1559
1667 1560
1668 3930
1669 1561
1670 1562
1671 1563
1672 1564
1673 1565
1674 1566
1675 1567
1676 1568
1677 1569
1678 1570
1679 1571
1680 1572
1681 1573
1682 1574
1683 1575
1684 1576
1685 1577
1686 1578
1687 1579
1688 1580
1689 1581
1690 1582
1691 3930
1692 1583
1693 1584
1694 1585
1695 1586
1696 1587
1697 1588
1698 1589
1699 1590
1700 1591
1701 1592
1702 1593
1703 1594
1704 1595
1705 1596
1706 128
1707 1597
1708 1598
1709 3930
1710 1599
1711 1600
1712 1601
1713 1602
1714 1603
1715 6
1716 6
1717 1604
1718 3930
1719 1605
1720 1606
1721 1607
1722 1608
1723 1609
1724 3930
1725 3930
1726 1610
1727 1611
1728 6
1729 1612
1730 1613
1731 1614
1732 1615
1733 1616
1734 1617
1735 1618
1736 1619
1737 1620
1738 1621
1739 3743
1740 1622
1741 1623
1742 1294
1743 1624
1744 1625
1745 1626
1746 1627
1747 1628
1748 1629
1749 1630
1750 1631
1751 1632
1752 1633
1753 1634
1754 1635
1755 1636
1756 1637
1757 1638
1758 1639
1759 1640
1760 1641
1761 1642
1762 1643
1763 1644
1764 1645
1765 1646
1766 1647
1767 1648
1768 1649
1769 1650
1770 1651
1771 1652
1772 1653
1773 1654
1774 1655
1775 1656
1776 1657
1777 1658
1778 1659
1779 1729
1780 1660
1781 1661
1782 1729
1783 1662
1784 1663
1785 1664
1786 1665
1787 1666
1788 1667
1789 1668
1790 1669
1791 1670
1792 1671
1793 1672
1794 3930
1795 1673
1796 1674
1797 1675
1798 1676
1799 1677
1800 1729
1801 1678
1802 1679
1803 1680
1804 1681
1805 1682
1806 1683
1807 1684
1808 1685
1809 1686
1810 1687
1811 1688
1812 1689
1813 1690
1814 1691
1815 1692
1816 1693
1817 1694
1818 1695
1819 1696
1820 1697
1821 1698
1822 1699
1823 1700
1824 1701
1825 1702
1826 1703
1827 1704
1828 1705
1829 1706
1830 1707
1831 144
1832 1708
1833 1709
1834 1710
1835 1711
1836 1712
1837 1713
1838 1714
1839 1715
1840 1716
1841 1717
1842 1718
1843 3930
1844 1719
1845 1720
1846 1721
1847 1722
1848 1723
1849 1724
1850 1725
1851 1726
1852 1727
1853 1728
1854 1729
1855 1730
1856 1731
1857 1732
1858 3930
1859 1733
1860 1734
1861 1735
1862 1736
1863 1737
1864 1738
1865 1739
1866 1740
1867 1741
1868 1742
1869 1743
1870 1744
1871 1745
1872 1746
1873 1747
1874 1748
1875 1749
1876 1750
1877 3930
1878 1751
1879 1752
1880 1753
1881 1754
1882 1755
1883 1756
1884 1757
1885 1758
1886 1759
1887 1760
1888 1761
1889 1762
1890 1763
1891 3930
1892 1764
1893 1765
1894 1766
1895 1767
1896 1768
1897 1769
1898 1770
1899 1771
1900 1772
1901 1773
1902 1774
1903 1775
1904 1776
1905 3930
1906 1777
1907 1778
1908 1779
1909 1729
1910 1780
1911 1781
1912 1782
1913 1783
1914 1784
1915 1785
1916 1786
1917 1787
1918 1788
1919 1789
1920 1790
1921 1791
1922 1792
1923 1793
1924 1794
1925 1795
1926 1796
1927 1797
1928 1798
1929 1799
1930 1800
1931 1801
1932 1802
1933 1803
1934 1804
1935 3930
1936 1805
1937 1806
1938 1807
1939 1808
1940 1729
1941 1809
1942 1810
1943 1811
1944 1812
1945 1813
1946 1814
1947 1815
1948 1816
1949 1817
1950 1818
1951 1819
1952 1820
1953 3930
1954 1821
1955 1822
1956 1823
1957 1824
1958 1825
1959 1826
1960 1827
1961 1828
1962 1829
1963 1830
1964 1831
1965 1832
1966 3930
1967 1833
1968 1834
1969 1835
1970 1836
1971 1837
1972 3930
1973 1838
1974 1839
1975 1840
1976 1841
1977 1842
1978 1843
1979 1844
1980 1845
1981 1846
1982 1847
1983 1848
1984 1849
1985 1850
1986 1729
1987 1851
1988 1852
1989 1853
1990 1854
1991 1855
1992 1856
1993 1857
1994 1858
1995 1859
1996 1860
1997 1861
1998 1862
1999 1863
2000 1864
2001 1865
2002 1866
2003 1867
2004 1868
2005 1869
2006 1870
2007 1871
2008 1872
2009 1873
2010 1874
2011 1875
2012 1876
2013 1877
2014 6
2015 1878
2016 1879
2017 1880
2018 1881
2019 1882
2020 1883
2021 1884
2022 1885
2023 1886
2024 1887
2025 1888
2026 1889
2027 1890
2028 1891
2029 1892
2030 4906
2031 1893
2032 1894
2033 1895
2034 1896
2035 1897
2036 1898
2037 1899
2038 1900
2039 1901
2040 1902
2041 1903
2042 1904
2043 1905
2044 1906
2045 1907
2046 1908
2047 1909
2048 6
2049 1910
2050 1911
2051 1912
2052 1913
2053 6
2054 1914
2055 1915
2056 1916
2057 1917
2058 1918
2059 1919
2060 1920
2061 1921
2062 1922
2063 1923
2064 1924
2065 1925
2066 1926
2067 1927
2068 1928
2069 1929
2070 1930
2071 1931
2072 6
2073 1932
2074 1933
2075 1934
2076 1935
2077 1936
2078 1937
2079 1938
2080 1939
2081 1940
2082 1941
2083 1942
2084 1943
2085 1944
2086 1945
2087 1946
2088 1947
2089 1948
2090 1949
2091 1950
2092 1951
2093 1952
2094 1953
2095 1954
2096 1955
2097 1956
2098 1957
2099 1958
2100 1959
2101 1960
2102 1961
2103 1962
2104 1963
2105 1964
2106 1965
2107 1966
2108 1967
2109 1968
2110 1969
2111 1970
2112 1971
2113 1972
2114 1973
2115 1974
2116 1975
2117 1976
2118 1977
2119 1978
2120 1979
2121 1980
2122 1981
2123 1982
2124 1983
2125 3930
2126 1984
2127 1985
2128 1986
2129 1987
2130 1988
2131 1989
2132 1990
2133 3269
2134 1294
2135 1991
2136 1992
2137 1993
2138 1994
2139 1995
2140 1996
2141 1997
2142 1998
2143 1999
2144 2000
2145 2001
2146 2002
2147 2003
2148 2004
2149 2005
2150 2006
2151 2007
2152 2008
2153 2009
2154 1294
2155 2010
2156 2011
2157 2012
2158 2013
2159 2014
2160 2015
2161 2016
2162 2017
2163 2018
2164 2019
2165 2020
2166 2021
2167 2022
2168 2023
2169 2024
2170 1729
2171 2025
2172 2026
2173 3930
2174 2027
2175 2028
2176 2029
2177 2030
2178 2031
2179 6
2180 2032
2181 2033
2182 2034
2183 2035
2184 3930
2185 2036
2186 2037
2187 2038
2188 2039
2189 2040
2190 2041
2191 2042
2192 2043
2193 2044
2194 2045
2195 2046
2196 2047
2197 2048
2198 2049
2199 2050
2200 2051
2201 2052
2202 3004
2203 2053
2204 2054
2205 6
2206 2055
2207 2056
2208 2057
2209 2058
2210 2059
2211 2060
2212 2061
2213 2062
2214 2063
2215 2064
2216 2065
2217 2066
2218 2067
2219 2068
2220 2069
2221 2070
2222 2071
2223 2072
2224 2073
2225 2074
2226 2075
2227 2076
2228 2077
2229 2078
2230 1729
2231 2079
2232 2080
2233 2081
2234 2082
2235 2083
2236 2084
2237 2085
2238 2086
2239 2087
2240 2088
2241 2089
2242 2090
2243 2091
2244 2092
2245 2093
2246 2094
2247 2095
2248 3930
2249 2096
2250 2097
2251 2098
2252 2099
2253 2100
2254 3930
2255 2101
2256 2102
2257 2103
2258 2104
2259 2105
2260 2106
2261 2107
2262 2108
2263 2109
2264 2110
2265 2111
2266 2112
2267 2113
2268 2114
2269 2115
2270 2116
2271 3930
2272 2117
2273 2118
2274 2119
2275 2120
2276 2121
2277 2122
2278 2123
2279 2124
2280 2125
2281 2126
2282 2127
2283 2128
2284 2129
2285 2130
2286 2131
2287 4923
2288 2132
2289 2133
2290 2134
2291 2135
2292 2136
2293 2137
2294 2138
2295 2139
2296 2140
2297 2141
2298 2142
2299 2143
2300 2144
2301 2145
2302 2146
2303 2147
2304 2148
2305 2149
2306 3930
2307 2150
2308 6
2309 2151
2310 2152
2311 2153
2312 2154
2313 2155
2314 2156
2315 2157
2316 2158
2317 2159
2318 2160
2319 2161
2320 3930
2321 2162
2322 2163
2323 2164
2324 2165
2325 2166
2326 2167
2327 2168
2328 2169
2329 2170
2330 2171
2331 3269
2332 2172
2333 2173
2334 2174
2335 2175
2336 2176
2337 2177
2338 2178
2339 2179
2340 2180
2341 2181
2342 6
2343 2182
2344 2183
2345 2184
2346 2185
2347 2186
2348 2187
2349 3743
2350 2188
2351 2189
2352 2190
2353 2191
2354 2192
2355 2193
2356 2194
2357 2195
2358 2196
2359 2197
2360 2198
2361 2199
2362 2200
2363 2201
2364 2202
2365 2203
2366 2204
2367 2205
2368 2206
2369 2207
2370 2208
2371 2209
2372 2210
2373 2211
2374 2212
2375 2213
2376 2214
2377 2215
2378 2216
2379 2217
2380 2218
2381 2219
2382 2220
2383 2221
2384 2222
2385 2223
2386 2224
2387 2225
2388 2226
2389 2227
2390 2228
2391 2229
2392 2230
2393 2231
2394 2232
2395 2233
2396 2234
2397 2235
2398 1729
2399 2236
2400 2237
2401 2238
2402 2239
2403 2240
2404 2241
2405 2242
2406 2243
2407 2244
2408 2245
2409 2246
2410 2247
2411 2248
2412 2249
2413 2250
2414 2251
2415 2252
2416 2253
2417 2254
2418 2255
2419 2256
2420 2257
2421 2258
2422 2259
2423 2260
2424 2261
2425 2262
2426 2263
2427 2264
2428 2265
2429 2266
2430 2267
2431 3743
2432 2268
2433 2269
2434 2270
2435 2271
2436 3004
2437 2272
2438 2273
2439 2274
2440 2275
2441 2276
2442 2277
2443 2278
2444 2279
2445 2280
2446 2281
2447 2282
2448 2283
2449 2284
2450 2285
2451 2286
2452 2287
2453 2288
2454 2289
2455 2211
2456 2290
2457 2291
2458 2292
2459 2293
2460 3930
2461 2294
2462 2295
2463 2296
2464 2297
2465 2298
2466 2299
2467 2300
2468 2301
2469 2302
2470 2303
2471 2304
2472 2305
2473 2306
2474 2307
2475 2308
2476 2309
2477 2310
2478 2311
2479 2312
2480 2313
2481 2314
2482 2315
2483 2316
2484 2317
2485 2318
2486 2319
2487 2320
2488 2321
2489 2322
2490 3930
2491 2323
2492 2324
2493 2325
2494 2326
2495 2327
2496 2328
2497 2329
2498 2330
2499 2331
2500 2332
2501 2333
2502 2334
2503 2335
2504 2336
2505 2337
2506 2338
2507 2339
2508 2340
2509 2341
2510 2342
2511 2343
2512 2344
2513 2345
2514 2346
2515 2347
2516 2348
2517 2349
2518 2350
2519 2351
2520 2352
2521 2353
2522 2354
2523 2355
2524 2356
2525 2357
2526 2358
2527 2359
2528 2360
2529 2361
2530 2362
2531 2363
2532 2364
2533 2365
2534 2366
2535 2367
2536 2368
2537 2369
2538 2370
2539 2371
2540 2372
2541 2373
2542 1729
2543 2374
2544 1253
2545 2375
2546 2376
2547 2377
2548 2378
2549 2379
2550 1729
2551 2380
2552 2381
2553 2382
2554 2383
2555 2384
2556 2385
2557 2386
2558 1729
2559 2387
2560 2388
2561 2389
2562 2390
2563 2391
2564 2392
2565 2393
2566 2394
2567 2395
2568 2396
2569 2397
2570 3930
2571 2398
2572 2399
2573 2400
2574 2401
2575 2402
2576 2403
2577 2404
2578 2405
2579 2406
2580 2407
2581 2408
2582 2409
2583 2410
2584 2411
2585 1729
2586 2412
2587 2413
2588 2414
2589 2415
2590 2416
2591 2417
2592 2418
2593 3930
2594 2419
2595 2420
2596 2421
2597 2422
2598 2423
2599 2424
2600 2425
2601 2426
2602 2427
2603 2428
2604 2429
2605 2430
2606 2431
2607 2432
2608 2433
2609 2434
2610 2435
2611 2436
2612 4906
2613 2437
2614 2438
2615 2439
2616 2440
2617 2441
2618 2442
2619 2443
2620 2444
2621 2445
2622 2446
2623 2447
2624 2448
2625 2449
2626 2450
2627 2451
2628 2452
2629 2453
2630 2454
2631 2455
2632 2456
2633 2457
2634 2458
2635 2459
2636 2460
2637 2461
2638 2462
2639 2463
2640 2464
2641 2465
2642 2466
2643 2467
2644 1729
2645 2468
2646 2469
2647 2470
2648 2471
2649 2472
2650 2473
2651 2474
2652 2475
2653 2476
2654 2477
2655 2478
2656 2479
2657 2480
2658 2481
2659 2482
2660 2483
2661 2484
2662 2485
2663 2486
2664 2487
2665 2488
2666 2489
2667 2490
2668 2491
2669 2492
2670 2493
2671 2494
2672 2495
2673 2496
2674 2497
2675 2498
2676 2499
2677 2500
2678 3930
2679 2501
2680 2502
2681 2503
2682 2504
2683 2505
2684 2506
2685 6
2686 2507
2687 2508
2688 2509
2689 2510
2690 2511
2691 3930
2692 2512
2693 2513
2694 2514
2695 2515
2696 2516
2697 2517
2698 2518
2699 2519
2700 2520
2701 3930
2702 2521
2703 2522
2704 2523
2705 2524
2706 2525
2707 2526
2708 2527
2709 2528
2710 2529
2711 2530
2712 2531
2713 2532
2714 2533
2715 2534
2716 2535
2717 2536
2718 2537
2719 2538
2720 2539
2721 2540
2722 2541
2723 2542
2724 2543
2725 2544
2726 2545
2727 2546
2728 2547
2729 2548
2730 2549
2731 2550
2732 2551
2733 2552
2734 2553
2735 2554
2736 2555
2737 2556
2738 2557
2739 2558
2740 2559
2741 2560
2742 2561
2743 2562
2744 2563
2745 2564
2746 2565
2747 4906
2748 2566
2749 2567
2750 2568
2751 2569
2752 2570
2753 2571
2754 2572
2755 2573
2756 2574
2757 2575
2758 2576
2759 2577
2760 2578
2761 2579
2762 2580
2763 2581
2764 2582
2765 2583
2766 2584
2767 3930
2768 144
2769 2585
2770 2586
2771 2587
2772 2588
2773 2589
2774 2590
2775 2591
2776 2592
2777 3743
2778 2593
2779 2594
2780 2595
2781 2596
2782 2597
2783 2598
2784 2599
2785 2600
2786 2601
2787 2602
2788 2603
2789 2604
2790 2605
2791 2606
2792 2607
2793 2608
2794 2609
2795 2610
2796 2611
2797 2612
2798 2613
2799 3930
2800 2614
2801 2615
2802 2616
2803 2617
2804 2618
2805 2619
2806 2620
2807 1729
2808 2621
2809 2622
2810 2623
2811 2624
2812 2625
2813 2626
2814 2627
2815 2628
2816 2629
2817 2630
2818 2631
2819 2632
2820 2633
2821 2634
2822 2635
2823 2636
2824 2637
2825 2638
2826 2639
2827 2640
2828 2641
2829 2642
2830 2643
2831 2644
2832 2645
2833 2646
2834 2647
2835 2648
2836 2649
2837 2650
2838 2651
2839 2652
2840 2653
2841 2654
2842 2655
2843 2656
2844 2657
2845 2658
2846 2659
2847 6
2848 2660
2849 2661
2850 2662
2851 2663
2852 2664
2853 2665
2854 2666
2855 2667
2856 2668
2857 2669
2858 2670
2859 2671
2860 2672
2861 2673
2862 2674
2863 2675
2864 2676
2865 2677
2866 2678
2867 2679
2868 2680
2869 2681
2870 2682
2871 2683
2872 2684
2873 2685
2874 2686
2875 2687
2876 2688
2877 2689
2878 2690
2879 2691
2880 2692
2881 2693
2882 2694
2883 2695
2884 2696
2885 2697
2886 2698
2887 2699
2888 128
2889 2700
2890 2701
2891 2702
2892 2703
2893 2704
2894 2705
2895 2706
2896 2707
2897 2708
2898 2709
2899 2710
2900 2711
2901 2712
2902 2713
2903 2714
2904 2715
2905 2716
2906 2717
2907 2718
2908 2719
2909 2720
2910 2721
2911 2722
2912 2723
2913 2724
2914 2725
2915 2726
2916 6
2917 2727
2918 2728
2919 2729
2920 2730
2921 2731
2922 1729
2923 2732
2924 2733
2925 2734
2926 2735
2927 2736
2928 2737
2929 2738
2930 2739
2931 2740
2932 2741
2933 2742
2934 2743
2935 1729
2936 2744
2937 2745
2938 2746
2939 2747
2940 2748
2941 2749
2942 2750
2943 2751
2944 2752
2945 2753
2946 3930
2947 2754
2948 2755
2949 2756
2950 2757
2951 2758
2952 2759
2953 2760
2954 2761
2955 2762
2956 2763
2957 2764
2958 2765
2959 2766
2960 2767
2961 2768
2962 2769
2963 2770
2964 2771
2965 2772
2966 2773
2967 2774
2968 2775
2969 2776
2970 2777
2971 2778
2972 2779
2973 2780
2974 2781
2975 2782
2976 2783
2977 2784
2978 2785
2979 2786
2980 2787
2981 2788
2982 2789
2983 3743
2984 2790
2985 2791
2986 2792
2987 2793
2988 1729
2989 2794
2990 2795
2991 2796
2992 2797
2993 2798
2994 2799
2995 2800
2996 2801
2997 2802
2998 2803
2999 2804
3000 2805
3001 2806
3002 2807
3003 2808
3004 2809
3005 2810
3006 2811
3007 2812
3008 2813
3009 2814
3010 2815
3011 3743
3012 2816
3013 2817
3014 2818
3015 2819
3016 2820
3017 2821
3018 2822
3019 2823
3020 2824
3021 2825
3022 2826
3023 2827
3024 2828
3025 2829
3026 2830
3027 2831
3028 2832
3029 2833
3030 2834
3031 2835
3032 2836
3033 2837
3034 2838
3035 1729
3036 2839
3037 2840
3038 2841
3039 2842
3040 2843
3041 2844
3042 2845
3043 2846
3044 2847
3045 2848
3046 2849
3047 2850
3048 2851
3049 2852
3050 2853
3051 2854
3052 2855
3053 2856
3054 2857
3055 2858
3056 2859
3057 2860
3058 2861
3059 2862
3060 2863
3061 2864
3062 2865
3063 3930
3064 2866
3065 2867
3066 2868
3067 2869
3068 2870
3069 2871
3070 2872
3071 2873
3072 2874
3073 2875
3074 2876
3075 2877
3076 2878
3077 2879
3078 2880
3079 2881
3080 2882
3081 2883
3082 2884
3083 2885
3084 2886
3085 2887
3086 2888
3087 2889
3088 6
3089 2890
3090 2891
3091 2892
3092 2893
3093 2894
3094 2895
3095 2896
3096 2897
3097 1729
3098 2898
3099 2899
3100 2900
3101 2901
3102 2902
3103 2903
3104 2904
3105 1729
3106 2905
3107 2906
3108 2907
3109 2908
3110 2909
3111 2910
3112 2911
3113 2912
3114 2913
3115 2914
3116 2915
3117 2916
3118 2917
3119 2918
3120 2919
3121 2920
3122 2921
3123 2922
3124 2923
3125 2924
3126 2925
3127 2926
3128 2927
3129 2928
3130 2929
3131 2930
3132 2931
3133 2932
3134 2933
3135 2934
3136 2935
3137 2936
3138 2937
3139 2938
3140 2939
3141 2940
3142 2941
3143 2942
3144 2943
3145 2944
3146 2945
3147 2946
3148 2947
3149 2948
3150 2949
3151 2950
3152 2951
3153 2952
3154 2953
3155 2954
3156 2955
3157 2956
3158 2957
3159 2958
3160 2959
3161 2960
3162 2961
3163 2962
3164 2963
3165 2964
3166 2965
3167 2966
3168 2967
3169 6
3170 2968
3171 2969
3172 2970
3173 2971
3174 2972
3175 2973
3176 2974
3177 2975
3178 2976
3179 2977
3180 2978
3181 2979
3182 2980
3183 2981
3184 2982
3185 2983
3186 2984
3187 2985
3188 2986
3189 2987
3190 2988
3191 2989
3192 2990
3193 2991
3194 2992
3195 2993
3196 2994
3197 2995
3198 2996
3199 2997
3200 2998
3201 2999
3202 3000
3203 3001
3204 3002
3205 3003
3206 1729
3207 3005
3208 3006
3209 3007
3210 3008
3211 3009
3212 3010
3213 3011
3214 3012
3215 3013
3216 3014
3217 3015
3218 3016
3219 3017
3220 3018
3221 3019
3222 3020
3223 3021
3224 3022
3225 3023
3226 3024
3227 3025
3228 3026
3229 3027
3230 3028
3231 3029
3232 3030
3233 3031
3234 3032
3235 3033
3236 3034
3237 3035
3238 3036
3239 3037
3240 3038
3241 3039
3242 3040
3243 3041
3244 3042
3245 3043
3246 3044
3247 3045
3248 3046
3249 3047
3250 3048
3251 3930
3252 3049
3253 3050
3254 3051
3255 3052
3256 3053
3257 3054
3258 3055
3259 3056
3260 3057
3261 3058
3262 3059
3263 3060
3264 3061
3265 3062
3266 3063
3267 3064
3268 3065
3269 3066
3270 3067
3271 3068
3272 3069
3273 3070
3274 3071
3275 3072
3276 3073
3277 3074
3278 3075
3279 3076
3280 3077
3281 3078
3282 3079
3283 3080
3284 3081
3285 3082
3286 3083
3287 3084
3288 3085
3289 3086
3290 3087
3291 3088
3292 3089
3293 3090
3294 3091
3295 3930
3296 3092
3297 3093
3298 3094
3299 3095
3300 3096
3301 3097
3302 3098
3303 3099
3304 3100
3305 3101
3306 3102
3307 3103
3308 3104
3309 3105
3310 3106
3311 3107
3312 3108
3313 3109
3314 3966
3315 3110
3316 3111
3317 3112
3318 3113
3319 3114
3320 3115
3321 3116
3322 1729
3323 3117
3324 3118
3325 3119
3326 3120
3327 3121
3328 6
3329 3122
3330 1729
3331 3123
3332 3124
3333 3125
3334 3126
3335 1729
3336 3127
3337 3128
3338 3930
3339 3129
3340 3130
3341 3131
3342 3132
3343 3133
3344 3134
3345 6
3346 3135
3347 3136
3348 3137
3349 3138
3350 3139
3351 3140
3352 3141
3353 3142
3354 3143
3355 3144
3356 3145
3357 3146
3358 3147
3359 3148
3360 3149
3361 3150
3362 3151
3363 3152
3364 3153
3365 3154
3366 3155
3367 3156
3368 3157
3369 3158
3370 3159
3371 3160
3372 3161
3373 3162
3374 1729
3375 144
3376 3163
3377 3164
3378 3165
3379 3166
3380 3167
3381 3168
3382 3169
3383 3170
3384 3171
3385 3172
3386 3173
3387 3174
3388 3175
3389 3176
3390 3177
3391 3930
3392 3178
3393 3179
3394 3180
3395 3181
3396 3182
3397 3183
3398 3184
3399 3185
3400 3186
3401 3187
3402 3930
3403 3188
3404 3189
3405 3190
3406 3191
3407 3192
3408 3193
3409 3194
3410 3195
3411 3196
3412 3197
3413 3198
3414 3199
3415 3200
3416 3201
3417 3202
3418 3203
3419 3204
3420 3205
3421 3206
3422 3207
3423 6
3424 3208
3425 3209
3426 6
3427 3210
3428 3211
3429 3212
3430 3213
3431 3214
3432 3215
3433 3216
3434 3217
3435 3218
3436 3219
3437 3220
3438 3221
3439 3222
3440 3223
3441 3224
3442 3225
3443 3226
3444 3227
3445 3228
3446 3229
3447 3230
3448 3231
3449 3930
3450 3232
3451 3233
3452 3234
3453 3235
3454 3236
3455 3237
3456 3238
3457 3239
3458 3240
3459 3241
3460 3242
3461 3930
3462 3243
3463 3244
3464 3245
3465 3246
3466 3930
3467 3247
3468 3248
3469 3249
3470 3250
3471 3251
3472 3252
3473 3253
3474 1729
3475 3254
3476 3255
3477 3930
3478 3256
3479 3257
3480 3258
3481 3259
3482 3260
3483 3261
3484 3262
3485 3263
3486 3264
3487 3265
3488 3266
3489 3267
3490 3268
3491 3930
3492 3270
3493 3271
3494 3272
3495 3273
3496 3274
3497 3275
3498 1729
3499 3276
3500 3277
3501 3278
3502 3279
3503 3280
3504 3281
3505 3282
3506 3283
3507 3284
3508 3285
3509 3286
3510 3930
3511 3287
3512 3288
3513 3289
3514 3290
3515 3291
3516 3292
3517 3293
3518 3294
3519 3295
3520 3296
3521 3297
3522 3298
3523 3299
3524 1729
3525 3300
3526 3301
3527 3302
3528 3303
3529 3304
3530 3305
3531 3306
3532 3307
3533 3308
3534 3309
3535 3310
3536 3311
3537 3312
3538 3313
3539 3314
3540 3315
3541 3316
3542 3317
3543 3318
3544 3319
3545 3320
3546 3321
3547 3322
3548 3323
3549 3324
3550 3325
3551 3326
3552 3327
3553 3328
3554 3329
3555 6
3556 3330
3557 3331
3558 3332
3559 3333
3560 3334
3561 3335
3562 3336
3563 3337
3564 3338
3565 3339
3566 3340
3567 2211
3568 3341
3569 3342
3570 3343
3571 3344
3572 3345
3573 3346
3574 3347
3575 3348
3576 3349
3577 3350
3578 3351
3579 3352
3580 3353
3581 3354
3582 3355
3583 3356
3584 3357
3585 3358
3586 3359
3587 3360
3588 3361
3589 3362
3590 3363
3591 3364
3592 3365
3593 1729
3594 3366
3595 3367
3596 3368
3597 3369
3598 3370
3599 3371
3600 3372
3601 6
3602 3373
3603 3374
3604 3375
3605 3376
3606 3377
3607 3378
3608 3379
3609 3380
3610 3381
3611 3382
3612 3383
3613 3384
3614 3385
3615 3386
3616 3387
3617 3388
3618 3389
3619 3390
3620 3391
3621 3392
3622 3393
3623 3394
3624 3395
3625 3396
3626 3397
3627 3398
3628 3399
3629 3400
3630 3401
3631 3402
3632 3403
3633 3404
3634 3405
3635 3406
3636 4923
3637 3407
3638 3408
3639 3409
3640 3410
3641 3411
3642 3412
3643 3413
3644 3414
3645 3415
3646 3416
3647 3417
3648 3418
3649 3419
3650 3420
3651 3421
3652 3422
3653 1729
3654 3423
3655 3424
3656 3425
3657 3426
3658 3427
3659 3428
3660 3429
3661 3430
3662 3431
3663 3432
3664 3433
3665 3434
3666 1729
3667 3435
3668 3436
3669 3437
3670 3438
3671 3439
3672 3440
3673 3441
3674 3442
3675 3443
3676 3444
3677 3445
3678 3446
3679 3447
3680 3448
3681 3449
3682 3450
3683 3451
3684 3452
3685 3453
3686 3454
3687 3455
3688 3456
3689 3457
3690 3458
3691 3459
3692 3460
3693 3461
3694 3462
3695 3463
3696 3464
3697 3465
3698 3466
3699 3467
3700 3930
3701 3468
3702 3469
3703 3470
3704 3471
3705 3472
3706 3473
3707 3474
3708 3475
3709 1729
3710 3476
3711 3477
3712 3478
3713 3479
3714 3480
3715 3481
3716 3482
3717 3483
3718 3484
3719 3485
3720 3486
3721 3487
3722 3488
3723 3489
3724 3490
3725 3491
3726 3492
3727 3493
3728 3494
3729 3495
3730 3496
3731 3497
3732 2211
3733 3498
3734 3499
3735 3500
3736 3501
3737 3502
3738 1729
3739 3503
3740 3504
3741 3505
3742 4906
3743 3506
3744 3507
3745 3508
3746 3509
3747 3510
3748 3511
3749 3512
3750 3513
3751 3514
3752 3515
3753 3516
3754 3930
3755 3517
3756 3518
3757 3519
3758 144
3759 3520
3760 3521
3761 3522
3762 3523
3763 3524
3764 3525
3765 3526
3766 3527
3767 3528
3768 3529
3769 3530
3770 3531
3771 3532
3772 3533
3773 3534
3774 3535
3775 3536
3776 3537
3777 3538
3778 3539
3779 3540
3780 3004
3781 3541
3782 3542
3783 3543
3784 3544
3785 3545
3786 3546
3787 3547
3788 3548
3789 3549
3790 3550
3791 3551
3792 3552
3793 3553
3794 3554
3795 3555
3796 3556
3797 3557
3798 3558
3799 3559
3800 3560
3801 3561
3802 3562
3803 3930
3804 3930
3805 3563
3806 3564
3807 3565
3808 3566
3809 3567
3810 3568
3811 3569
3812 144
3813 3570
3814 3571
3815 3572
3816 3573
3817 3574
3818 3575
3819 3576
3820 3577
3821 3578
3822 6
3823 3579
3824 3580
3825 3581
3826 3582
3827 3583
3828 3584
3829 3585
3830 3586
3831 3587
3832 3588
3833 3589
3834 3590
3835 3591
3836 3592
3837 3593
3838 3743
3839 3594
3840 3595
3841 3596
3842 3597
3843 3598
3844 3599
3845 3600
3846 3601
3847 3602
3848 3603
3849 3604
3850 3605
3851 3606
3852 3607
3853 3608
3854 3609
3855 3610
3856 3611
3857 1729
3858 3612
3859 3613
3860 3614
3861 3615
3862 3616
3863 3617
3864 3618
3865 3619
3866 3620
3867 3621
3868 3622
3869 3623
3870 3624
3871 3625
3872 4148
3873 3626
3874 3627
3875 3628
3876 3629
3877 3630
3878 3631
3879 3632
3880 3633
3881 3634
3882 3635
3883 3636
3884 3637
3885 4923
3886 3638
3887 3639
3888 3640
3889 3641
3890 3930
3891 3642
3892 3643
3893 3644
3894 3645
3895 3646
3896 3647
3897 3648
3898 3649
3899 3650
3900 3651
3901 3652
3902 3653
3903 3654
3904 3655
3905 3656
3906 3657
3907 3658
3908 3659
3909 3660
3910 3661
3911 3662
3912 3663
3913 3664
3914 3665
3915 3666
3916 3667
3917 3668
3918 3669
3919 3670
3920 3671
3921 3672
3922 3673
3923 3674
3924 3675
3925 3676
3926 3677
3927 3678
3928 3930
3929 3679
3930 3930
3931 3680
3932 3681
3933 3682
3934 3683
3935 3684
3936 3685
3937 3686
3938 3687
3939 3688
3940 3689
3941 3690
3942 3691
3943 3692
3944 3693
3945 3694
3946 3695
3947 3696
3948 3697
3949 3698
3950 3699
3951 3700
3952 3701
3953 3702
3954 3703
3955 6
3956 3704
3957 3705
3958 3706
3959 3707
3960 3708
3961 3709
3962 3710
3963 3711
3964 3712
3965 3713
3966 3714
3967 3715
3968 144
3969 3716
3970 3930
3971 3717
3972 3718
3973 3719
3974 3720
3975 3721
3976 3722
3977 3723
3978 1729
3979 3724
3980 3725
3981 3726
3982 3727
3983 3728
3984 3729
3985 3730
3986 3269
3987 3731
3988 3732
3989 3733
3990 3734
3991 3735
3992 3736
3993 3737
3994 3738
3995 3739
3996 3740
3997 3741
3998 3742
3999 3743
4000 3744
4001 3745
4002 3930
4003 3746
4004 3747
4005 3748
4006 3749
4007 3750
4008 3751
4009 3752
4010 3753
4011 3754
4012 3755
4013 3756
4014 3757
4015 3758
4016 3759
4017 3760
4018 3761
4019 3762
4020 3763
4021 3764
4022 3765
4023 3766
4024 3767
4025 3768
4026 3769
4027 3770
4028 3771
4029 3772
4030 3773
4031 3774
4032 3775
4033 3776
4034 3777
4035 144
4036 3778
4037 3779
4038 3780
4039 3781
4040 3782
4041 3783
4042 3784
4043 3785
4044 3786
4045 3787
4046 3788
4047 3789
4048 3790
4049 3791
4050 3792
4051 3793
4052 3794
4053 3930
4054 3795
4055 3796
4056 3797
4057 3798
4058 3799
4059 3800
4060 3801
4061 3802
4062 3803
4063 3804
4064 3805
4065 3806
4066 3807
4067 3808
4068 3809
4069 3810
4070 3811
4071 3812
4072 3813
4073 3814
4074 3815
4075 3816
4076 3817
4077 3818
4078 3819
4079 3820
4080 3821
4081 3822
4082 3823
4083 3824
4084 1729
4085 3825
4086 3826
4087 3827
4088 3828
4089 3829
4090 3830
4091 3831
4092 3832
4093 3833
4094 3834
4095 3835
4096 3836
4097 6
4098 3837
4099 3838
4100 3839
4101 3840
4102 3841
4103 3842
4104 3843
4105 3844
4106 3845
4107 3846
4108 3847
4109 3848
4110 3849
4111 3850
4112 3851
4113 3852
4114 3853
4115 3854
4116 3855
4117 3856
4118 3857
4119 2211
4120 3858
4121 3859
4122 3860
4123 3861
4124 3862
4125 3863
4126 3864
4127 3865
4128 3866
4129 3867
4130 3868
4131 3869
4132 3870
4133 3871
4134 3872
4135 3873
4136 3874
4137 3875
4138 3876
4139 3877
4140 3878
4141 3879
4142 3880
4143 3269
4144 3881
4145 3882
4146 3883
4147 3884
4148 3885
4149 3886
4150 3887
4151 3888
4152 3889
4153 3890
4154 3891
4155 3892
4156 3930
4157 3893
4158 2211
4159 3894
4160 3895
4161 3896
4162 3930
4163 3897
4164 3898
4165 3899
4166 3900
4167 3901
4168 3902
4169 3903
4170 3904
4171 3743
4172 3905
4173 3906
4174 3907
4175 3908
4176 3909
4177 3910
4178 1729
4179 3911
4180 3912
4181 3913
4182 3914
4183 3915
4184 4906
4185 3916
4186 3917
4187 3918
4188 3919
4189 3920
4190 3921
4191 3922
4192 3923
4193 3924
4194 3925
4195 3926
4196 3927
4197 3928
4198 3929
4199 3930
4200 3931
4201 3932
4202 3933
4203 3934
4204 3935
4205 3936
4206 3937
4207 3938
4208 3939
4209 3940
4210 3941
4211 3942
4212 3943
4213 3944
4214 3945
4215 3946
4216 3947
4217 3948
4218 3949
4219 3930
4220 3950
4221 3951
4222 3952
4223 3953
4224 3954
4225 3955
4226 3956
4227 3957
4228 3958
4229 3959
4230 3960
4231 3961
4232 3962
4233 3930
4234 3963
4235 3964
4236 3965
4237 3930
4238 3967
4239 3968
4240 3969
4241 3970
4242 3971
4243 3972
4244 3973
4245 3974
4246 3975
4247 3976
4248 3977
4249 2211
4250 3978
4251 3979
4252 3980
4253 3981
4254 3982
4255 3983
4256 3984
4257 3985
4258 3986
4259 3930
4260 3987
4261 3988
4262 3989
4263 3990
4264 3991
4265 3992
4266 3993
4267 3994
4268 3995
4269 3996
4270 3997
4271 3998
4272 3999
4273 4000
4274 4001
4275 4002
4276 4003
4277 4004
4278 4005
4279 4006
4280 4007
4281 4008
4282 4009
4283 4010
4284 4011
4285 4012
4286 4013
4287 4014
4288 4015
4289 4016
4290 4017
4291 4018
4292 4019
4293 4020
4294 4021
4295 4022
4296 4023
4297 4024
4298 4025
4299 4026
4300 4027
4301 4028
4302 4029
4303 4030
4304 4031
4305 4032
4306 4033
4307 4034
4308 4035
4309 4906
4310 4036
4311 4037
4312 4038
4313 4039
4314 4040
4315 4041
4316 4042
4317 4043
4318 4044
4319 4045
4320 4046
4321 4047
4322 4048
4323 4049
4324 4050
4325 4051
4326 4052
4327 4053
4328 3930
4329 4054
4330 4055
4331 3930
4332 4056
4333 4057
4334 4058
4335 4059
4336 4060
4337 4061
4338 6
4339 4062
4340 4063
4341 4064
4342 4065
4343 4066
4344 4067
4345 4068
4346 4069
4347 4070
4348 4071
4349 4072
4350 4073
4351 4074
4352 4075
4353 4076
4354 4077
4355 4078
4356 4079
4357 4080
4358 4081
4359 6
4360 4082
4361 4083
4362 4084
4363 4085
4364 4086
4365 4087
4366 4088
4367 4089
4368 4090
4369 4091
4370 4092
4371 4093
4372 4094
4373 4095
4374 4096
4375 4097
4376 4098
4377 4099
4378 4100
4379 4101
4380 4102
4381 144
4382 3743
4383 4103
4384 4104
4385 4105
4386 4106
4387 4107
4388 4108
4389 4109
4390 4110
4391 4111
4392 4112
4393 4113
4394 4114
4395 4115
4396 4116
4397 4117
4398 4118
4399 4119
4400 4120
4401 4121
4402 4122
4403 4123
4404 4124
4405 4125
4406 4126
4407 4127
4408 4906
4409 4128
4410 4129
4411 4130
4412 4131
4413 4132
4414 3966
4415 4133
4416 4134
4417 4135
4418 4136
4419 4137
4420 4138
4421 4139
4422 4140
4423 4141
4424 4142
4425 3743
4426 4143
4427 4144
4428 4145
4429 4146
4430 4147
4431 4148
4432 4149
4433 4150
4434 4151
4435 4152
4436 4153
4437 4154
4438 4155
4439 4156
4440 4157
4441 4158
4442 4159
4443 4160
4444 4161
4445 4162
4446 4163
4447 4164
4448 4165
4449 4166
4450 4167
4451 4168
4452 4169
4453 4170
4454 4171
4455 4172
4456 4173
4457 4174
4458 4175
4459 4176
4460 4177
4461 4178
4462 4179
4463 4180
4464 4181
4465 4182
4466 4183
4467 4184
4468 4185
4469 1729
4470 4186
4471 4187
4472 4188
4473 4189
4474 4190
4475 4191
4476 4192
4477 4193
4478 4194
4479 4195
4480 4196
4481 4197
4482 4198
4483 4199
4484 4200
4485 4201
4486 4202
4487 4203
4488 4204
4489 4205
4490 4206
4491 4207
4492 4208
4493 4209
4494 1729
4495 4210
4496 4211
4497 4212
4498 4213
4499 4214
4500 4215
4501 4216
4502 3930
4503 4217
4504 4218
4505 1729
4506 4219
4507 4220
4508 4221
4509 4222
4510 4223
4511 4224
4512 3930
4513 4225
4514 4226
4515 4227
4516 4228
4517 4229
4518 4230
4519 4231
4520 4232
4521 719
4522 4233
4523 4234
4524 4235
4525 4236
4526 4237
4527 4238
4528 4239
4529 4240
4530 4241
4531 4242
4532 4243
4533 2211
4534 4244
4535 4245
4536 4246
4537 4247
4538 4248
4539 4249
4540 4250
4541 4251
4542 4252
4543 4253
4544 4254
4545 4255
4546 4256
4547 4257
4548 4258
4549 4259
4550 4260
4551 4261
4552 4262
4553 4263
4554 4264
4555 4265
4556 4266
4557 3004
4558 4267
4559 4268
4560 4269
4561 4270
4562 4271
4563 4272
4564 4273
4565 4274
4566 4275
4567 4276
4568 4277
4569 4278
4570 4279
4571 4280
4572 4281
4573 4282
4574 4283
4575 4284
4576 4285
4577 4286
4578 4287
4579 4288
4580 4289
4581 4290
4582 4291
4583 4292
4584 4293
4585 4294
4586 4906
4587 4295
4588 4296
4589 4297
4590 4298
4591 4299
4592 4300
4593 4301
4594 4302
4595 1729
4596 4303
4597 4304
4598 4305
4599 4306
4600 6
4601 4307
4602 4308
4603 4309
4604 4310
4605 4311
4606 4312
4607 4313
4608 4314
4609 4315
4610 4316
4611 4317
4612 4318
4613 4319
4614 4320
4615 4321
4616 4322
4617 4323
4618 4324
4619 4325
4620 4326
4621 4327
4622 4328
4623 4329
4624 4330
4625 4331
4626 4332
4627 4333
4628 4334
4629 4335
4630 4336
4631 4337
4632 4338
4633 4339
4634 4340
4635 4341
4636 4342
4637 4343
4638 3930
4639 4344
4640 4345
4641 4346
4642 4347
4643 4348
4644 4349
4645 4350
4646 4351
4647 4352
4648 4353
4649 4354
4650 4355
4651 3930
4652 4356
4653 4357
4654 4358
4655 4359
4656 4360
4657 4361
4658 4362
4659 4363
4660 4364
4661 6
4662 4365
4663 4366
4664 4367
4665 4368
4666 4369
4667 4370
4668 4371
4669 4372
4670 4373
4671 4374
4672 4375
4673 4376
4674 4377
4675 4378
4676 3930
4677 4379
4678 4380
4679 4381
4680 4382
4681 4383
4682 4384
4683 4385
4684 4386
4685 4387
4686 4388
4687 4389
4688 4390
4689 4391
4690 4392
4691 4393
4692 4394
4693 4395
4694 4396
4695 4397
4696 4398
4697 4399
4698 4400
4699 4401
4700 4402
4701 4403
4702 4404
4703 4405
4704 1729
4705 4406
4706 4407
4707 4408
4708 4409
4709 4410
4710 4411
4711 4412
4712 4413
4713 4414
4714 4415
4715 4416
4716 4417
4717 4418
4718 4419
4719 4420
4720 4421
4721 4422
4722 4423
4723 4424
4724 6
4725 4425
4726 4426
4727 4427
4728 4428
4729 4429
4730 4430
4731 4431
4732 4432
4733 4433
4734 4434
4735 4435
4736 3930
4737 4436
4738 4437
4739 4438
4740 4439
4741 4440
4742 4441
4743 4442
4744 4443
4745 4444
4746 4445
4747 4446
4748 3930
4749 4447
4750 4448
4751 4449
4752 4450
4753 4451
4754 4452
4755 4453
4756 4454
4757 4455
4758 4456
4759 4457
4760 4458
4761 4459
4762 4460
4763 4461
4764 4462
4765 4463
4766 4464
4767 4465
4768 4466
4769 4467
4770 4468
4771 4469
4772 4470
4773 4471
4774 4472
4775 4473
4776 4474
4777 4475
4778 4476
4779 4477
4780 4478
4781 4479
4782 4480
4783 4481
4784 4482
4785 4483
4786 4484
4787 4485
4788 4486
4789 4487
4790 4488
4791 4489
4792 6
4793 4490
4794 4491
4795 4492
4796 4493
4797 4494
4798 4495
4799 4496
4800 4497
4801 4498
4802 4499
4803 4500
4804 4501
4805 4502
4806 4503
4807 4504
4808 4505
4809 4506
4810 4507
4811 4508
4812 4509
4813 4510
4814 4511
4815 4512
4816 4513
4817 4514
4818 4515
4819 4516
4820 4517
4821 3930
4822 4518
4823 4519
4824 4520
4825 4521
4826 4522
4827 4523
4828 4524
4829 4525
4830 4526
4831 4527
4832 4528
4833 4529
4834 4530
4835 4531
4836 4532
4837 4533
4838 4534
4839 4535
4840 4536
4841 4537
4842 4538
4843 4539
4844 4540
4845 4541
4846 4542
4847 4543
4848 4544
4849 4545
4850 4546
4851 6
4852 4547
4853 3930
4854 4548
4855 4549
4856 4550
4857 4551
4858 4552
4859 4553
4860 4554
4861 4555
4862 4556
4863 4557
4864 4558
4865 4559
4866 4560
4867 4561
4868 4562
4869 4563
4870 4564
4871 4565
4872 4566
4873 4567
4874 4568
4875 6
4876 4569
4877 4570
4878 4571
4879 4572
4880 4573
4881 4574
4882 4575
4883 4576
4884 4577
4885 4578
4886 4579
4887 4580
4888 4581
4889 4582
4890 4583
4891 4584
4892 4585
4893 4586
4894 4587
4895 4588
4896 4589
4897 1729
4898 4590
4899 4591
4900 4592
4901 4593
4902 4594
4903 4595
4904 4596
4905 4597
4906 4598
4907 4599
4908 4600
4909 4601
4910 4602
4911 4603
4912 4604
4913 4605
4914 4606
4915 4607
4916 4608
4917 4609
4918 4610
4919 4611
4920 4612
4921 4613
4922 3743
4923 6
4924 4614
4925 3930
4926 4615
4927 4616
4928 4617
4929 4618
4930 3930
4931 4619
4932 4620
4933 4621
4934 4622
4935 4623
4936 4624
4937 4625
4938 4626
4939 4627
4940 4628
4941 4629
4942 4630
4943 4631
4944 4632
4945 4633
4946 4634
4947 4635
4948 4636
4949 4637
4950 4638
4951 4639
4952 4640
4953 1729
4954 4641
4955 4642
4956 4643
4957 4644
4958 4645
4959 1729
4960 4646
4961 4647
4962 4648
4963 4649
4964 4650
4965 4651
4966 4652
4967 4653
4968 4654
4969 4655
4970 4656
4971 4657
4972 4658
4973 4659
4974 4660
4975 4661
4976 4662
4977 4663
4978 4664
4979 4665
4980 4666
4981 4667
4982 4668
4983 4669
4984 4670
4985 4671
4986 4672
4987 4673
4988 4674
4989 4675
4990 4676
4991 4677
4992 4678
4993 4679
4994 4680
4995 4681
4996 4682
4997 4683
4998 4684
4999 4685
5000 4686
5001 4687
5002 4688
5003 4689
5004 4690
5005 4691
5006 4692
5007 4693
5008 4694
5009 4695
5010 4696
5011 4697
5012 4698
5013 4699
5014 4700
5015 4701
5016 4702
5017 4703
5018 4704
5019 4705
5020 4706
5021 4707
5022 4708
5023 4709
5024 4710
5025 4711
5026 4712
5027 4713
5028 4714
5029 4715
5030 4716
5031 4717
5032 4718
5033 4719
5034 4720
5035 4721
5036 3743
5037 4722
5038 4723
5039 4724
5040 4725
5041 4726
5042 4727
5043 4728
5044 4729
5045 4730
5046 4731
5047 4732
5048 4733
5049 4734
5050 4735
5051 4736
5052 4737
5053 4738
5054 4739
5055 4740
5056 3930
5057 6
5058 4741
5059 4742
5060 4743
5061 4744
5062 4745
5063 4746
5064 4747
5065 4748
5066 4749
5067 4750
5068 4751
5069 4752
5070 4753
5071 4754
5072 4755
5073 4756
5074 4757
5075 4758
5076 4759
5077 4760
5078 4761
5079 4762
5080 4763
5081 4764
5082 4765
5083 4766
5084 3930
5085 4767
5086 4768
5087 4769
5088 4770
5089 4771
5090 4772
5091 4773
5092 4774
5093 4775
5094 4776
5095 4777
5096 4778
5097 4779
5098 4780
5099 4781
5100 3930
5101 4782
5102 4783
5103 4784
5104 4785
5105 4786
5106 3930
5107 4787
5108 4788
5109 4789
5110 4790
5111 4791
5112 4792
5113 4793
5114 4794
5115 4795
5116 4796
5117 4797
5118 4798
5119 4799
5120 4800
5121 4801
5122 4802
5123 4803
5124 4804
5125 4805
5126 4806
5127 4807
5128 4808
5129 4809
5130 4810
5131 4811
5132 3930
5133 4812
5134 4813
5135 3930
5136 4814
5137 4815
5138 4816
5139 4817
5140 4818
5141 4819
5142 3930
5143 4820
5144 4821
5145 4822
5146 4823
5147 4824
5148 4825
5149 4826
5150 4827
5151 4828
5152 3930
5153 4829
5154 4830
5155 4831
5156 4832
5157 4833
5158 4834
5159 4835
5160 4836
5161 4837
5162 4838
5163 4839
5164 4840
5165 4841
5166 4842
5167 4843
5168 4844
5169 4845
5170 4846
5171 4847
5172 4848
5173 4849
5174 4850
5175 4851
5176 4852
5177 4853
5178 4854
5179 4855
5180 4856
5181 4857
5182 4858
5183 4859
5184 3930
5185 4860
5186 4861
5187 4862
5188 4863
5189 4864
5190 4865
5191 4866
5192 3930
5193 4867
5194 4868
5195 3743
5196 4869
5197 4870
5198 4871
5199 4872
5200 4873
5201 4874
5202 4875
5203 4876
5204 4877
5205 4878
5206 4879
5207 4880
5208 4881
5209 4882
5210 4883
5211 4884
5212 4885
5213 4886
5214 4887
5215 4888
5216 4889
5217 4890
5218 4891
5219 4892
5220 4893
5221 4894
5222 4895
5223 4896
5224 4897
5225 4898
5226 4899
5227 4900
5228 4901
5229 4902
5230 4903
5231 4904
5232 4905
5233 4906
5234 4907
5235 4908
5236 4909
5237 4910
5238 4911
5239 4912
5240 4913
5241 2211
5242 4914
5243 4915
5244 4916
5245 4917
5246 6
5247 4918
5248 4919
5249 4920
5250 4921
5251 4922
5252 1729
