11	226	0.009615384615384616
11	933	0.009615384615384616
11	1171	0.004807692307692308
11	2531	0.004807692307692308
11	2571	0.009615384615384616
11	3867	0.0625
11	3960	0.004807692307692308
11	4539	0.004807692307692308
11	5030	0.04807692307692308
24	3960	0.004807692307692308
35	3960	0.028846153846153848
35	5224	0.009615384615384616
38	933	0.03365384615384615
38	2531	0.004807692307692308
38	3960	0.004807692307692308
42	2531	0.004807692307692308
42	3960	0.004807692307692308
87	3960	0.009615384615384616
153	342	0.004807692307692308
153	575	0.03365384615384615
153	933	0.009615384615384616
153	1480	0.009615384615384616
153	1804	0.004807692307692308
153	2531	0.10576923076923077
153	3020	0.02403846153846154
153	3463	0.004807692307692308
153	3960	0.24519230769230768
153	4700	0.014423076923076924
170	933	0.014423076923076924
170	3960	0.028846153846153848
181	933	0.009615384615384616
181	3960	0.009615384615384616
209	2531	0.014423076923076924
209	3960	0.009615384615384616
235	5163	0.004807692307692308
275	2531	0.004807692307692308
275	3960	0.004807692307692308
302	5030	0.014423076923076924
327	3960	0.004807692307692308
342	1152	0.019230769230769232
342	2492	0.004807692307692308
342	3960	0.02403846153846154
342	4582	0.009615384615384616
457	933	0.004807692307692308
527	3960	0.04807692307692308
570	3960	0.02403846153846154
648	933	0.0673076923076923
648	2531	0.04807692307692308
648	3960	0.07211538461538461
648	4647	0.004807692307692308
687	3960	0.004807692307692308
808	933	0.02403846153846154
808	2531	0.004807692307692308
890	3960	0.004807692307692308
933	1015	0.009615384615384616
933	1018	0.004807692307692308
933	1035	0.009615384615384616
933	1096	0.004807692307692308
933	1249	0.004807692307692308
933	1258	0.014423076923076924
933	1291	0.004807692307692308
933	1350	0.07692307692307693
933	1530	0.009615384615384616
933	1821	0.004807692307692308
933	1943	0.028846153846153848
933	1946	0.004807692307692308
933	2071	0.004807692307692308
933	2296	0.014423076923076924
933	2454	0.014423076923076924
933	2531	0.014423076923076924
933	2634	0.019230769230769232
933	2812	0.004807692307692308
933	2872	0.004807692307692308
933	2980	0.019230769230769232
933	3020	0.04807692307692308
933	3192	0.009615384615384616
933	3262	0.004807692307692308
933	3281	0.014423076923076924
933	3416	0.004807692307692308
933	3635	0.004807692307692308
933	3715	0.004807692307692308
933	3815	0.004807692307692308
933	3915	0.019230769230769232
933	3960	0.014423076923076924
933	4086	0.07211538461538461
933	4167	0.004807692307692308
933	4169	0.004807692307692308
933	4208	0.03365384615384615
933	4416	0.004807692307692308
933	4464	0.14903846153846154
933	4532	0.03365384615384615
933	4582	0.2692307692307692
933	4647	0.004807692307692308
933	4753	0.019230769230769232
933	4852	0.009615384615384616
933	5115	0.009615384615384616
933	5148	0.004807692307692308
933	5224	0.004807692307692308
938	4582	0.009615384615384616
1003	2531	0.03365384615384615
1003	2568	0.004807692307692308
1004	2531	0.009615384615384616
1004	3960	0.0625
1015	2531	0.014423076923076924
1015	3960	0.019230769230769232
1018	2531	0.009615384615384616
1018	3960	0.009615384615384616
1096	2531	0.009615384615384616
1096	3960	0.009615384615384616
1152	1597	0.009615384615384616
1152	3960	0.009615384615384616
1249	2531	0.004807692307692308
1249	3960	0.004807692307692308
1261	2531	0.004807692307692308
1261	3960	0.004807692307692308
1291	2531	0.009615384615384616
1306	2531	0.009615384615384616
1323	2531	0.009615384615384616
1369	3960	0.009615384615384616
1423	2531	0.004807692307692308
1423	3960	0.004807692307692308
1462	5224	0.004807692307692308
1520	4582	0.004807692307692308
1530	3960	0.014423076923076924
1530	4464	0.014423076923076924
1530	5013	0.009615384615384616
1553	5224	0.004807692307692308
1694	5224	0.004807692307692308
1695	2531	0.004807692307692308
1695	3960	0.004807692307692308
1714	4086	0.004807692307692308
1786	2531	0.009615384615384616
1786	3960	0.009615384615384616
1804	2531	0.004807692307692308
1821	2140	0.004807692307692308
1821	2531	0.014423076923076924
1821	3960	0.02403846153846154
1845	2531	0.004807692307692308
1845	3960	0.009615384615384616
1943	2531	0.0625
1943	3131	0.09615384615384616
1943	3960	0.02403846153846154
1945	2531	0.004807692307692308
2010	3960	0.004807692307692308
2107	3960	0.004807692307692308
2137	2531	0.004807692307692308
2239	2531	0.004807692307692308
2296	2531	0.02403846153846154
2296	3960	0.02403846153846154
2314	2531	0.004807692307692308
2314	3960	0.004807692307692308
2346	3463	0.004807692307692308
2434	2531	0.009615384615384616
2434	3960	0.014423076923076924
2454	3960	0.004807692307692308
2508	3960	0.004807692307692308
2513	3960	0.004807692307692308
2531	2568	0.019230769230769232
2531	2576	0.004807692307692308
2531	2634	0.004807692307692308
2531	2812	0.009615384615384616
2531	2872	0.004807692307692308
2531	2936	0.009615384615384616
2531	2950	0.004807692307692308
2531	3020	0.004807692307692308
2531	3123	0.004807692307692308
2531	3131	0.13942307692307693
2531	3463	0.02403846153846154
2531	3490	0.019230769230769232
2531	3507	0.02403846153846154
2531	3631	0.004807692307692308
2531	3635	0.004807692307692308
2531	3676	0.028846153846153848
2531	3687	0.07211538461538461
2531	3715	0.019230769230769232
2531	3800	0.009615384615384616
2531	3820	0.004807692307692308
2531	3828	0.004807692307692308
2531	3915	0.014423076923076924
2531	3960	0.009615384615384616
2531	4086	0.004807692307692308
2531	4124	0.038461538461538464
2531	4169	0.004807692307692308
2531	4208	0.052884615384615384
2531	4416	0.004807692307692308
2531	4464	0.009615384615384616
2531	4532	0.028846153846153848
2531	4700	0.004807692307692308
2531	5115	0.009615384615384616
2531	5163	0.019230769230769232
2531	5182	0.004807692307692308
2531	5224	0.02403846153846154
2531	5248	0.004807692307692308
2634	3960	0.052884615384615384
2812	3131	0.004807692307692308
2812	3960	0.014423076923076924
2812	4493	0.004807692307692308
2872	3960	0.004807692307692308
2881	3960	0.004807692307692308
2927	3960	0.038461538461538464
2936	3960	0.009615384615384616
3020	3960	0.004807692307692308
3077	4700	0.004807692307692308
3111	3463	0.004807692307692308
3123	3960	0.004807692307692308
3131	3960	0.10576923076923077
3168	4086	0.009615384615384616
3176	4086	0.004807692307692308
3262	3960	0.009615384615384616
3281	3960	0.004807692307692308
3410	4086	0.004807692307692308
3438	4208	0.014423076923076924
3490	3960	0.052884615384615384
3507	3960	0.02403846153846154
3631	3960	0.004807692307692308
3631	5224	0.004807692307692308
3715	3960	0.019230769230769232
3891	3960	0.028846153846153848
3904	3960	0.004807692307692308
3915	3960	0.014423076923076924
3960	4078	0.004807692307692308
3960	4086	0.0625
3960	4124	0.004807692307692308
3960	4132	0.019230769230769232
3960	4208	0.125
3960	4390	0.009615384615384616
3960	4416	0.004807692307692308
3960	4464	0.004807692307692308
3960	4532	0.03365384615384615
3960	4582	0.004807692307692308
3960	4700	0.014423076923076924
3960	4753	0.014423076923076924
3960	4852	0.004807692307692308
3960	4975	0.038461538461538464
3960	4989	0.009615384615384616
3960	5115	0.009615384615384616
3960	5148	0.004807692307692308
3960	5163	0.009615384615384616
3960	5224	0.07692307692307693
3960	5248	0.004807692307692308
4009	4039	0.004807692307692308
4039	5224	0.04326923076923077
4361	4582	0.004807692307692308
4464	4582	0.04807692307692308
4578	4753	0.004807692307692308
4580	4582	0.004807692307692308
4582	4839	0.009615384615384616
4608	5224	0.009615384615384616
4753	5224	0.004807692307692308
4782	5224	0.004807692307692308
5224	5248	0.004807692307692308
