0 0
1 1
2 2
3 3
4 4
5 5
6 4131
7 6
8 7
9 8
10 9
11 10
12 11
13 12
14 13
15 14
16 15
17 16
18 17
19 18
20 19
21 20
22 21
23 22
24 23
25 24
26 25
27 26
28 27
29 28
30 29
31 30
32 31
33 32
34 33
35 34
36 35
37 36
38 37
39 38
40 39
41 40
42 41
43 42
44 4189
45 43
46 44
47 45
48 46
49 47
50 48
51 49
52 50
53 51
54 52
55 53
56 54
57 55
58 56
59 57
60 58
61 59
62 60
63 61
64 62
65 63
66 64
67 65
68 66
69 67
70 68
71 69
72 70
73 71
74 72
75 73
76 74
77 75
78 76
79 77
80 78
81 79
82 80
83 81
84 82
85 83
86 84
87 85
88 86
89 87
90 88
91 89
92 90
93 91
94 92
95 93
96 94
97 95
98 96
99 97
100 98
101 99
102 100
103 101
104 102
105 103
106 104
107 105
108 106
109 107
110 108
111 109
112 110
113 111
114 112
115 113
116 114
117 115
118 116
119 117
120 118
121 119
122 120
123 121
124 122
125 123
126 124
127 125
128 126
129 127
130 128
131 129
132 130
133 131
134 132
135 133
136 134
137 135
138 136
139 137
140 138
141 139
142 140
143 141
144 142
145 143
146 144
147 145
148 146
149 147
150 148
151 149
152 150
153 151
154 152
155 153
156 154
157 155
158 156
159 157
160 158
161 159
162 4131
163 160
164 161
165 162
166 163
167 164
168 165
169 166
170 167
171 168
172 169
173 170
174 171
175 172
176 173
177 174
178 175
179 176
180 177
181 178
182 179
183 180
184 181
185 182
186 183
187 184
188 185
189 186
190 187
191 188
192 189
193 190
194 191
195 192
196 193
197 194
198 195
199 196
200 197
201 198
202 199
203 200
204 201
205 4131
206 202
207 203
208 204
209 205
210 206
211 207
212 208
213 209
214 210
215 211
216 212
217 213
218 214
219 215
220 216
221 217
222 218
223 219
224 220
225 221
226 222
227 223
228 224
229 225
230 226
231 227
232 228
233 229
234 230
235 231
236 232
237 233
238 234
239 235
240 236
241 237
242 238
243 239
244 240
245 241
246 242
247 243
248 244
249 245
250 246
251 247
252 248
253 249
254 250
255 251
256 252
257 253
258 4131
259 254
260 255
261 256
262 257
263 258
264 259
265 260
266 261
267 262
268 263
269 264
270 265
271 266
272 267
273 268
274 269
275 270
276 271
277 272
278 273
279 274
280 275
281 276
282 277
283 278
284 279
285 280
286 281
287 282
288 283
289 4131
290 284
291 285
292 286
293 287
294 288
295 289
296 290
297 291
298 292
299 293
300 294
301 295
302 296
303 297
304 298
305 299
306 300
307 301
308 302
309 303
310 304
311 305
312 306
313 307
314 308
315 309
316 310
317 311
318 312
319 313
320 314
321 315
322 316
323 317
324 318
325 319
326 320
327 321
328 322
329 323
330 324
331 325
332 326
333 327
334 328
335 329
336 330
337 331
338 332
339 333
340 334
341 335
342 336
343 337
344 338
345 339
346 340
347 341
348 342
349 343
350 344
351 345
352 346
353 347
354 348
355 349
356 350
357 351
358 352
359 353
360 354
361 355
362 356
363 357
364 358
365 359
366 360
367 361
368 362
369 363
370 364
371 365
372 366
373 367
374 368
375 369
376 370
377 371
378 372
379 373
380 374
381 375
382 376
383 377
384 378
385 379
386 380
387 381
388 382
389 383
390 384
391 385
392 386
393 387
394 388
395 389
396 390
397 391
398 392
399 393
400 394
401 395
402 396
403 397
404 398
405 399
406 400
407 401
408 402
409 403
410 4131
411 404
412 405
413 406
414 407
415 408
416 409
417 410
418 411
419 412
420 413
421 414
422 415
423 416
424 417
425 418
426 419
427 420
428 421
429 422
430 423
431 424
432 425
433 426
434 427
435 428
436 429
437 430
438 431
439 432
440 433
441 434
442 435
443 436
444 437
445 438
446 439
447 440
448 441
449 442
450 443
451 444
452 445
453 446
454 447
455 448
456 449
457 450
458 451
459 452
460 453
461 454
462 455
463 456
464 457
465 458
466 459
467 460
468 461
469 462
470 463
471 464
472 465
473 466
474 467
475 468
476 469
477 470
478 471
479 472
480 473
481 474
482 4131
483 475
484 476
485 477
486 478
487 479
488 480
489 481
490 482
491 483
492 484
493 485
494 486
495 487
496 488
497 489
498 490
499 491
500 492
501 493
502 494
503 495
504 496
505 497
506 498
507 499
508 500
509 501
510 502
511 503
512 504
513 505
514 506
515 507
516 508
517 509
518 510
519 511
520 512
521 513
522 514
523 515
524 516
525 517
526 518
527 519
528 520
529 521
530 522
531 523
532 524
533 525
534 526
535 527
536 528
537 529
538 530
539 531
540 532
541 533
542 534
543 535
544 536
545 537
546 538
547 539
548 540
549 541
550 542
551 543
552 544
553 545
554 546
555 547
556 548
557 549
558 550
559 551
560 552
561 553
562 554
563 555
564 556
565 557
566 558
567 559
568 560
569 561
570 562
571 563
572 564
573 565
574 566
575 567
576 568
577 4189
578 569
579 570
580 571
581 572
582 573
583 574
584 575
585 4189
586 576
587 577
588 578
589 579
590 580
591 581
592 582
593 583
594 584
595 585
596 586
597 587
598 588
599 589
600 590
601 591
602 592
603 593
604 4131
605 594
606 595
607 596
608 597
609 598
610 599
611 600
612 601
613 602
614 603
615 604
616 605
617 606
618 607
619 608
620 609
621 610
622 611
623 612
624 613
625 614
626 615
627 616
628 617
629 618
630 619
631 620
632 621
633 622
634 623
635 624
636 625
637 626
638 627
639 628
640 629
641 630
642 631
643 632
644 633
645 634
646 635
647 636
648 637
649 638
650 639
651 640
652 641
653 642
654 643
655 644
656 645
657 646
658 647
659 648
660 649
661 650
662 651
663 652
664 653
665 654
666 655
667 656
668 657
669 658
670 659
671 660
672 661
673 662
674 663
675 664
676 665
677 666
678 667
679 668
680 4131
681 669
682 670
683 671
684 672
685 673
686 674
687 675
688 676
689 677
690 678
691 679
692 680
693 681
694 682
695 683
696 684
697 685
698 686
699 687
700 688
701 689
702 690
703 691
704 692
705 693
706 694
707 695
708 696
709 697
710 698
711 699
712 700
713 701
714 702
715 703
716 704
717 705
718 706
719 707
720 708
721 709
722 710
723 711
724 712
725 713
726 4131
727 714
728 715
729 716
730 717
731 718
732 719
733 720
734 721
735 722
736 723
737 724
738 725
739 726
740 727
741 728
742 729
743 730
744 731
745 732
746 733
747 734
748 735
749 736
750 737
751 738
752 739
753 740
754 741
755 742
756 743
757 744
758 745
759 746
760 747
761 748
762 4131
763 749
764 750
765 751
766 752
767 753
768 754
769 755
770 756
771 757
772 758
773 759
774 760
775 761
776 762
777 763
778 764
779 765
780 766
781 767
782 768
783 769
784 770
785 771
786 772
787 773
788 774
789 775
790 776
791 777
792 778
793 779
794 780
795 781
796 782
797 783
798 784
799 785
800 786
801 787
802 788
803 789
804 790
805 791
806 792
807 793
808 794
809 795
810 796
811 797
812 798
813 799
814 800
815 801
816 802
817 803
818 804
819 805
820 806
821 807
822 808
823 809
824 810
825 811
826 812
827 813
828 814
829 815
830 816
831 4131
832 817
833 818
834 819
835 820
836 821
837 822
838 823
839 824
840 825
841 826
842 827
843 828
844 829
845 830
846 831
847 832
848 833
849 834
850 835
851 836
852 837
853 838
854 839
855 840
856 841
857 842
858 843
859 4131
860 4189
861 844
862 845
863 846
864 847
865 848
866 849
867 850
868 851
869 852
870 853
871 854
872 855
873 856
874 857
875 858
876 859
877 860
878 861
879 862
880 863
881 864
882 865
883 866
884 867
885 868
886 869
887 870
888 871
889 872
890 873
891 874
892 875
893 876
894 877
895 878
896 879
897 880
898 881
899 882
900 883
901 884
902 885
903 886
904 887
905 888
906 889
907 890
908 891
909 892
910 893
911 894
912 895
913 896
914 897
915 898
916 899
917 900
918 901
919 902
920 903
921 904
922 905
923 906
924 907
925 908
926 909
927 910
928 911
929 912
930 913
931 914
932 915
933 916
934 917
935 918
936 919
937 920
938 921
939 922
940 923
941 924
942 925
943 926
944 927
945 928
946 929
947 930
948 931
949 932
950 933
951 934
952 935
953 936
954 937
955 938
956 939
957 940
958 941
959 942
960 943
961 944
962 945
963 946
964 947
965 948
966 949
967 950
968 951
969 952
970 953
971 954
972 955
973 956
974 957
975 958
976 959
977 960
978 961
979 962
980 963
981 964
982 965
983 4131
984 966
985 967
986 968
987 969
988 970
989 971
990 972
991 4131
992 973
993 974
994 975
995 976
996 977
997 978
998 979
999 980
1000 981
1001 982
1002 983
1003 984
1004 985
1005 986
1006 987
1007 988
1008 989
1009 990
1010 991
1011 992
1012 993
1013 994
1014 995
1015 996
1016 997
1017 998
1018 999
1019 1000
1020 1001
1021 1002
1022 1003
1023 1004
1024 1005
1025 1006
1026 1007
1027 1008
1028 1009
1029 1010
1030 1011
1031 1012
1032 1013
1033 1014
1034 1015
1035 1016
1036 1017
1037 1018
1038 1019
1039 1020
1040 1021
1041 1022
1042 1023
1043 1024
1044 1025
1045 1026
1046 1027
1047 1028
1048 4131
1049 1029
1050 1030
1051 1031
1052 1032
1053 1033
1054 1034
1055 1035
1056 4131
1057 1036
1058 1037
1059 1038
1060 1039
1061 1040
1062 1041
1063 1042
1064 1043
1065 1044
1066 1045
1067 1046
1068 1047
1069 1048
1070 1049
1071 1050
1072 1051
1073 1052
1074 1053
1075 1054
1076 1055
1077 1056
1078 1057
1079 1058
1080 1059
1081 1060
1082 1061
1083 1062
1084 1063
1085 1064
1086 1065
1087 1066
1088 1067
1089 1068
1090 1069
1091 1070
1092 1071
1093 1072
1094 1073
1095 1074
1096 1075
1097 4131
1098 1076
1099 1077
1100 1078
1101 1079
1102 1080
1103 1081
1104 1082
1105 1083
1106 1084
1107 1085
1108 1086
1109 1087
1110 1088
1111 1089
1112 1090
1113 1091
1114 1092
1115 1093
1116 1094
1117 1095
1118 1096
1119 1097
1120 1098
1121 1099
1122 1100
1123 1101
1124 1102
1125 1103
1126 1104
1127 1105
1128 1106
1129 1107
1130 1108
1131 1109
1132 1110
1133 1111
1134 1112
1135 1113
1136 1114
1137 1115
1138 1116
1139 1117
1140 1118
1141 1119
1142 1120
1143 1121
1144 1122
1145 1123
1146 1124
1147 1125
1148 1126
1149 1127
1150 1128
1151 1129
1152 1130
1153 1131
1154 1132
1155 1133
1156 1134
1157 1135
1158 1136
1159 1137
1160 1138
1161 1139
1162 1140
1163 1141
1164 1142
1165 1143
1166 1144
1167 1145
1168 1146
1169 1147
1170 1148
1171 1149
1172 1150
1173 1151
1174 1152
1175 1153
1176 1154
1177 1155
1178 1156
1179 1157
1180 1158
1181 1159
1182 1160
1183 1161
1184 1162
1185 1163
1186 1164
1187 1165
1188 1166
1189 1167
1190 1168
1191 1169
1192 1170
1193 1171
1194 1172
1195 1173
1196 1174
1197 1175
1198 1176
1199 1177
1200 1178
1201 1179
1202 1180
1203 1181
1204 1182
1205 1183
1206 1184
1207 1185
1208 1186
1209 1187
1210 1188
1211 1189
1212 1190
1213 1191
1214 1192
1215 1193
1216 1194
1217 1195
1218 1196
1219 1197
1220 1198
1221 1199
1222 1200
1223 1201
1224 1202
1225 1203
1226 1204
1227 1205
1228 1206
1229 1207
1230 1208
1231 1209
1232 1210
1233 1211
1234 1212
1235 1213
1236 1214
1237 1215
1238 1216
1239 1217
1240 1218
1241 1219
1242 1220
1243 1221
1244 1222
1245 1223
1246 1224
1247 1225
1248 1226
1249 1227
1250 1228
1251 1229
1252 1230
1253 1231
1254 1232
1255 1233
1256 1234
1257 1235
1258 1236
1259 1237
1260 1238
1261 1239
1262 1240
1263 1241
1264 1242
1265 1243
1266 1244
1267 1245
1268 1246
1269 1247
1270 1248
1271 1249
1272 1250
1273 1251
1274 1252
1275 1253
1276 1254
1277 1255
1278 1256
1279 1257
1280 1258
1281 1259
1282 1260
1283 1261
1284 1262
1285 1263
1286 1264
1287 1265
1288 1266
1289 1267
1290 1268
1291 1269
1292 1270
1293 1271
1294 1272
1295 1273
1296 1274
1297 1275
1298 1276
1299 1277
1300 1278
1301 1279
1302 4131
1303 1280
1304 1281
1305 1282
1306 1283
1307 1284
1308 1285
1309 1286
1310 1287
1311 1288
1312 1289
1313 1290
1314 1291
1315 1292
1316 1293
1317 1294
1318 1295
1319 1296
1320 1297
1321 1298
1322 1299
1323 1300
1324 1301
1325 1302
1326 1303
1327 1304
1328 1305
1329 1306
1330 1307
1331 1308
1332 1309
1333 1310
1334 1311
1335 1312
1336 1313
1337 1314
1338 1315
1339 1316
1340 1317
1341 1318
1342 1319
1343 1320
1344 1321
1345 1322
1346 1323
1347 1324
1348 1325
1349 1326
1350 1327
1351 1328
1352 1329
1353 1330
1354 1331
1355 1332
1356 1333
1357 1334
1358 1335
1359 1336
1360 1337
1361 1338
1362 1339
1363 1340
1364 1341
1365 1342
1366 1343
1367 1344
1368 1345
1369 1346
1370 1347
1371 1348
1372 1349
1373 1350
1374 1351
1375 1352
1376 1353
1377 1354
1378 1355
1379 1356
1380 1357
1381 1358
1382 1359
1383 1360
1384 1361
1385 1362
1386 1363
1387 1364
1388 1365
1389 1366
1390 1367
1391 1368
1392 1369
1393 1370
1394 1371
1395 1372
1396 1373
1397 1374
1398 1375
1399 1376
1400 1377
1401 1378
1402 1379
1403 1380
1404 1381
1405 1382
1406 1383
1407 1384
1408 1385
1409 1386
1410 1387
1411 1388
1412 1389
1413 1390
1414 1391
1415 1392
1416 1393
1417 1394
1418 1395
1419 1396
1420 1397
1421 1398
1422 1399
1423 1400
1424 1401
1425 1402
1426 1403
1427 1404
1428 1405
1429 1406
1430 1407
1431 1408
1432 1409
1433 1410
1434 1411
1435 1412
1436 1413
1437 1414
1438 1415
1439 1416
1440 1417
1441 1418
1442 1419
1443 1420
1444 1421
1445 1422
1446 1423
1447 1424
1448 1425
1449 1426
1450 1427
1451 1428
1452 1429
1453 1430
1454 1431
1455 1432
1456 1433
1457 1434
1458 1435
1459 1436
1460 1437
1461 1438
1462 1439
1463 1440
1464 1441
1465 1442
1466 1443
1467 1444
1468 1445
1469 1446
1470 1447
1471 1448
1472 4131
1473 1449
1474 1450
1475 1451
1476 1452
1477 1453
1478 1454
1479 1455
1480 1456
1481 1457
1482 1458
1483 1459
1484 1460
1485 1461
1486 1462
1487 1463
1488 1464
1489 1465
1490 1466
1491 1467
1492 1468
1493 1469
1494 1470
1495 1471
1496 1472
1497 1473
1498 1474
1499 1475
1500 1476
1501 1477
1502 1811
1503 1478
1504 1479
1505 1480
1506 1481
1507 1482
1508 1483
1509 1484
1510 1485
1511 1486
1512 1487
1513 1488
1514 1489
1515 1490
1516 1491
1517 1492
1518 1493
1519 1494
1520 1495
1521 1496
1522 1497
1523 1498
1524 1499
1525 1500
1526 1501
1527 1502
1528 1503
1529 1504
1530 1505
1531 1506
1532 1507
1533 1508
1534 1509
1535 1510
1536 1511
1537 1512
1538 1513
1539 1514
1540 1515
1541 1516
1542 1517
1543 1518
1544 1519
1545 1520
1546 1521
1547 1522
1548 1523
1549 1524
1550 1525
1551 1526
1552 1527
1553 1528
1554 1529
1555 1530
1556 1531
1557 1532
1558 1533
1559 1534
1560 1535
1561 1536
1562 1537
1563 1538
1564 1539
1565 1540
1566 1541
1567 1542
1568 1543
1569 1544
1570 1545
1571 1546
1572 1547
1573 1548
1574 1549
1575 1550
1576 1551
1577 1552
1578 1553
1579 4131
1580 1554
1581 1555
1582 1556
1583 1557
1584 1558
1585 1559
1586 1560
1587 1561
1588 1562
1589 1563
1590 1564
1591 1565
1592 1566
1593 1567
1594 1568
1595 1569
1596 1570
1597 1571
1598 1572
1599 1573
1600 1574
1601 1575
1602 1576
1603 1577
1604 1578
1605 4131
1606 1579
1607 1580
1608 1581
1609 1582
1610 1583
1611 1584
1612 1585
1613 1586
1614 1587
1615 1588
1616 1589
1617 1590
1618 1591
1619 1592
1620 1593
1621 1594
1622 1595
1623 1596
1624 1597
1625 1598
1626 1599
1627 1600
1628 1601
1629 1602
1630 1603
1631 1604
1632 1605
1633 1606
1634 1607
1635 1608
1636 1609
1637 1610
1638 1611
1639 1612
1640 1613
1641 1614
1642 1615
1643 1616
1644 1617
1645 1618
1646 1619
1647 1620
1648 1621
1649 1622
1650 1623
1651 1624
1652 1625
1653 1626
1654 1627
1655 1628
1656 1629
1657 1630
1658 1631
1659 1632
1660 1633
1661 1634
1662 1635
1663 1636
1664 1637
1665 1638
1666 1639
1667 1640
1668 1641
1669 1642
1670 1643
1671 1644
1672 1645
1673 1646
1674 1647
1675 1648
1676 1649
1677 1650
1678 1651
1679 1652
1680 1653
1681 1654
1682 1655
1683 1656
1684 1657
1685 1658
1686 1659
1687 1660
1688 1661
1689 1662
1690 1663
1691 1664
1692 1665
1693 1666
1694 1667
1695 1668
1696 1669
1697 1670
1698 1671
1699 1672
1700 1673
1701 1674
1702 1675
1703 1676
1704 1677
1705 1678
1706 1679
1707 1680
1708 1681
1709 4131
1710 1682
1711 1683
1712 1684
1713 1685
1714 1686
1715 1687
1716 1688
1717 1689
1718 4131
1719 1690
1720 1691
1721 1692
1722 1693
1723 1694
1724 4131
1725 4131
1726 1695
1727 1696
1728 1697
1729 1698
1730 1699
1731 1700
1732 1701
1733 1702
1734 1703
1735 1704
1736 1705
1737 1706
1738 1707
1739 1708
1740 1709
1741 1710
1742 1711
1743 1712
1744 1713
1745 1714
1746 1715
1747 1716
1748 1717
1749 1718
1750 1719
1751 1720
1752 1721
1753 1722
1754 1723
1755 1724
1756 1725
1757 1726
1758 1727
1759 1728
1760 1729
1761 1730
1762 1731
1763 1732
1764 1733
1765 1734
1766 1735
1767 1736
1768 1737
1769 1738
1770 1739
1771 1740
1772 1741
1773 1742
1774 1743
1775 1744
1776 1745
1777 1746
1778 1747
1779 1748
1780 1749
1781 1750
1782 1751
1783 1752
1784 1753
1785 1754
1786 1755
1787 1756
1788 1757
1789 1758
1790 1759
1791 1760
1792 1761
1793 1762
1794 4131
1795 1763
1796 1764
1797 1765
1798 1766
1799 1767
1800 1768
1801 1769
1802 1770
1803 1771
1804 1772
1805 1773
1806 1774
1807 1775
1808 1776
1809 1777
1810 1778
1811 1779
1812 1780
1813 1781
1814 1782
1815 1783
1816 1784
1817 1785
1818 1786
1819 1787
1820 1788
1821 1789
1822 1790
1823 1791
1824 1792
1825 1793
1826 1794
1827 1795
1828 1796
1829 1797
1830 1798
1831 1799
1832 1800
1833 1801
1834 1802
1835 1803
1836 1804
1837 1805
1838 1806
1839 1807
1840 1808
1841 1809
1842 1810
1843 1811
1844 1812
1845 1813
1846 1814
1847 1815
1848 1816
1849 1817
1850 1818
1851 1819
1852 1820
1853 1821
1854 1822
1855 1823
1856 1824
1857 1825
1858 4131
1859 1826
1860 1827
1861 1828
1862 1829
1863 1830
1864 1831
1865 1832
1866 1833
1867 1834
1868 1835
1869 1836
1870 1837
1871 1838
1872 1839
1873 1840
1874 1841
1875 1842
1876 1843
1877 1844
1878 1845
1879 1846
1880 1847
1881 1848
1882 1849
1883 1850
1884 1851
1885 1852
1886 1853
1887 1854
1888 1855
1889 1856
1890 1857
1891 1858
1892 1859
1893 1860
1894 1861
1895 1862
1896 1863
1897 1864
1898 1865
1899 1866
1900 1867
1901 1868
1902 1869
1903 1870
1904 1871
1905 1872
1906 1873
1907 1874
1908 1875
1909 1876
1910 1877
1911 1878
1912 1879
1913 1880
1914 1881
1915 1882
1916 1883
1917 1884
1918 1885
1919 1886
1920 1887
1921 1888
1922 1889
1923 1890
1924 1891
1925 1892
1926 1893
1927 1894
1928 1895
1929 1896
1930 1897
1931 1898
1932 1899
1933 1900
1934 1901
1935 4131
1936 1902
1937 1903
1938 1904
1939 1905
1940 1906
1941 1907
1942 1908
1943 1909
1944 1910
1945 1911
1946 1912
1947 1913
1948 1914
1949 1915
1950 1916
1951 1917
1952 1918
1953 4131
1954 1919
1955 1920
1956 1921
1957 1922
1958 1923
1959 1924
1960 1925
1961 1926
1962 1927
1963 1928
1964 1929
1965 1930
1966 1931
1967 1932
1968 1933
1969 1934
1970 1935
1971 1936
1972 4131
1973 1937
1974 1938
1975 1939
1976 1940
1977 1941
1978 1942
1979 1943
1980 1944
1981 1945
1982 1946
1983 1947
1984 1948
1985 1949
1986 1950
1987 1951
1988 1952
1989 1953
1990 1954
1991 1955
1992 1956
1993 1957
1994 1958
1995 1959
1996 1960
1997 1961
1998 1962
1999 1963
2000 1964
2001 1965
2002 1966
2003 1967
2004 1968
2005 1969
2006 1970
2007 1971
2008 1972
2009 1973
2010 1974
2011 1975
2012 1976
2013 1977
2014 1978
2015 1979
2016 1980
2017 1981
2018 1982
2019 1983
2020 1984
2021 1985
2022 1986
2023 1987
2024 1988
2025 1989
2026 1990
2027 1991
2028 1992
2029 1993
2030 1994
2031 1995
2032 1996
2033 1997
2034 1998
2035 1999
2036 2000
2037 2001
2038 2002
2039 2003
2040 2004
2041 2005
2042 2006
2043 2007
2044 2008
2045 2009
2046 2010
2047 2011
2048 2012
2049 2013
2050 2014
2051 2015
2052 2016
2053 2017
2054 2018
2055 2019
2056 2020
2057 2021
2058 2022
2059 2023
2060 2024
2061 2025
2062 2026
2063 2027
2064 2028
2065 2029
2066 2030
2067 2031
2068 2032
2069 2033
2070 2034
2071 2035
2072 2036
2073 2037
2074 2038
2075 2039
2076 2040
2077 2041
2078 2042
2079 2043
2080 2044
2081 2045
2082 2046
2083 2047
2084 2048
2085 2049
2086 2050
2087 2051
2088 2052
2089 2053
2090 2054
2091 2055
2092 2056
2093 2057
2094 2058
2095 2059
2096 2060
2097 2061
2098 2062
2099 2063
2100 2064
2101 2065
2102 2066
2103 2067
2104 2068
2105 2069
2106 2070
2107 2071
2108 2072
2109 2073
2110 2074
2111 2075
2112 2076
2113 2077
2114 2078
2115 2079
2116 2080
2117 2081
2118 2082
2119 2083
2120 2084
2121 2085
2122 2086
2123 2087
2124 2088
2125 4189
2126 2089
2127 2090
2128 2091
2129 2092
2130 2093
2131 2094
2132 2095
2133 2096
2134 2097
2135 2098
2136 2099
2137 2100
2138 2101
2139 2102
2140 2103
2141 2104
2142 2105
2143 2106
2144 2107
2145 2108
2146 2109
2147 2110
2148 2111
2149 2112
2150 2113
2151 2114
2152 2115
2153 2116
2154 2117
2155 2118
2156 2119
2157 2120
2158 2121
2159 2122
2160 2123
2161 2124
2162 2125
2163 2126
2164 2127
2165 2128
2166 2129
2167 2130
2168 2131
2169 2132
2170 2133
2171 2134
2172 2135
2173 4131
2174 2136
2175 2137
2176 2138
2177 2139
2178 2140
2179 2141
2180 2142
2181 2143
2182 2144
2183 2145
2184 4131
2185 2146
2186 2147
2187 2148
2188 2149
2189 2150
2190 2151
2191 2152
2192 2153
2193 2154
2194 2155
2195 2156
2196 2157
2197 2158
2198 2159
2199 2160
2200 2161
2201 2162
2202 2163
2203 2164
2204 2165
2205 2166
2206 2167
2207 2168
2208 2169
2209 2170
2210 2171
2211 2172
2212 2173
2213 2174
2214 2175
2215 2176
2216 2177
2217 2178
2218 2179
2219 2180
2220 2181
2221 2182
2222 2183
2223 2184
2224 2185
2225 2186
2226 2187
2227 2188
2228 2189
2229 2190
2230 2191
2231 2192
2232 2193
2233 2194
2234 2195
2235 2196
2236 2197
2237 2198
2238 2199
2239 2200
2240 2201
2241 2202
2242 2203
2243 2204
2244 2205
2245 2206
2246 2207
2247 2208
2248 4131
2249 2209
2250 2210
2251 2211
2252 2212
2253 2213
2254 4131
2255 2214
2256 2215
2257 2216
2258 2217
2259 2218
2260 2219
2261 2220
2262 2221
2263 2222
2264 2223
2265 2224
2266 2225
2267 2226
2268 2227
2269 2228
2270 2229
2271 4131
2272 2230
2273 2231
2274 2232
2275 2233
2276 2234
2277 2235
2278 2236
2279 2237
2280 2238
2281 2239
2282 2240
2283 2241
2284 2242
2285 2243
2286 2244
2287 2245
2288 2246
2289 2247
2290 2248
2291 2249
2292 2250
2293 2251
2294 2252
2295 2253
2296 2254
2297 2255
2298 2256
2299 2257
2300 2258
2301 2259
2302 2260
2303 2261
2304 2262
2305 2263
2306 2264
2307 2265
2308 2266
2309 2267
2310 2268
2311 2269
2312 2270
2313 2271
2314 2272
2315 2273
2316 2274
2317 2275
2318 2276
2319 2277
2320 4131
2321 2278
2322 2279
2323 2280
2324 2281
2325 2282
2326 2283
2327 2284
2328 2285
2329 2286
2330 2287
2331 2288
2332 2289
2333 2290
2334 2291
2335 2292
2336 2293
2337 2294
2338 2295
2339 2296
2340 2297
2341 2298
2342 2299
2343 2300
2344 2301
2345 2302
2346 2303
2347 2304
2348 2305
2349 2306
2350 2307
2351 2308
2352 2309
2353 2310
2354 2311
2355 2312
2356 2313
2357 2314
2358 2315
2359 2316
2360 2317
2361 2318
2362 2319
2363 2320
2364 2321
2365 2322
2366 2323
2367 2324
2368 2325
2369 2326
2370 2327
2371 2328
2372 2329
2373 2330
2374 2331
2375 2332
2376 2333
2377 2334
2378 2335
2379 2336
2380 2337
2381 2338
2382 2339
2383 2340
2384 2341
2385 2342
2386 2343
2387 2344
2388 2345
2389 2346
2390 2347
2391 2348
2392 2349
2393 2350
2394 2351
2395 2352
2396 2353
2397 2354
2398 2355
2399 2356
2400 2357
2401 2358
2402 2359
2403 2360
2404 2361
2405 2362
2406 2363
2407 2364
2408 2365
2409 2366
2410 2367
2411 2368
2412 2369
2413 2370
2414 2371
2415 2372
2416 2373
2417 2374
2418 2375
2419 2376
2420 2377
2421 2378
2422 2379
2423 2380
2424 2381
2425 2382
2426 2383
2427 2384
2428 2385
2429 2386
2430 2387
2431 2388
2432 2389
2433 2390
2434 2391
2435 2392
2436 2393
2437 2394
2438 2395
2439 2396
2440 2397
2441 2398
2442 2399
2443 2400
2444 2401
2445 2402
2446 2403
2447 2404
2448 2405
2449 2406
2450 2407
2451 2408
2452 2409
2453 2410
2454 2411
2455 2412
2456 2413
2457 2414
2458 2415
2459 2416
2460 2417
2461 2418
2462 2419
2463 2420
2464 2421
2465 2422
2466 2423
2467 2424
2468 2425
2469 2426
2470 2427
2471 2428
2472 2429
2473 2430
2474 2431
2475 2432
2476 2433
2477 2434
2478 2435
2479 2436
2480 2437
2481 2438
2482 2439
2483 2440
2484 2441
2485 2442
2486 2443
2487 2444
2488 2445
2489 2446
2490 2447
2491 2448
2492 2449
2493 2450
2494 2451
2495 2452
2496 2453
2497 2454
2498 2455
2499 2456
2500 2457
2501 2458
2502 2459
2503 2460
2504 2461
2505 2462
2506 2463
2507 2464
2508 2465
2509 2466
2510 2467
2511 2468
2512 2469
2513 2470
2514 2471
2515 2472
2516 2473
2517 2474
2518 2475
2519 2476
2520 2477
2521 2478
2522 2479
2523 2480
2524 2481
2525 2482
2526 2483
2527 2484
2528 2485
2529 2486
2530 2487
2531 2488
2532 2489
2533 2490
2534 2491
2535 2492
2536 2493
2537 2494
2538 2495
2539 2496
2540 2497
2541 2498
2542 2499
2543 2500
2544 2501
2545 2502
2546 2503
2547 2504
2548 2505
2549 2506
2550 2507
2551 2508
2552 2509
2553 2510
2554 2511
2555 2512
2556 2513
2557 2514
2558 2515
2559 2516
2560 2517
2561 2518
2562 2519
2563 2520
2564 2521
2565 2522
2566 2523
2567 2524
2568 2525
2569 2526
2570 4189
2571 2527
2572 2528
2573 2529
2574 2530
2575 2531
2576 2532
2577 2533
2578 2534
2579 2535
2580 2536
2581 2537
2582 2538
2583 2539
2584 2540
2585 2541
2586 2542
2587 2543
2588 2544
2589 2545
2590 2546
2591 2547
2592 2548
2593 4131
2594 2549
2595 2550
2596 2551
2597 2552
2598 2553
2599 2554
2600 2555
2601 2556
2602 2557
2603 2558
2604 2559
2605 2560
2606 2561
2607 2562
2608 2563
2609 2564
2610 2565
2611 2566
2612 2567
2613 2568
2614 2569
2615 2570
2616 2571
2617 2572
2618 2573
2619 2574
2620 2575
2621 2576
2622 2577
2623 2578
2624 2579
2625 2580
2626 2581
2627 2582
2628 2583
2629 2584
2630 2585
2631 2586
2632 2587
2633 2588
2634 2589
2635 2590
2636 2591
2637 2592
2638 2593
2639 2594
2640 2595
2641 2596
2642 2597
2643 2598
2644 2599
2645 2600
2646 2601
2647 2602
2648 2603
2649 2604
2650 2605
2651 2606
2652 2607
2653 2608
2654 2609
2655 2610
2656 2611
2657 2612
2658 2613
2659 2614
2660 2615
2661 2616
2662 2617
2663 2618
2664 2619
2665 2620
2666 2621
2667 2622
2668 2623
2669 2624
2670 2625
2671 2626
2672 2627
2673 2628
2674 2629
2675 2630
2676 2631
2677 2632
2678 4189
2679 2633
2680 2634
2681 2635
2682 2636
2683 2637
2684 2638
2685 2639
2686 2640
2687 2641
2688 2642
2689 2643
2690 2644
2691 2645
2692 2646
2693 2647
2694 2648
2695 2649
2696 2650
2697 2651
2698 2652
2699 2653
2700 2654
2701 4189
2702 2655
2703 2656
2704 2657
2705 2658
2706 2659
2707 2660
2708 2661
2709 2662
2710 2663
2711 2664
2712 2665
2713 2666
2714 2667
2715 2668
2716 2669
2717 2670
2718 2671
2719 2672
2720 2673
2721 2674
2722 2675
2723 2676
2724 2677
2725 2678
2726 2679
2727 2680
2728 2681
2729 2682
2730 2683
2731 2684
2732 2685
2733 2686
2734 2687
2735 2688
2736 2689
2737 2690
2738 2691
2739 2692
2740 2693
2741 2694
2742 2695
2743 2696
2744 2697
2745 2698
2746 2699
2747 2700
2748 2701
2749 2702
2750 2703
2751 2704
2752 2705
2753 2706
2754 2707
2755 2708
2756 2709
2757 2710
2758 2711
2759 2712
2760 2713
2761 2714
2762 2715
2763 2716
2764 2717
2765 2718
2766 2719
2767 4131
2768 2720
2769 2721
2770 2722
2771 2723
2772 2724
2773 2725
2774 2726
2775 2727
2776 2728
2777 2729
2778 2730
2779 2731
2780 2732
2781 2733
2782 2734
2783 2735
2784 2736
2785 2737
2786 2738
2787 2739
2788 2740
2789 2741
2790 2742
2791 2743
2792 2744
2793 2745
2794 2746
2795 2747
2796 2748
2797 2749
2798 2750
2799 2751
2800 2752
2801 2753
2802 2754
2803 2755
2804 2756
2805 2757
2806 2758
2807 2759
2808 2760
2809 2761
2810 2762
2811 2763
2812 2764
2813 2765
2814 2766
2815 2767
2816 2768
2817 2769
2818 2770
2819 2771
2820 2772
2821 2773
2822 2774
2823 2775
2824 2776
2825 2777
2826 2778
2827 2779
2828 2780
2829 2781
2830 2782
2831 2783
2832 2784
2833 2785
2834 2786
2835 2787
2836 2788
2837 2789
2838 2790
2839 2791
2840 2792
2841 2793
2842 2794
2843 2795
2844 2796
2845 2797
2846 2798
2847 2799
2848 2800
2849 2801
2850 2802
2851 2803
2852 2804
2853 2805
2854 2806
2855 2807
2856 2808
2857 2809
2858 2810
2859 2811
2860 2812
2861 2813
2862 2814
2863 2815
2864 2816
2865 2817
2866 2818
2867 2819
2868 2820
2869 2821
2870 2822
2871 2823
2872 2824
2873 2825
2874 2826
2875 2827
2876 2828
2877 2829
2878 2830
2879 2831
2880 2832
2881 2833
2882 2834
2883 2835
2884 2836
2885 2837
2886 2838
2887 2839
2888 2840
2889 2841
2890 2842
2891 2843
2892 2844
2893 2845
2894 2846
2895 2847
2896 2848
2897 2849
2898 2850
2899 2851
2900 2852
2901 2853
2902 2854
2903 2855
2904 2856
2905 2857
2906 2858
2907 2859
2908 2860
2909 2861
2910 2862
2911 2863
2912 2864
2913 2865
2914 2866
2915 2867
2916 2868
2917 2869
2918 2870
2919 2871
2920 2872
2921 2873
2922 2874
2923 2875
2924 2876
2925 2877
2926 2878
2927 2879
2928 2880
2929 2881
2930 2882
2931 2883
2932 2884
2933 2885
2934 2886
2935 2887
2936 2888
2937 2889
2938 2890
2939 2891
2940 2892
2941 2893
2942 2894
2943 2895
2944 2896
2945 2897
2946 4131
2947 2898
2948 2899
2949 2900
2950 2901
2951 2902
2952 2903
2953 2904
2954 2905
2955 2906
2956 2907
2957 2908
2958 2909
2959 2910
2960 2911
2961 2912
2962 2913
2963 2914
2964 2915
2965 2916
2966 2917
2967 2918
2968 2919
2969 2920
2970 2921
2971 2922
2972 2923
2973 2924
2974 2925
2975 2926
2976 2927
2977 2928
2978 2929
2979 2930
2980 2931
2981 2932
2982 2933
2983 2934
2984 2935
2985 2936
2986 2937
2987 2938
2988 2939
2989 2940
2990 2941
2991 2942
2992 2943
2993 2944
2994 2945
2995 2946
2996 2947
2997 2948
2998 2949
2999 2950
3000 2951
3001 2952
3002 2953
3003 2954
3004 2955
3005 2956
3006 2957
3007 2958
3008 2959
3009 2960
3010 2961
3011 2962
3012 2963
3013 2964
3014 2965
3015 2966
3016 2967
3017 2968
3018 2969
3019 2970
3020 2971
3021 2972
3022 2973
3023 2974
3024 2975
3025 2976
3026 2977
3027 2978
3028 2979
3029 2980
3030 2981
3031 2982
3032 2983
3033 2984
3034 2985
3035 2986
3036 2987
3037 2988
3038 2989
3039 2990
3040 2991
3041 2992
3042 2993
3043 2994
3044 2995
3045 2996
3046 2997
3047 2998
3048 2999
3049 3000
3050 3001
3051 3002
3052 3003
3053 3004
3054 3005
3055 3006
3056 3007
3057 3008
3058 3009
3059 3010
3060 3011
3061 3012
3062 3013
3063 4131
3064 3014
3065 3015
3066 3016
3067 3017
3068 3018
3069 3019
3070 3020
3071 3021
3072 3022
3073 3023
3074 3024
3075 3025
3076 3026
3077 3027
3078 3028
3079 3029
3080 3030
3081 3031
3082 3032
3083 3033
3084 3034
3085 3035
3086 3036
3087 3037
3088 3038
3089 3039
3090 3040
3091 3041
3092 3042
3093 3043
3094 3044
3095 3045
3096 3046
3097 3047
3098 3048
3099 3049
3100 3050
3101 3051
3102 3052
3103 3053
3104 3054
3105 3055
3106 3056
3107 3057
3108 3058
3109 3059
3110 3060
3111 3061
3112 3062
3113 3063
3114 3064
3115 3065
3116 3066
3117 3067
3118 3068
3119 3069
3120 3070
3121 3071
3122 3072
3123 3073
3124 3074
3125 3075
3126 3076
3127 3077
3128 3078
3129 3079
3130 3080
3131 3081
3132 3082
3133 3083
3134 3084
3135 3085
3136 3086
3137 3087
3138 3088
3139 3089
3140 3090
3141 3091
3142 3092
3143 3093
3144 3094
3145 3095
3146 3096
3147 3097
3148 3098
3149 3099
3150 3100
3151 3101
3152 3102
3153 3103
3154 3104
3155 3105
3156 3106
3157 3107
3158 3108
3159 3109
3160 3110
3161 3111
3162 3112
3163 3113
3164 3114
3165 3115
3166 3116
3167 3117
3168 3118
3169 3119
3170 3120
3171 3121
3172 3122
3173 3123
3174 3124
3175 3125
3176 3126
3177 3127
3178 3128
3179 3129
3180 3130
3181 3131
3182 3132
3183 3133
3184 3134
3185 3135
3186 3136
3187 3137
3188 3138
3189 3139
3190 3140
3191 3141
3192 3142
3193 3143
3194 3144
3195 3145
3196 3146
3197 3147
3198 3148
3199 3149
3200 3150
3201 3151
3202 3152
3203 3153
3204 3154
3205 3155
3206 3156
3207 3157
3208 3158
3209 3159
3210 3160
3211 3161
3212 3162
3213 3163
3214 3164
3215 3165
3216 3166
3217 3167
3218 3168
3219 3169
3220 3170
3221 3171
3222 3172
3223 3173
3224 3174
3225 3175
3226 3176
3227 3177
3228 3178
3229 3179
3230 3180
3231 3181
3232 3182
3233 3183
3234 3184
3235 3185
3236 3186
3237 3187
3238 3188
3239 3189
3240 3190
3241 3191
3242 3192
3243 3193
3244 3194
3245 3195
3246 3196
3247 3197
3248 3198
3249 3199
3250 3200
3251 4131
3252 3201
3253 3202
3254 3203
3255 3204
3256 3205
3257 3206
3258 3207
3259 3208
3260 3209
3261 3210
3262 3211
3263 3212
3264 3213
3265 3214
3266 3215
3267 3216
3268 3217
3269 3218
3270 3219
3271 3220
3272 3221
3273 3222
3274 3223
3275 3224
3276 3225
3277 3226
3278 3227
3279 3228
3280 3229
3281 3230
3282 3231
3283 3232
3284 3233
3285 3234
3286 3235
3287 3236
3288 3237
3289 3238
3290 3239
3291 3240
3292 3241
3293 3242
3294 3243
3295 3244
3296 3245
3297 3246
3298 3247
3299 3248
3300 3249
3301 3250
3302 3251
3303 3252
3304 3253
3305 3254
3306 3255
3307 3256
3308 3257
3309 3258
3310 3259
3311 3260
3312 3261
3313 3262
3314 3263
3315 3264
3316 3265
3317 3266
3318 3267
3319 3268
3320 3269
3321 3270
3322 3271
3323 3272
3324 3273
3325 3274
3326 3275
3327 3276
3328 3277
3329 3278
3330 3279
3331 3280
3332 3281
3333 3282
3334 3283
3335 3284
3336 3285
3337 3286
3338 4131
3339 3287
3340 3288
3341 3289
3342 3290
3343 3291
3344 3292
3345 3293
3346 3294
3347 3295
3348 3296
3349 3297
3350 3298
3351 3299
3352 3300
3353 3301
3354 3302
3355 3303
3356 3304
3357 3305
3358 3306
3359 3307
3360 3308
3361 3309
3362 3310
3363 3311
3364 3312
3365 3313
3366 3314
3367 3315
3368 3316
3369 3317
3370 3318
3371 3319
3372 3320
3373 3321
3374 3322
3375 3323
3376 3324
3377 3325
3378 3326
3379 3327
3380 3328
3381 3329
3382 3330
3383 3331
3384 3332
3385 3333
3386 3334
3387 3335
3388 3336
3389 3337
3390 3338
3391 4131
3392 3339
3393 3340
3394 3341
3395 3342
3396 3343
3397 3344
3398 3345
3399 3346
3400 3347
3401 3348
3402 4131
3403 3349
3404 3350
3405 3351
3406 3352
3407 3353
3408 3354
3409 3355
3410 3356
3411 3357
3412 3358
3413 3359
3414 3360
3415 3361
3416 3362
3417 3363
3418 3364
3419 3365
3420 3366
3421 3367
3422 3368
3423 3369
3424 3370
3425 3371
3426 3372
3427 3373
3428 3374
3429 3375
3430 3376
3431 3377
3432 3378
3433 3379
3434 3380
3435 3381
3436 3382
3437 3383
3438 3384
3439 3385
3440 3386
3441 3387
3442 3388
3443 3389
3444 3390
3445 3391
3446 3392
3447 3393
3448 3394
3449 4189
3450 3395
3451 3396
3452 3397
3453 3398
3454 3399
3455 3400
3456 3401
3457 3402
3458 3403
3459 3404
3460 3405
3461 4131
3462 3406
3463 3407
3464 3408
3465 3409
3466 3410
3467 3411
3468 3412
3469 3413
3470 3414
3471 3415
3472 3416
3473 3417
3474 3418
3475 3419
3476 3420
3477 3421
3478 3422
3479 3423
3480 3424
3481 3425
3482 3426
3483 3427
3484 3428
3485 3429
3486 3430
3487 3431
3488 3432
3489 3433
3490 3434
3491 3435
3492 3436
3493 3437
3494 3438
3495 3439
3496 3440
3497 3441
3498 3442
3499 3443
3500 3444
3501 3445
3502 3446
3503 3447
3504 3448
3505 3449
3506 3450
3507 3451
3508 3452
3509 3453
3510 4131
3511 3454
3512 3455
3513 3456
3514 3457
3515 3458
3516 3459
3517 3460
3518 3461
3519 3462
3520 3463
3521 3464
3522 3465
3523 3466
3524 3467
3525 3468
3526 3469
3527 3470
3528 3471
3529 3472
3530 3473
3531 3474
3532 3475
3533 3476
3534 3477
3535 3478
3536 3479
3537 3480
3538 3481
3539 3482
3540 3483
3541 3484
3542 3485
3543 3486
3544 3487
3545 3488
3546 3489
3547 3490
3548 3491
3549 3492
3550 3493
3551 3494
3552 3495
3553 3496
3554 3497
3555 3498
3556 3499
3557 3500
3558 3501
3559 3502
3560 3503
3561 3504
3562 3505
3563 3506
3564 3507
3565 3508
3566 3509
3567 3510
3568 3511
3569 3512
3570 3513
3571 3514
3572 3515
3573 3516
3574 3517
3575 3518
3576 3519
3577 3520
3578 3521
3579 3522
3580 3523
3581 3524
3582 3525
3583 3526
3584 3527
3585 3528
3586 3529
3587 3530
3588 3531
3589 3532
3590 3533
3591 3534
3592 3535
3593 3536
3594 3537
3595 3538
3596 3539
3597 3540
3598 3541
3599 3542
3600 3543
3601 3544
3602 3545
3603 3546
3604 3547
3605 3548
3606 3549
3607 3550
3608 3551
3609 3552
3610 3553
3611 3554
3612 3555
3613 3556
3614 3557
3615 3558
3616 3559
3617 3560
3618 3561
3619 3562
3620 3563
3621 3564
3622 3565
3623 3566
3624 3567
3625 3568
3626 3569
3627 3570
3628 3571
3629 3572
3630 3573
3631 3574
3632 3575
3633 3576
3634 3577
3635 3578
3636 3579
3637 3580
3638 3581
3639 3582
3640 3583
3641 3584
3642 3585
3643 3586
3644 3587
3645 3588
3646 3589
3647 3590
3648 3591
3649 3592
3650 3593
3651 3594
3652 3595
3653 3596
3654 3597
3655 3598
3656 3599
3657 3600
3658 3601
3659 3602
3660 3603
3661 3604
3662 3605
3663 3606
3664 3607
3665 3608
3666 3609
3667 3610
3668 3611
3669 3612
3670 3613
3671 3614
3672 3615
3673 3616
3674 3617
3675 3618
3676 3619
3677 3620
3678 3621
3679 3622
3680 3623
3681 3624
3682 3625
3683 3626
3684 3627
3685 3628
3686 3629
3687 3630
3688 3631
3689 3632
3690 3633
3691 3634
3692 3635
3693 3636
3694 3637
3695 3638
3696 3639
3697 3640
3698 3641
3699 3642
3700 4131
3701 3643
3702 3644
3703 3645
3704 3646
3705 3647
3706 3648
3707 3649
3708 3650
3709 3651
3710 3652
3711 3653
3712 3654
3713 3655
3714 3656
3715 3657
3716 3658
3717 3659
3718 3660
3719 3661
3720 3662
3721 3663
3722 3664
3723 3665
3724 3666
3725 3667
3726 3668
3727 3669
3728 3670
3729 3671
3730 3672
3731 3673
3732 3674
3733 3675
3734 3676
3735 3677
3736 3678
3737 3679
3738 3680
3739 3681
3740 3682
3741 3683
3742 3684
3743 3685
3744 3686
3745 3687
3746 3688
3747 3689
3748 3690
3749 3691
3750 3692
3751 3693
3752 3694
3753 3695
3754 4131
3755 3696
3756 3697
3757 3698
3758 3699
3759 3700
3760 3701
3761 3702
3762 3703
3763 3704
3764 3705
3765 3706
3766 3707
3767 3708
3768 3709
3769 3710
3770 3711
3771 3712
3772 3713
3773 3714
3774 3715
3775 3716
3776 3717
3777 3718
3778 3719
3779 3720
3780 3721
3781 3722
3782 3723
3783 3724
3784 3725
3785 3726
3786 3727
3787 3728
3788 3729
3789 3730
3790 3731
3791 3732
3792 3733
3793 3734
3794 3735
3795 3736
3796 3737
3797 3738
3798 3739
3799 3740
3800 3741
3801 3742
3802 3743
3803 4189
3804 4131
3805 3744
3806 3745
3807 3746
3808 3747
3809 3748
3810 3749
3811 3750
3812 3751
3813 3752
3814 3753
3815 3754
3816 3755
3817 3756
3818 3757
3819 3758
3820 3759
3821 3760
3822 3761
3823 3762
3824 3763
3825 3764
3826 3765
3827 3766
3828 3767
3829 3768
3830 3769
3831 3770
3832 3771
3833 3772
3834 3773
3835 3774
3836 3775
3837 3776
3838 3777
3839 3778
3840 3779
3841 3780
3842 3781
3843 3782
3844 3783
3845 3784
3846 3785
3847 3786
3848 3787
3849 3788
3850 3789
3851 3790
3852 3791
3853 3792
3854 3793
3855 3794
3856 3795
3857 3796
3858 3797
3859 3798
3860 3799
3861 3800
3862 3801
3863 3802
3864 3803
3865 3804
3866 3805
3867 3806
3868 3807
3869 3808
3870 3809
3871 3810
3872 3811
3873 3812
3874 3813
3875 3814
3876 3815
3877 3816
3878 3817
3879 3818
3880 3819
3881 3820
3882 3821
3883 3822
3884 3823
3885 3824
3886 3825
3887 3826
3888 3827
3889 3828
3890 4189
3891 3829
3892 3830
3893 3831
3894 3832
3895 3833
3896 3834
3897 3835
3898 3836
3899 3837
3900 3838
3901 3839
3902 3840
3903 3841
3904 3842
3905 3843
3906 3844
3907 3845
3908 3846
3909 3847
3910 3848
3911 3849
3912 3850
3913 3851
3914 3852
3915 3853
3916 3854
3917 3855
3918 3856
3919 3857
3920 3858
3921 3859
3922 3860
3923 3861
3924 3862
3925 3863
3926 3864
3927 3865
3928 3866
3929 3867
3930 4131
3931 3868
3932 3869
3933 3870
3934 3871
3935 3872
3936 3873
3937 3874
3938 3875
3939 3876
3940 3877
3941 3878
3942 3879
3943 3880
3944 3881
3945 3882
3946 3883
3947 3884
3948 3885
3949 3886
3950 3887
3951 3888
3952 3889
3953 3890
3954 3891
3955 3892
3956 3893
3957 3894
3958 3895
3959 3896
3960 3897
3961 3898
3962 3899
3963 3900
3964 3901
3965 3902
3966 3903
3967 3904
3968 3905
3969 3906
3970 4131
3971 3907
3972 3908
3973 3909
3974 3910
3975 3911
3976 3912
3977 3913
3978 3914
3979 3915
3980 3916
3981 3917
3982 3918
3983 3919
3984 3920
3985 3921
3986 3922
3987 3923
3988 3924
3989 3925
3990 3926
3991 3927
3992 3928
3993 3929
3994 3930
3995 3931
3996 3932
3997 3933
3998 3934
3999 3935
4000 3936
4001 3937
4002 4131
4003 3938
4004 3939
4005 3940
4006 3941
4007 3942
4008 3943
4009 3944
4010 3945
4011 3946
4012 3947
4013 3948
4014 3949
4015 3950
4016 3951
4017 3952
4018 3953
4019 3954
4020 3955
4021 3956
4022 3957
4023 3958
4024 3959
4025 3960
4026 3961
4027 3962
4028 3963
4029 3964
4030 3965
4031 3966
4032 3967
4033 3968
4034 3969
4035 3970
4036 3971
4037 3972
4038 3973
4039 3974
4040 3975
4041 3976
4042 3977
4043 3978
4044 3979
4045 3980
4046 3981
4047 3982
4048 3983
4049 3984
4050 3985
4051 3986
4052 3987
4053 4131
4054 3988
4055 3989
4056 3990
4057 3991
4058 3992
4059 3993
4060 3994
4061 3995
4062 3996
4063 3997
4064 3998
4065 3999
4066 4000
4067 4001
4068 4002
4069 4003
4070 4004
4071 4005
4072 4006
4073 4007
4074 4008
4075 4009
4076 4010
4077 4011
4078 4012
4079 4013
4080 4014
4081 4015
4082 4016
4083 4017
4084 4018
4085 4019
4086 4020
4087 4021
4088 4022
4089 4023
4090 4024
4091 4025
4092 4026
4093 4027
4094 4028
4095 4029
4096 4030
4097 4031
4098 4032
4099 4033
4100 4034
4101 4035
4102 4036
4103 4037
4104 4038
4105 4039
4106 4040
4107 4041
4108 4042
4109 4043
4110 4044
4111 4045
4112 4046
4113 4047
4114 4048
4115 4049
4116 4050
4117 4051
4118 4052
4119 4053
4120 4054
4121 4055
4122 4056
4123 4057
4124 4058
4125 4059
4126 4060
4127 4061
4128 4062
4129 4063
4130 4064
4131 4065
4132 4066
4133 4067
4134 4068
4135 4069
4136 4070
4137 4071
4138 4072
4139 4073
4140 4074
4141 4075
4142 4076
4143 4077
4144 4078
4145 4079
4146 4080
4147 4081
4148 4082
4149 4083
4150 4084
4151 4085
4152 4086
4153 4087
4154 4088
4155 4089
4156 4131
4157 4090
4158 4091
4159 4092
4160 4093
4161 4094
4162 4131
4163 4095
4164 4096
4165 4097
4166 4098
4167 4099
4168 4100
4169 4101
4170 4102
4171 4103
4172 4104
4173 4105
4174 4106
4175 4107
4176 4108
4177 4109
4178 4110
4179 4111
4180 4112
4181 4113
4182 4114
4183 4115
4184 4116
4185 4117
4186 4118
4187 4119
4188 4120
4189 4121
4190 4122
4191 4123
4192 4124
4193 4125
4194 4126
4195 4127
4196 4128
4197 4129
4198 4130
4199 4131
4200 4132
4201 4133
4202 4134
4203 4135
4204 4136
4205 4137
4206 4138
4207 4139
4208 4140
4209 4141
4210 4142
4211 4143
4212 4144
4213 4145
4214 4146
4215 4147
4216 4148
4217 4149
4218 4150
4219 4131
4220 4151
4221 4152
4222 4153
4223 4154
4224 4155
4225 4156
4226 4157
4227 4158
4228 4159
4229 4160
4230 4161
4231 4162
4232 4163
4233 4131
4234 4164
4235 4165
4236 4166
4237 4167
4238 4168
4239 4169
4240 4170
4241 4171
4242 4172
4243 4173
4244 4174
4245 4175
4246 4176
4247 4177
4248 4178
4249 4179
4250 4180
4251 4181
4252 4182
4253 4183
4254 4184
4255 4185
4256 4186
4257 4187
4258 4188
4259 4189
4260 4190
4261 4191
4262 4192
4263 4193
4264 4194
4265 4195
4266 4196
4267 4197
4268 4198
4269 4199
4270 4200
4271 4201
4272 4202
4273 4203
4274 4204
4275 4205
4276 4206
4277 4207
4278 4208
4279 4209
4280 4210
4281 4211
4282 4212
4283 4213
4284 4214
4285 4215
4286 4216
4287 4217
4288 4218
4289 4219
4290 4220
4291 4221
4292 4222
4293 4223
4294 4224
4295 4225
4296 4226
4297 4227
4298 4228
4299 4229
4300 4230
4301 4231
4302 4232
4303 4233
4304 4234
4305 4235
4306 4236
4307 4237
4308 4238
4309 4239
4310 4240
4311 4241
4312 4242
4313 4243
4314 4244
4315 4245
4316 4246
4317 4247
4318 4248
4319 4249
4320 4250
4321 4251
4322 4252
4323 4253
4324 4254
4325 4255
4326 4256
4327 4257
4328 4131
4329 4258
4330 4259
4331 4131
4332 4260
4333 4261
4334 4262
4335 4263
4336 4264
4337 4265
4338 4266
4339 4267
4340 4268
4341 4269
4342 4270
4343 4271
4344 4272
4345 4273
4346 4274
4347 4275
4348 4276
4349 4277
4350 4278
4351 4279
4352 4280
4353 4281
4354 4282
4355 4283
4356 4284
4357 4285
4358 4286
4359 4287
4360 4288
4361 4289
4362 4290
4363 4291
4364 4292
4365 4293
4366 4294
4367 4295
4368 4296
4369 4297
4370 4298
4371 4299
4372 4300
4373 4301
4374 4302
4375 4303
4376 4304
4377 4305
4378 4306
4379 4307
4380 4308
4381 4309
4382 4310
4383 4311
4384 4312
4385 4313
4386 4314
4387 4315
4388 4316
4389 4317
4390 4318
4391 4319
4392 4320
4393 4321
4394 4322
4395 4323
4396 4324
4397 4325
4398 4326
4399 4327
4400 4328
4401 4329
4402 4330
4403 4331
4404 4332
4405 4333
4406 4334
4407 4335
4408 4336
4409 4337
4410 4338
4411 4339
4412 4340
4413 4341
4414 4342
4415 4343
4416 4344
4417 4345
4418 4346
4419 4347
4420 4348
4421 4349
4422 4350
4423 4351
4424 4352
4425 4353
4426 4354
4427 4355
4428 4356
4429 4357
4430 4358
4431 4359
4432 4360
4433 4361
4434 4362
4435 4363
4436 4364
4437 4365
4438 4366
4439 4367
4440 4368
4441 4369
4442 4370
4443 4371
4444 4372
4445 4373
4446 4374
4447 4375
4448 4376
4449 4377
4450 4378
4451 4379
4452 4380
4453 4381
4454 4382
4455 4383
4456 4384
4457 4385
4458 4386
4459 4387
4460 4388
4461 4389
4462 4390
4463 4391
4464 4392
4465 4393
4466 4394
4467 4395
4468 4396
4469 4397
4470 4398
4471 4399
4472 4400
4473 4401
4474 4402
4475 4403
4476 4404
4477 4405
4478 4406
4479 4407
4480 4408
4481 4409
4482 4410
4483 4411
4484 4412
4485 4413
4486 4414
4487 4415
4488 4416
4489 4417
4490 4418
4491 4419
4492 4420
4493 4421
4494 4422
4495 4423
4496 4424
4497 4425
4498 4426
4499 4427
4500 4428
4501 4429
4502 4131
4503 4430
4504 4431
4505 4432
4506 4433
4507 4434
4508 4435
4509 4436
4510 4437
4511 4438
4512 4131
4513 4439
4514 4440
4515 4441
4516 4442
4517 4443
4518 4444
4519 4445
4520 4446
4521 4447
4522 4448
4523 4449
4524 4450
4525 4451
4526 4452
4527 4453
4528 4454
4529 4455
4530 4456
4531 4457
4532 4458
4533 4459
4534 4460
4535 4461
4536 4462
4537 4463
4538 4464
4539 4465
4540 4466
4541 4467
4542 4468
4543 4469
4544 4470
4545 4471
4546 4472
4547 4473
4548 4474
4549 4475
4550 4476
4551 4477
4552 4478
4553 4479
4554 4480
4555 4481
4556 4482
4557 4483
4558 4484
4559 4485
4560 4486
4561 4487
4562 4488
4563 4489
4564 4490
4565 4491
4566 4492
4567 4493
4568 4494
4569 4495
4570 4496
4571 4497
4572 4498
4573 4499
4574 4500
4575 4501
4576 4502
4577 4503
4578 4504
4579 4505
4580 4506
4581 4507
4582 4508
4583 4509
4584 4510
4585 4511
4586 4512
4587 4513
4588 4514
4589 4515
4590 4516
4591 4517
4592 4518
4593 4519
4594 4520
4595 4521
4596 4522
4597 4523
4598 4524
4599 4525
4600 4526
4601 4527
4602 4528
4603 4529
4604 4530
4605 4531
4606 4532
4607 4533
4608 4534
4609 4535
4610 4536
4611 4537
4612 4538
4613 4539
4614 4540
4615 4541
4616 4542
4617 4543
4618 4544
4619 4545
4620 4546
4621 4547
4622 4548
4623 4549
4624 4550
4625 4551
4626 4552
4627 4553
4628 4554
4629 4555
4630 4556
4631 4557
4632 4558
4633 4559
4634 4560
4635 4561
4636 4562
4637 4563
4638 4131
4639 4564
4640 4565
4641 4566
4642 4567
4643 4568
4644 4569
4645 4570
4646 4571
4647 4572
4648 4573
4649 4574
4650 4575
4651 4131
4652 4576
4653 4577
4654 4578
4655 4579
4656 4580
4657 4581
4658 4582
4659 4583
4660 4584
4661 4585
4662 4586
4663 4587
4664 4588
4665 4589
4666 4590
4667 4591
4668 4592
4669 4593
4670 4594
4671 4595
4672 4596
4673 4597
4674 4598
4675 4599
4676 4131
4677 4600
4678 4601
4679 4602
4680 4603
4681 4604
4682 4605
4683 4606
4684 4607
4685 4608
4686 4609
4687 4610
4688 4611
4689 4612
4690 4613
4691 4614
4692 4615
4693 4616
4694 4617
4695 4618
4696 4619
4697 4620
4698 4621
4699 4622
4700 4623
4701 4624
4702 4625
4703 4626
4704 4627
4705 4628
4706 4629
4707 4630
4708 4631
4709 4632
4710 4633
4711 4634
4712 4635
4713 4636
4714 4637
4715 4638
4716 4639
4717 4640
4718 4641
4719 4642
4720 4643
4721 4644
4722 4645
4723 4646
4724 4647
4725 4648
4726 4649
4727 4650
4728 4651
4729 4652
4730 4653
4731 4654
4732 4655
4733 4656
4734 4657
4735 4658
4736 4131
4737 4659
4738 4660
4739 4661
4740 4662
4741 4663
4742 4664
4743 4665
4744 4666
4745 4667
4746 4668
4747 4669
4748 4670
4749 4671
4750 4672
4751 4673
4752 4674
4753 4675
4754 4676
4755 4677
4756 4678
4757 4679
4758 4680
4759 4681
4760 4682
4761 4683
4762 4684
4763 4685
4764 4686
4765 4687
4766 4688
4767 4689
4768 4690
4769 4691
4770 4692
4771 4693
4772 4694
4773 4695
4774 4696
4775 4697
4776 4698
4777 4699
4778 4700
4779 4701
4780 4702
4781 4703
4782 4704
4783 4705
4784 4706
4785 4707
4786 4708
4787 4709
4788 4710
4789 4711
4790 4712
4791 4713
4792 4714
4793 4715
4794 4716
4795 4717
4796 4718
4797 4719
4798 4720
4799 4721
4800 4722
4801 4723
4802 4724
4803 4725
4804 4726
4805 4727
4806 4728
4807 4729
4808 4730
4809 4731
4810 4732
4811 4733
4812 4734
4813 4735
4814 4736
4815 4737
4816 4738
4817 4739
4818 4740
4819 4741
4820 4742
4821 4131
4822 4743
4823 4744
4824 4745
4825 4746
4826 4747
4827 4748
4828 4749
4829 4750
4830 4751
4831 4752
4832 4753
4833 4754
4834 4755
4835 4756
4836 4757
4837 4758
4838 4759
4839 4760
4840 4761
4841 4762
4842 4763
4843 4764
4844 4765
4845 4766
4846 4767
4847 4768
4848 4769
4849 4770
4850 4771
4851 4772
4852 4773
4853 4774
4854 4775
4855 4776
4856 4777
4857 4778
4858 4779
4859 4780
4860 4781
4861 4782
4862 4783
4863 4784
4864 4785
4865 4786
4866 4787
4867 4788
4868 4789
4869 4790
4870 4791
4871 4792
4872 4793
4873 4794
4874 4795
4875 4796
4876 4797
4877 4798
4878 4799
4879 4800
4880 4801
4881 4802
4882 4803
4883 4804
4884 4805
4885 4806
4886 4807
4887 4808
4888 4809
4889 4810
4890 4811
4891 4812
4892 4813
4893 4814
4894 4815
4895 4816
4896 4817
4897 4818
4898 4819
4899 4820
4900 4821
4901 4822
4902 4823
4903 4824
4904 4825
4905 4826
4906 4827
4907 4828
4908 4829
4909 4830
4910 4831
4911 4832
4912 4833
4913 4834
4914 4835
4915 4836
4916 4837
4917 4838
4918 4839
4919 4840
4920 4841
4921 4842
4922 4843
4923 4844
4924 4845
4925 4131
4926 4846
4927 4847
4928 4848
4929 4849
4930 4189
4931 4850
4932 4851
4933 4852
4934 4853
4935 4854
4936 4855
4937 4856
4938 4857
4939 4858
4940 4859
4941 4860
4942 4861
4943 4862
4944 4863
4945 4864
4946 4865
4947 4866
4948 4867
4949 4868
4950 4869
4951 4870
4952 4871
4953 4872
4954 4873
4955 4874
4956 4875
4957 4876
4958 4877
4959 4878
4960 4879
4961 4880
4962 4881
4963 4882
4964 4883
4965 4884
4966 4885
4967 4886
4968 4887
4969 4888
4970 4889
4971 4890
4972 4891
4973 4892
4974 4893
4975 4894
4976 4895
4977 4896
4978 4897
4979 4898
4980 4899
4981 4900
4982 4901
4983 4902
4984 4903
4985 4904
4986 4905
4987 4906
4988 4907
4989 4908
4990 4909
4991 4910
4992 4911
4993 4912
4994 4913
4995 4914
4996 4915
4997 4916
4998 4917
4999 4918
5000 4919
5001 4920
5002 4921
5003 4922
5004 4923
5005 4924
5006 4925
5007 4926
5008 4927
5009 4928
5010 4929
5011 4930
5012 4931
5013 4932
5014 4933
5015 4934
5016 4935
5017 4936
5018 4937
5019 4938
5020 4939
5021 4940
5022 4941
5023 4942
5024 4943
5025 4944
5026 4945
5027 4946
5028 4947
5029 4948
5030 4949
5031 4950
5032 4951
5033 4952
5034 4953
5035 4954
5036 4955
5037 4956
5038 4957
5039 4958
5040 4959
5041 4960
5042 4961
5043 4962
5044 4963
5045 4964
5046 4965
5047 4966
5048 4967
5049 4968
5050 4969
5051 4970
5052 4971
5053 4972
5054 4973
5055 4974
5056 4975
5057 4976
5058 4977
5059 4978
5060 4979
5061 4980
5062 4981
5063 4982
5064 4983
5065 4984
5066 4985
5067 4986
5068 4987
5069 4988
5070 4989
5071 4990
5072 4991
5073 4992
5074 4993
5075 4994
5076 4995
5077 4996
5078 4997
5079 4998
5080 4999
5081 5000
5082 5001
5083 5002
5084 5003
5085 5004
5086 5005
5087 5006
5088 5007
5089 5008
5090 5009
5091 5010
5092 5011
5093 5012
5094 5013
5095 5014
5096 5015
5097 5016
5098 5017
5099 5018
5100 5019
5101 5020
5102 5021
5103 5022
5104 5023
5105 5024
5106 4189
5107 5025
5108 5026
5109 5027
5110 5028
5111 5029
5112 5030
5113 5031
5114 5032
5115 5033
5116 5034
5117 5035
5118 5036
5119 5037
5120 5038
5121 5039
5122 5040
5123 5041
5124 5042
5125 5043
5126 5044
5127 5045
5128 5046
5129 5047
5130 5048
5131 5049
5132 4131
5133 5050
5134 5051
5135 4131
5136 5052
5137 5053
5138 5054
5139 5055
5140 5056
5141 5057
5142 4131
5143 5058
5144 5059
5145 5060
5146 5061
5147 5062
5148 5063
5149 5064
5150 5065
5151 5066
5152 5067
5153 5068
5154 5069
5155 5070
5156 5071
5157 5072
5158 5073
5159 5074
5160 5075
5161 5076
5162 5077
5163 5078
5164 5079
5165 5080
5166 5081
5167 5082
5168 5083
5169 5084
5170 5085
5171 5086
5172 5087
5173 5088
5174 5089
5175 5090
5176 5091
5177 5092
5178 5093
5179 5094
5180 5095
5181 5096
5182 5097
5183 5098
5184 5099
5185 5100
5186 5101
5187 5102
5188 5103
5189 5104
5190 5105
5191 5106
5192 4189
