0 0
1 2895
2 1
3 2
4 3
5 4
6 5
7 6
8 7
9 4029
10 8
11 9
12 10
13 11
14 12
15 13
16 14
17 15
18 16
19 17
20 18
21 19
22 20
23 21
24 22
25 23
26 24
27 25
28 26
29 27
30 28
31 29
32 30
33 31
34 32
35 33
36 34
37 35
38 36
39 37
40 38
41 39
42 40
43 41
44 42
45 43
46 44
47 45
48 46
49 47
50 48
51 49
52 50
53 51
54 52
55 53
56 54
57 1566
58 55
59 56
60 57
61 58
62 59
63 60
64 61
65 62
66 63
67 64
68 65
69 66
70 67
71 68
72 69
73 70
74 71
75 72
76 73
77 74
78 75
79 76
80 77
81 78
82 79
83 80
84 81
85 82
86 83
87 84
88 85
89 86
90 87
91 88
92 89
93 90
94 91
95 92
96 93
97 94
98 95
99 96
100 97
101 98
102 99
103 100
104 101
105 102
106 103
107 104
108 105
109 106
110 107
111 108
112 109
113 2412
114 110
115 111
116 2412
117 112
118 113
119 114
120 115
121 116
122 117
123 118
124 119
125 120
126 121
127 122
128 123
129 124
130 125
131 126
132 127
133 128
134 129
135 130
136 131
137 132
138 4029
139 1566
140 133
141 134
142 135
143 136
144 137
145 138
146 139
147 140
148 141
149 142
150 143
151 144
152 145
153 146
154 147
155 148
156 149
157 150
158 151
159 152
160 153
161 154
162 155
163 156
164 157
165 158
166 159
167 160
168 161
169 162
170 163
171 164
172 165
173 166
174 167
175 168
176 169
177 170
178 395
179 171
180 172
181 173
182 174
183 175
184 176
185 177
186 178
187 179
188 180
189 181
190 182
191 183
192 184
193 185
194 186
195 187
196 188
197 189
198 190
199 191
200 192
201 193
202 194
203 195
204 196
205 197
206 198
207 199
208 200
209 201
210 202
211 203
212 204
213 4029
214 205
215 2412
216 206
217 207
218 208
219 209
220 210
221 211
222 212
223 213
224 214
225 215
226 216
227 217
228 218
229 219
230 220
231 221
232 222
233 223
234 224
235 225
236 226
237 2412
238 227
239 228
240 229
241 230
242 231
243 232
244 233
245 234
246 235
247 236
248 237
249 238
250 239
251 240
252 241
253 242
254 243
255 244
256 245
257 246
258 247
259 248
260 249
261 250
262 251
263 252
264 253
265 254
266 255
267 256
268 257
269 2412
270 258
271 259
272 260
273 261
274 262
275 263
276 264
277 265
278 266
279 267
280 268
281 269
282 270
283 271
284 272
285 273
286 274
287 275
288 276
289 277
290 4029
291 278
292 279
293 280
294 281
295 282
296 283
297 284
298 285
299 286
300 287
301 288
302 289
303 290
304 291
305 292
306 293
307 294
308 295
309 296
310 297
311 298
312 299
313 300
314 301
315 302
316 303
317 304
318 305
319 306
320 307
321 308
322 309
323 310
324 311
325 312
326 2705
327 313
328 314
329 315
330 316
331 317
332 318
333 319
334 320
335 321
336 322
337 323
338 324
339 4029
340 325
341 326
342 327
343 328
344 329
345 330
346 331
347 332
348 333
349 334
350 335
351 336
352 337
353 338
354 339
355 340
356 341
357 342
358 3124
359 343
360 344
361 345
362 346
363 347
364 348
365 349
366 350
367 351
368 352
369 353
370 354
371 355
372 356
373 357
374 358
375 359
376 360
377 361
378 362
379 363
380 364
381 365
382 366
383 367
384 368
385 369
386 370
387 371
388 372
389 373
390 374
391 375
392 376
393 377
394 378
395 379
396 380
397 381
398 382
399 383
400 384
401 385
402 386
403 387
404 388
405 389
406 390
407 391
408 392
409 393
410 394
411 395
412 396
413 397
414 398
415 399
416 400
417 401
418 402
419 403
420 404
421 405
422 788
423 4029
424 406
425 407
426 408
427 409
428 2412
429 410
430 411
431 412
432 413
433 414
434 415
435 416
436 417
437 418
438 419
439 420
440 421
441 422
442 423
443 424
444 425
445 426
446 427
447 428
448 429
449 430
450 431
451 432
452 433
453 434
454 435
455 436
456 437
457 438
458 439
459 440
460 441
461 442
462 443
463 444
464 445
465 446
466 447
467 448
468 449
469 450
470 451
471 452
472 453
473 454
474 455
475 456
476 457
477 458
478 459
479 460
480 461
481 462
482 463
483 464
484 465
485 466
486 467
487 468
488 469
489 470
490 471
491 472
492 473
493 474
494 475
495 476
496 477
497 478
498 2412
499 479
500 480
501 481
502 482
503 483
504 484
505 485
506 486
507 487
508 2412
509 488
510 489
511 490
512 491
513 1397
514 492
515 493
516 494
517 495
518 496
519 2412
520 497
521 498
522 499
523 500
524 501
525 502
526 503
527 504
528 505
529 506
530 507
531 508
532 509
533 510
534 511
535 512
536 513
537 514
538 515
539 516
540 517
541 518
542 519
543 3124
544 520
545 521
546 522
547 523
548 524
549 525
550 526
551 527
552 2705
553 528
554 529
555 530
556 531
557 532
558 533
559 534
560 535
561 536
562 537
563 538
564 539
565 540
566 541
567 542
568 543
569 544
570 545
571 546
572 547
573 548
574 549
575 550
576 551
577 552
578 553
579 2412
580 554
581 2412
582 555
583 556
584 557
585 558
586 559
587 560
588 561
589 562
590 563
591 564
592 565
593 566
594 567
595 568
596 569
597 570
598 571
599 572
600 573
601 574
602 575
603 576
604 577
605 578
606 579
607 580
608 581
609 582
610 583
611 584
612 585
613 586
614 587
615 2412
616 588
617 589
618 590
619 591
620 592
621 593
622 594
623 4029
624 595
625 596
626 597
627 598
628 599
629 600
630 2412
631 601
632 602
633 603
634 604
635 605
636 606
637 607
638 2412
639 608
640 609
641 610
642 611
643 612
644 613
645 614
646 615
647 616
648 617
649 4029
650 618
651 619
652 303
653 620
654 621
655 622
656 623
657 624
658 625
659 3124
660 626
661 627
662 628
663 629
664 630
665 631
666 632
667 2705
668 633
669 634
670 635
671 636
672 637
673 638
674 639
675 640
676 641
677 642
678 643
679 644
680 645
681 646
682 647
683 648
684 649
685 650
686 651
687 652
688 653
689 654
690 655
691 656
692 657
693 658
694 659
695 660
696 661
697 662
698 663
699 664
700 665
701 666
702 667
703 668
704 669
705 2895
706 670
707 671
708 672
709 673
710 674
711 675
712 676
713 677
714 678
715 679
716 680
717 681
718 682
719 683
720 684
721 685
722 686
723 687
724 688
725 689
726 690
727 691
728 692
729 693
730 694
731 695
732 696
733 697
734 698
735 699
736 700
737 701
738 702
739 703
740 704
741 705
742 706
743 707
744 708
745 709
746 710
747 711
748 712
749 713
750 714
751 715
752 716
753 717
754 718
755 719
756 720
757 721
758 722
759 723
760 724
761 725
762 726
763 727
764 728
765 729
766 730
767 731
768 2412
769 732
770 733
771 734
772 735
773 736
774 737
775 738
776 739
777 740
778 741
779 742
780 743
781 744
782 745
783 746
784 747
785 748
786 749
787 750
788 751
789 752
790 753
791 754
792 755
793 756
794 757
795 758
796 759
797 760
798 761
799 762
800 763
801 764
802 765
803 766
804 767
805 768
806 769
807 770
808 771
809 2412
810 772
811 773
812 774
813 775
814 776
815 777
816 778
817 4029
818 779
819 2705
820 780
821 781
822 782
823 783
824 784
825 785
826 786
827 787
828 788
829 789
830 790
831 791
832 792
833 793
834 794
835 795
836 1566
837 796
838 797
839 798
840 799
841 800
842 801
843 802
844 803
845 804
846 805
847 806
848 807
849 808
850 809
851 810
852 811
853 2412
854 812
855 813
856 814
857 4029
858 815
859 816
860 817
861 1566
862 818
863 819
864 820
865 821
866 822
867 823
868 824
869 825
870 826
871 827
872 828
873 829
874 830
875 831
876 832
877 833
878 834
879 835
880 836
881 837
882 838
883 839
884 840
885 841
886 842
887 843
888 844
889 845
890 846
891 847
892 848
893 303
894 849
895 850
896 851
897 852
898 853
899 854
900 855
901 856
902 857
903 858
904 859
905 860
906 861
907 862
908 863
909 864
910 865
911 866
912 867
913 868
914 869
915 870
916 871
917 872
918 873
919 395
920 874
921 875
922 876
923 877
924 878
925 879
926 880
927 881
928 882
929 883
930 884
931 885
932 886
933 887
934 888
935 889
936 890
937 891
938 892
939 893
940 894
941 895
942 896
943 897
944 898
945 899
946 900
947 901
948 902
949 903
950 904
951 905
952 906
953 2412
954 907
955 908
956 909
957 910
958 911
959 912
960 913
961 914
962 915
963 916
964 917
965 918
966 919
967 920
968 921
969 922
970 923
971 924
972 925
973 926
974 927
975 928
976 929
977 930
978 931
979 932
980 933
981 934
982 935
983 936
984 937
985 938
986 939
987 940
988 941
989 942
990 943
991 944
992 945
993 946
994 947
995 948
996 949
997 950
998 951
999 952
1000 953
1001 954
1002 955
1003 956
1004 957
1005 958
1006 959
1007 960
1008 961
1009 962
1010 963
1011 964
1012 965
1013 966
1014 967
1015 968
1016 969
1017 970
1018 971
1019 972
1020 973
1021 974
1022 975
1023 976
1024 977
1025 978
1026 979
1027 980
1028 981
1029 982
1030 983
1031 984
1032 985
1033 986
1034 987
1035 988
1036 989
1037 990
1038 991
1039 992
1040 993
1041 994
1042 995
1043 996
1044 997
1045 998
1046 999
1047 1000
1048 1001
1049 1002
1050 1003
1051 1004
1052 1005
1053 1006
1054 1007
1055 1008
1056 1009
1057 1010
1058 1011
1059 1012
1060 1013
1061 1014
1062 1015
1063 1016
1064 1017
1065 1018
1066 1566
1067 1019
1068 1020
1069 1021
1070 1022
1071 1023
1072 1024
1073 1025
1074 1026
1075 1027
1076 1028
1077 1029
1078 2895
1079 1030
1080 1031
1081 1032
1082 1033
1083 1034
1084 1035
1085 1036
1086 1037
1087 1038
1088 1039
1089 1040
1090 1041
1091 1042
1092 1043
1093 1044
1094 1045
1095 2412
1096 1046
1097 1047
1098 1048
1099 1049
1100 1050
1101 1051
1102 1052
1103 1053
1104 1054
1105 1055
1106 1056
1107 1057
1108 1058
1109 1059
1110 1060
1111 1061
1112 1062
1113 1063
1114 1064
1115 1065
1116 4029
1117 1066
1118 4029
1119 1067
1120 1068
1121 3165
1122 1069
1123 1070
1124 1071
1125 1072
1126 1073
1127 1074
1128 1075
1129 1076
1130 1077
1131 1078
1132 1079
1133 1080
1134 1081
1135 1082
1136 1083
1137 1084
1138 1085
1139 1086
1140 1087
1141 1088
1142 1089
1143 1090
1144 1091
1145 1092
1146 1093
1147 1094
1148 1095
1149 1096
1150 1097
1151 1098
1152 1099
1153 1100
1154 1101
1155 1102
1156 1103
1157 1104
1158 1105
1159 1106
1160 1107
1161 1108
1162 1109
1163 1110
1164 1111
1165 1112
1166 1113
1167 1114
1168 1115
1169 1116
1170 1117
1171 1118
1172 1119
1173 1120
1174 1121
1175 1122
1176 1123
1177 1124
1178 1125
1179 1126
1180 1127
1181 1128
1182 1129
1183 2412
1184 1130
1185 1131
1186 1132
1187 1133
1188 1134
1189 1566
1190 1135
1191 1136
1192 1137
1193 1138
1194 1139
1195 1140
1196 1141
1197 1142
1198 1143
1199 1144
1200 1145
1201 1146
1202 1147
1203 1148
1204 1149
1205 1150
1206 1151
1207 1152
1208 1153
1209 1154
1210 1155
1211 1156
1212 1157
1213 1158
1214 1159
1215 1160
1216 1161
1217 1162
1218 1163
1219 1164
1220 1165
1221 1166
1222 1167
1223 1168
1224 1169
1225 1170
1226 1171
1227 1172
1228 1173
1229 1174
1230 1175
1231 1176
1232 1177
1233 1178
1234 1179
1235 1180
1236 1181
1237 1182
1238 1183
1239 1184
1240 1185
1241 1186
1242 1187
1243 1188
1244 1189
1245 1190
1246 1191
1247 1192
1248 1193
1249 1194
1250 1195
1251 1196
1252 1197
1253 1198
1254 1199
1255 1200
1256 1201
1257 1202
1258 1203
1259 1204
1260 1205
1261 1206
1262 1207
1263 1208
1264 1209
1265 1210
1266 1211
1267 1212
1268 1213
1269 1214
1270 1215
1271 1216
1272 1217
1273 1218
1274 1219
1275 1220
1276 1221
1277 1222
1278 1223
1279 1224
1280 1225
1281 1226
1282 1227
1283 1228
1284 1229
1285 2412
1286 1230
1287 1231
1288 1232
1289 1233
1290 1234
1291 1235
1292 1236
1293 1237
1294 1238
1295 1239
1296 1240
1297 1241
1298 1242
1299 1243
1300 1244
1301 2412
1302 1245
1303 2412
1304 1246
1305 1247
1306 1248
1307 1249
1308 1250
1309 2412
1310 1251
1311 1252
1312 1253
1313 1254
1314 1255
1315 1256
1316 1257
1317 1258
1318 1259
1319 1260
1320 1261
1321 1262
1322 2895
1323 1263
1324 1264
1325 1265
1326 1566
1327 1266
1328 1267
1329 1268
1330 1269
1331 1270
1332 1271
1333 1272
1334 1273
1335 1274
1336 1275
1337 1276
1338 1277
1339 1278
1340 1279
1341 1280
1342 1281
1343 1282
1344 1283
1345 1284
1346 1285
1347 1286
1348 1287
1349 1288
1350 1289
1351 1290
1352 1291
1353 1292
1354 1293
1355 1294
1356 1295
1357 1296
1358 1297
1359 1298
1360 1299
1361 1300
1362 1301
1363 1302
1364 1303
1365 1304
1366 1305
1367 1306
1368 1307
1369 1308
1370 1309
1371 1310
1372 1311
1373 1312
1374 1313
1375 1314
1376 1315
1377 1316
1378 1317
1379 1318
1380 1319
1381 1320
1382 1321
1383 1322
1384 1323
1385 1324
1386 1325
1387 1326
1388 1327
1389 1328
1390 1329
1391 1330
1392 1331
1393 1332
1394 4029
1395 1333
1396 1334
1397 1335
1398 1336
1399 1337
1400 1338
1401 1339
1402 1340
1403 1341
1404 1342
1405 1343
1406 1344
1407 1345
1408 1346
1409 1347
1410 1348
1411 1349
1412 1350
1413 1351
1414 1352
1415 1353
1416 1354
1417 1355
1418 1356
1419 1357
1420 1358
1421 1359
1422 1360
1423 1361
1424 1362
1425 1363
1426 1364
1427 1365
1428 1366
1429 1367
1430 1368
1431 1369
1432 1370
1433 1371
1434 1372
1435 1373
1436 1374
1437 1375
1438 1376
1439 1377
1440 1378
1441 1379
1442 1380
1443 1381
1444 1382
1445 1383
1446 1384
1447 1385
1448 1386
1449 1387
1450 1388
1451 1389
1452 1390
1453 1391
1454 1392
1455 1393
1456 1394
1457 1395
1458 1396
1459 1397
1460 1398
1461 1566
1462 1399
1463 1400
1464 1401
1465 1402
1466 1403
1467 1404
1468 1405
1469 1406
1470 1407
1471 1408
1472 1409
1473 1410
1474 1411
1475 1412
1476 1413
1477 1414
1478 1415
1479 1416
1480 1417
1481 1418
1482 1419
1483 1420
1484 1421
1485 1422
1486 1423
1487 1424
1488 1425
1489 1426
1490 1427
1491 1428
1492 1429
1493 1566
1494 1566
1495 1430
1496 1431
1497 395
1498 1432
1499 1433
1500 1434
1501 1435
1502 1436
1503 1437
1504 1438
1505 1439
1506 1440
1507 1441
1508 4029
1509 1442
1510 1443
1511 1444
1512 1445
1513 1446
1514 1447
1515 1448
1516 1449
1517 1450
1518 1451
1519 1452
1520 1453
1521 4249
1522 1454
1523 1455
1524 1456
1525 1457
1526 1458
1527 1459
1528 1460
1529 1461
1530 1462
1531 1463
1532 1464
1533 1465
1534 1466
1535 1467
1536 2727
1537 1468
1538 1469
1539 1470
1540 1471
1541 1472
1542 1473
1543 1474
1544 1475
1545 1476
1546 1477
1547 1478
1548 1479
1549 1480
1550 1481
1551 1482
1552 1483
1553 1484
1554 1485
1555 2412
1556 1486
1557 1487
1558 1488
1559 1489
1560 1490
1561 1491
1562 1492
1563 1493
1564 1494
1565 1495
1566 1496
1567 1497
1568 1498
1569 1499
1570 1500
1571 1501
1572 1502
1573 1503
1574 1504
1575 1505
1576 1506
1577 1507
1578 1508
1579 1509
1580 1510
1581 1511
1582 1512
1583 1513
1584 1514
1585 1515
1586 1516
1587 1517
1588 1518
1589 1519
1590 1520
1591 1521
1592 1522
1593 1523
1594 1524
1595 1525
1596 1526
1597 1527
1598 1528
1599 1529
1600 1530
1601 1531
1602 1532
1603 1533
1604 1534
1605 1535
1606 1536
1607 1537
1608 1538
1609 1539
1610 1540
1611 1541
1612 1542
1613 1543
1614 1544
1615 1545
1616 1546
1617 1547
1618 1548
1619 1549
1620 1550
1621 1551
1622 1552
1623 1553
1624 1554
1625 1555
1626 1556
1627 1557
1628 1558
1629 1559
1630 1560
1631 1561
1632 1562
1633 1563
1634 1564
1635 1565
1636 1566
1637 1567
1638 1568
1639 1569
1640 1570
1641 1571
1642 1572
1643 1573
1644 1574
1645 1575
1646 1576
1647 1577
1648 1578
1649 1579
1650 1580
1651 1581
1652 1582
1653 1583
1654 1584
1655 1585
1656 1586
1657 2895
1658 1587
1659 1588
1660 1589
1661 1590
1662 1591
1663 1592
1664 1593
1665 1594
1666 1595
1667 1596
1668 1597
1669 1598
1670 1599
1671 1600
1672 1601
1673 1602
1674 1603
1675 1604
1676 1605
1677 1606
1678 1607
1679 1608
1680 1609
1681 1610
1682 1611
1683 1612
1684 1613
1685 1614
1686 1615
1687 1616
1688 1617
1689 1618
1690 1619
1691 1620
1692 1621
1693 1622
1694 1623
1695 1624
1696 1625
1697 1626
1698 1627
1699 1628
1700 1629
1701 1630
1702 1631
1703 1632
1704 1633
1705 2412
1706 1634
1707 1635
1708 1636
1709 1637
1710 1638
1711 1639
1712 1640
1713 1641
1714 1642
1715 1643
1716 1644
1717 1645
1718 1646
1719 1647
1720 1648
1721 1649
1722 1650
1723 1651
1724 1652
1725 1653
1726 1654
1727 1655
1728 1656
1729 1657
1730 2412
1731 1658
1732 1659
1733 1660
1734 1661
1735 4029
1736 1662
1737 1663
1738 1664
1739 1665
1740 1666
1741 1667
1742 1668
1743 1669
1744 1670
1745 1671
1746 1672
1747 1673
1748 1674
1749 1675
1750 1676
1751 1677
1752 1678
1753 1679
1754 1680
1755 1681
1756 1682
1757 1683
1758 1684
1759 1685
1760 1686
1761 1687
1762 1688
1763 1689
1764 1690
1765 1691
1766 1692
1767 1693
1768 1694
1769 1695
1770 1696
1771 1697
1772 1698
1773 1699
1774 1700
1775 1701
1776 1702
1777 1703
1778 1704
1779 1705
1780 1706
1781 1707
1782 1708
1783 1709
1784 1710
1785 2727
1786 1711
1787 1712
1788 1713
1789 1714
1790 1715
1791 1716
1792 1717
1793 1718
1794 1719
1795 1720
1796 1721
1797 4029
1798 1722
1799 1723
1800 1724
1801 1725
1802 1726
1803 1727
1804 1728
1805 1729
1806 1730
1807 1731
1808 1732
1809 1733
1810 1734
1811 1735
1812 1736
1813 1737
1814 1738
1815 1739
1816 1740
1817 1741
1818 1742
1819 1743
1820 1744
1821 1745
1822 1746
1823 1747
1824 1748
1825 1749
1826 1750
1827 1751
1828 1752
1829 1753
1830 1754
1831 1755
1832 1756
1833 1757
1834 2412
1835 1759
1836 1760
1837 1761
1838 1762
1839 1763
1840 1764
1841 1765
1842 1766
1843 1767
1844 1768
1845 1769
1846 1770
1847 1771
1848 1772
1849 1773
1850 2412
1851 1774
1852 1775
1853 1776
1854 1777
1855 1778
1856 1779
1857 1780
1858 1781
1859 2623
1860 1782
1861 1783
1862 1566
1863 1784
1864 1785
1865 2623
1866 1786
1867 1787
1868 1788
1869 1789
1870 1790
1871 1791
1872 1792
1873 1793
1874 1794
1875 1795
1876 1796
1877 1797
1878 1798
1879 1799
1880 1800
1881 1801
1882 1802
1883 1803
1884 1804
1885 1805
1886 1806
1887 1807
1888 1808
1889 1809
1890 1810
1891 1811
1892 1812
1893 1813
1894 1814
1895 1758
1896 1816
1897 1817
1898 1818
1899 1819
1900 1820
1901 1821
1902 1822
1903 1823
1904 1824
1905 1825
1906 1826
1907 1827
1908 2412
1909 1828
1910 1829
1911 1830
1912 1831
1913 1832
1914 1833
1915 1834
1916 1835
1917 1836
1918 1837
1919 1838
1920 1839
1921 1840
1922 1841
1923 1842
1924 1843
1925 1844
1926 1845
1927 1846
1928 1847
1929 1848
1930 1849
1931 2412
1932 1850
1933 1851
1934 2412
1935 1852
1936 1853
1937 1854
1938 1855
1939 2412
1940 1856
1941 1857
1942 1858
1943 1859
1944 1860
1945 1861
1946 1862
1947 1863
1948 1864
1949 1865
1950 1866
1951 1867
1952 1868
1953 1869
1954 1870
1955 1871
1956 1872
1957 1873
1958 1874
1959 1875
1960 1876
1961 1877
1962 1878
1963 1879
1964 1880
1965 1881
1966 1882
1967 1883
1968 1884
1969 1885
1970 1886
1971 1887
1972 1888
1973 1889
1974 1890
1975 1891
1976 1892
1977 1893
1978 1894
1979 1895
1980 1896
1981 1897
1982 1898
1983 1899
1984 1900
1985 1901
1986 1902
1987 1903
1988 1904
1989 1905
1990 1906
1991 1907
1992 1908
1993 1909
1994 1910
1995 1911
1996 1912
1997 1913
1998 1914
1999 303
2000 1915
2001 1916
2002 1566
2003 1917
2004 1918
2005 1919
2006 1920
2007 1921
2008 1922
2009 1923
2010 1924
2011 1925
2012 1926
2013 1927
2014 1928
2015 1929
2016 1930
2017 1931
2018 1932
2019 1933
2020 1934
2021 1935
2022 1936
2023 1937
2024 1938
2025 1939
2026 1940
2027 1941
2028 3124
2029 1942
2030 1943
2031 1944
2032 1945
2033 1946
2034 1947
2035 1948
2036 1949
2037 1950
2038 2412
2039 1951
2040 1952
2041 2412
2042 1953
2043 1954
2044 1955
2045 1956
2046 1957
2047 1958
2048 1959
2049 1960
2050 1961
2051 1962
2052 1963
2053 1964
2054 1965
2055 1966
2056 1967
2057 1968
2058 1969
2059 1970
2060 1971
2061 1972
2062 1973
2063 1974
2064 1975
2065 1976
2066 4029
2067 1977
2068 1978
2069 1979
2070 1980
2071 1981
2072 1982
2073 1983
2074 1984
2075 1985
2076 1986
2077 1987
2078 1988
2079 1989
2080 1990
2081 1991
2082 1992
2083 1993
2084 1994
2085 1995
2086 1996
2087 1997
2088 1998
2089 1999
2090 2000
2091 2001
2092 2002
2093 2003
2094 2004
2095 2005
2096 2006
2097 2007
2098 2008
2099 2009
2100 2010
2101 3165
2102 2011
2103 2012
2104 2013
2105 2014
2106 2015
2107 2016
2108 2017
2109 2018
2110 2019
2111 2020
2112 2021
2113 2022
2114 2023
2115 2024
2116 2025
2117 2026
2118 2027
2119 2028
2120 2029
2121 2030
2122 2031
2123 2032
2124 2033
2125 2034
2126 2035
2127 2036
2128 2037
2129 2038
2130 2039
2131 2040
2132 2041
2133 2042
2134 2043
2135 2044
2136 2045
2137 2046
2138 2047
2139 2048
2140 2049
2141 2050
2142 2051
2143 2052
2144 2053
2145 2054
2146 2055
2147 2056
2148 2057
2149 2058
2150 2059
2151 2060
2152 2061
2153 2062
2154 2063
2155 2064
2156 2065
2157 2066
2158 2067
2159 2068
2160 2069
2161 2070
2162 2071
2163 2072
2164 2073
2165 2074
2166 2075
2167 2076
2168 2077
2169 2078
2170 2079
2171 2080
2172 2081
2173 2082
2174 2083
2175 2084
2176 2085
2177 2086
2178 2087
2179 2088
2180 2089
2181 2090
2182 2091
2183 2092
2184 2093
2185 1455
2186 2094
2187 2095
2188 2412
2189 2096
2190 2097
2191 2098
2192 2099
2193 2100
2194 2101
2195 2102
2196 2103
2197 2104
2198 2105
2199 2106
2200 2107
2201 2108
2202 2109
2203 2110
2204 2111
2205 2112
2206 2113
2207 2114
2208 2115
2209 2116
2210 2117
2211 2118
2212 2119
2213 2120
2214 2121
2215 2122
2216 2123
2217 2124
2218 2125
2219 2126
2220 2127
2221 2128
2222 2129
2223 2130
2224 2131
2225 2132
2226 2133
2227 2134
2228 2135
2229 2136
2230 2137
2231 2412
2232 2138
2233 2139
2234 2140
2235 2141
2236 2142
2237 2143
2238 2144
2239 2145
2240 2146
2241 2147
2242 2148
2243 2149
2244 2150
2245 2151
2246 2152
2247 2153
2248 2154
2249 2155
2250 2156
2251 2157
2252 2158
2253 2159
2254 2160
2255 2161
2256 2162
2257 2163
2258 2164
2259 2165
2260 2166
2261 2167
2262 2168
2263 2169
2264 2170
2265 2171
2266 2172
2267 3124
2268 2173
2269 2174
2270 2175
2271 2176
2272 2177
2273 2178
2274 2179
2275 2180
2276 2181
2277 2182
2278 2183
2279 2184
2280 2185
2281 2186
2282 2187
2283 2188
2284 2189
2285 2190
2286 2191
2287 2192
2288 2193
2289 2194
2290 2195
2291 2196
2292 2197
2293 2198
2294 2199
2295 2200
2296 2201
2297 2202
2298 2203
2299 2204
2300 2205
2301 2206
2302 2207
2303 2208
2304 2209
2305 2210
2306 2211
2307 2212
2308 2213
2309 2214
2310 2215
2311 2216
2312 2217
2313 2218
2314 2219
2315 2220
2316 2221
2317 2222
2318 2223
2319 2224
2320 2225
2321 2226
2322 2227
2323 2412
2324 4841
2325 2228
2326 2229
2327 2230
2328 2231
2329 2232
2330 2233
2331 2234
2332 2235
2333 2236
2334 2237
2335 2238
2336 2239
2337 2240
2338 2241
2339 2242
2340 2243
2341 4029
2342 2244
2343 2895
2344 2245
2345 2246
2346 2247
2347 2248
2348 2249
2349 2250
2350 2251
2351 2252
2352 2253
2353 2254
2354 2412
2355 2255
2356 2256
2357 2257
2358 2258
2359 2259
2360 2260
2361 2261
2362 2262
2363 2263
2364 2264
2365 1566
2366 2265
2367 2266
2368 2267
2369 2268
2370 2269
2371 2270
2372 2271
2373 2272
2374 2273
2375 2274
2376 2275
2377 2276
2378 2277
2379 2278
2380 2279
2381 2280
2382 2281
2383 2282
2384 2895
2385 2283
2386 2284
2387 2285
2388 2286
2389 2287
2390 2288
2391 2289
2392 2290
2393 2412
2394 2291
2395 2292
2396 2293
2397 2294
2398 2295
2399 2296
2400 4029
2401 2297
2402 2298
2403 2299
2404 2300
2405 2301
2406 2302
2407 2303
2408 2304
2409 2305
2410 2306
2411 2307
2412 2308
2413 2309
2414 2310
2415 2311
2416 2312
2417 2313
2418 2314
2419 2315
2420 2316
2421 2317
2422 2318
2423 2319
2424 2320
2425 2321
2426 2322
2427 2323
2428 2324
2429 2325
2430 2326
2431 2327
2432 2328
2433 2329
2434 2330
2435 2331
2436 2332
2437 2333
2438 2334
2439 2335
2440 2336
2441 2337
2442 2338
2443 2339
2444 2340
2445 2341
2446 2342
2447 2343
2448 2344
2449 2345
2450 2346
2451 2347
2452 2348
2453 2349
2454 2350
2455 2351
2456 2623
2457 2412
2458 2352
2459 2353
2460 2354
2461 2355
2462 2356
2463 2357
2464 2358
2465 2359
2466 2360
2467 2361
2468 2362
2469 2363
2470 2364
2471 2365
2472 2366
2473 2367
2474 2368
2475 2369
2476 2370
2477 2371
2478 2372
2479 2373
2480 2374
2481 2375
2482 2376
2483 2377
2484 2378
2485 2379
2486 2380
2487 2381
2488 2382
2489 2383
2490 2384
2491 2385
2492 2386
2493 2387
2494 2388
2495 2389
2496 2390
2497 2391
2498 2392
2499 2393
2500 2394
2501 2395
2502 2396
2503 2397
2504 2398
2505 2399
2506 2400
2507 2401
2508 2402
2509 2403
2510 2404
2511 2405
2512 2406
2513 2407
2514 2408
2515 2409
2516 2410
2517 2411
2518 2412
2519 2413
2520 2414
2521 2415
2522 2416
2523 2417
2524 2418
2525 2419
2526 3124
2527 2420
2528 2421
2529 2422
2530 2423
2531 2424
2532 2425
2533 2426
2534 2427
2535 2428
2536 2429
2537 2430
2538 2431
2539 2432
2540 2433
2541 2434
2542 2435
2543 2436
2544 2437
2545 2438
2546 2439
2547 2440
2548 2441
2549 2442
2550 2443
2551 2444
2552 2445
2553 1397
2554 2446
2555 2447
2556 2448
2557 2449
2558 2450
2559 2451
2560 2452
2561 2453
2562 2454
2563 2455
2564 2456
2565 2457
2566 2458
2567 2459
2568 2460
2569 2461
2570 2462
2571 2463
2572 2464
2573 2465
2574 2466
2575 2412
2576 2467
2577 2468
2578 2469
2579 2470
2580 2471
2581 2472
2582 2473
2583 4029
2584 2474
2585 2475
2586 2476
2587 2477
2588 2478
2589 2479
2590 2480
2591 2481
2592 2482
2593 2483
2594 2484
2595 2485
2596 2486
2597 2487
2598 2488
2599 2489
2600 2490
2601 2491
2602 2492
2603 2493
2604 2494
2605 2495
2606 2496
2607 2497
2608 2498
2609 2499
2610 2500
2611 2501
2612 2502
2613 2503
2614 2504
2615 2505
2616 2506
2617 2507
2618 2508
2619 2509
2620 2510
2621 2511
2622 2512
2623 2513
2624 2514
2625 2515
2626 2516
2627 2517
2628 2518
2629 2519
2630 2520
2631 2521
2632 2522
2633 2523
2634 2524
2635 2525
2636 2526
2637 2527
2638 2528
2639 2529
2640 2530
2641 2531
2642 2532
2643 2533
2644 2534
2645 2535
2646 2536
2647 2537
2648 2538
2649 2539
2650 2540
2651 4029
2652 2541
2653 2542
2654 2543
2655 2544
2656 2545
2657 2546
2658 2547
2659 2548
2660 2549
2661 2550
2662 2551
2663 2552
2664 2553
2665 2554
2666 2555
2667 2556
2668 2557
2669 2558
2670 2559
2671 2560
2672 2561
2673 2562
2674 2563
2675 2564
2676 2565
2677 2566
2678 2567
2679 2568
2680 2569
2681 2570
2682 2571
2683 2572
2684 2573
2685 2574
2686 2575
2687 2576
2688 2577
2689 2578
2690 2579
2691 2580
2692 2581
2693 2582
2694 2583
2695 2584
2696 2585
2697 2586
2698 2587
2699 2588
2700 2589
2701 2590
2702 2591
2703 2592
2704 2593
2705 2594
2706 2595
2707 2596
2708 2597
2709 2598
2710 2599
2711 2600
2712 2601
2713 2602
2714 2603
2715 2604
2716 2605
2717 2606
2718 2607
2719 2412
2720 1758
2721 2608
2722 2609
2723 2412
2724 2610
2725 2611
2726 2612
2727 2613
2728 2614
2729 2615
2730 2727
2731 2616
2732 2617
2733 2618
2734 2412
2735 2619
2736 2620
2737 2621
2738 2622
2739 2412
2740 2624
2741 2625
2742 1815
2743 2626
2744 2627
2745 2628
2746 2629
2747 2630
2748 2631
2749 2632
2750 2633
2751 2634
2752 2635
2753 2636
2754 2637
2755 2638
2756 2639
2757 2640
2758 4029
2759 2641
2760 2642
2761 2643
2762 2644
2763 2645
2764 2646
2765 2647
2766 2648
2767 2649
2768 2650
2769 2651
2770 2652
2771 2653
2772 2654
2773 2655
2774 2656
2775 2657
2776 4029
2777 2658
2778 2659
2779 2660
2780 2661
2781 2662
2782 2663
2783 2664
2784 2665
2785 538
2786 2666
2787 2667
2788 2668
2789 2669
2790 2670
2791 2671
2792 2672
2793 2673
2794 2674
2795 2675
2796 2676
2797 2677
2798 2678
2799 2679
2800 303
2801 2680
2802 2681
2803 2682
2804 2683
2805 2684
2806 2685
2807 2686
2808 2687
2809 2688
2810 2689
2811 2690
2812 2691
2813 2692
2814 2693
2815 2694
2816 2695
2817 2696
2818 2697
2819 2698
2820 2699
2821 2700
2822 2701
2823 2702
2824 2703
2825 2704
2826 2705
2827 2706
2828 2707
2829 2708
2830 2709
2831 2710
2832 2711
2833 2712
2834 2713
2835 2714
2836 2715
2837 2716
2838 2717
2839 2718
2840 2719
2841 2720
2842 2721
2843 2722
2844 2723
2845 2724
2846 2725
2847 2726
2848 2727
2849 2728
2850 2729
2851 2730
2852 2731
2853 2732
2854 2733
2855 2734
2856 2735
2857 2736
2858 2737
2859 2412
2860 2412
2861 2738
2862 1566
2863 2739
2864 2740
2865 2412
2866 2741
2867 2742
2868 2743
2869 2744
2870 2745
2871 2746
2872 2747
2873 2748
2874 2749
2875 2750
2876 2751
2877 2752
2878 2753
2879 2754
2880 2755
2881 2756
2882 1566
2883 2757
2884 2758
2885 2759
2886 2760
2887 2761
2888 2762
2889 2763
2890 2764
2891 2765
2892 2766
2893 2767
2894 2768
2895 2769
2896 2770
2897 2771
2898 2772
2899 2773
2900 2774
2901 2775
2902 2776
2903 2777
2904 2778
2905 2779
2906 2780
2907 3124
2908 2781
2909 2782
2910 2783
2911 2784
2912 2785
2913 2786
2914 2787
2915 2788
2916 2789
2917 2790
2918 2791
2919 2792
2920 2793
2921 2794
2922 2795
2923 2412
2924 2796
2925 2797
2926 2798
2927 2799
2928 2800
2929 2801
2930 2802
2931 2803
2932 2804
2933 2805
2934 2806
2935 2807
2936 2808
2937 2809
2938 2810
2939 2811
2940 2812
2941 2813
2942 2814
2943 2815
2944 2816
2945 2817
2946 2818
2947 2819
2948 2820
2949 2821
2950 2822
2951 2823
2952 2824
2953 2825
2954 2826
2955 2827
2956 2828
2957 2829
2958 2830
2959 2831
2960 2832
2961 2833
2962 2834
2963 2835
2964 2836
2965 2837
2966 2838
2967 2839
2968 2840
2969 2841
2970 2842
2971 2843
2972 2844
2973 2845
2974 2846
2975 2847
2976 2848
2977 2849
2978 2850
2979 2851
2980 2852
2981 2853
2982 2412
2983 2854
2984 2855
2985 2856
2986 2857
2987 2858
2988 2859
2989 2860
2990 2861
2991 2862
2992 2863
2993 2864
2994 2865
2995 2866
2996 2867
2997 2868
2998 2869
2999 2412
3000 2870
3001 2871
3002 2872
3003 538
3004 2873
3005 2874
3006 2875
3007 2876
3008 2877
3009 2878
3010 2879
3011 2880
3012 2881
3013 2882
3014 2883
3015 2884
3016 2885
3017 2886
3018 2887
3019 2888
3020 2889
3021 2890
3022 2891
3023 2892
3024 2893
3025 2894
3026 2895
3027 2896
3028 2897
3029 2898
3030 2899
3031 2900
3032 2901
3033 2902
3034 2903
3035 2904
3036 2905
3037 2906
3038 2907
3039 2908
3040 2909
3041 2910
3042 2911
3043 2912
3044 2913
3045 2914
3046 2915
3047 2916
3048 2917
3049 2918
3050 2919
3051 2920
3052 2921
3053 2922
3054 2923
3055 2924
3056 2925
3057 2926
3058 2927
3059 2928
3060 2929
3061 2930
3062 2931
3063 2932
3064 2933
3065 2934
3066 2935
3067 2936
3068 2937
3069 2938
3070 2939
3071 2940
3072 2941
3073 2942
3074 2943
3075 2944
3076 2945
3077 2946
3078 2947
3079 2948
3080 2949
3081 2950
3082 2951
3083 2952
3084 2953
3085 2954
3086 2955
3087 2956
3088 2957
3089 2958
3090 2959
3091 2960
3092 2961
3093 4029
3094 2962
3095 2963
3096 2964
3097 2965
3098 2966
3099 2967
3100 2968
3101 2969
3102 2970
3103 2971
3104 2972
3105 2973
3106 2974
3107 2975
3108 2976
3109 2977
3110 2978
3111 2979
3112 2980
3113 2981
3114 2982
3115 2983
3116 2984
3117 2985
3118 2986
3119 2987
3120 2988
3121 2989
3122 2990
3123 2991
3124 2992
3125 2993
3126 2994
3127 2995
3128 2996
3129 2997
3130 2998
3131 2999
3132 3000
3133 3001
3134 3002
3135 3003
3136 3004
3137 3005
3138 3006
3139 3007
3140 3008
3141 3009
3142 3010
3143 3011
3144 3012
3145 3013
3146 3014
3147 3015
3148 3016
3149 3017
3150 3018
3151 3019
3152 3020
3153 3021
3154 3022
3155 3023
3156 3024
3157 3025
3158 3026
3159 3027
3160 3028
3161 3029
3162 3030
3163 3031
3164 3032
3165 3033
3166 3034
3167 3035
3168 3036
3169 3037
3170 3038
3171 3039
3172 3040
3173 3041
3174 3042
3175 3043
3176 3044
3177 3045
3178 3046
3179 3047
3180 3048
3181 3049
3182 3050
3183 3051
3184 3052
3185 3053
3186 3054
3187 3055
3188 3056
3189 3057
3190 3058
3191 3059
3192 3060
3193 3061
3194 3062
3195 3063
3196 3064
3197 3065
3198 3066
3199 3067
3200 3068
3201 3069
3202 3070
3203 3071
3204 3072
3205 3073
3206 3074
3207 3075
3208 3076
3209 3077
3210 3078
3211 3079
3212 3080
3213 3081
3214 3082
3215 3083
3216 3084
3217 3085
3218 3086
3219 4029
3220 3087
3221 3088
3222 3089
3223 3090
3224 3091
3225 2412
3226 3092
3227 3093
3228 3094
3229 3095
3230 3096
3231 3097
3232 3098
3233 3099
3234 3100
3235 3101
3236 3102
3237 3103
3238 3104
3239 3105
3240 3106
3241 3107
3242 3108
3243 3109
3244 3110
3245 2727
3246 3111
3247 3112
3248 3113
3249 3114
3250 3115
3251 3116
3252 3117
3253 3118
3254 3119
3255 3120
3256 3121
3257 3122
3258 3123
3259 3124
3260 3125
3261 3126
3262 3127
3263 3128
3264 3129
3265 3130
3266 3131
3267 3132
3268 3133
3269 3134
3270 3135
3271 3136
3272 1566
3273 3137
3274 3138
3275 3139
3276 3140
3277 3141
3278 3142
3279 3143
3280 3144
3281 3145
3282 3146
3283 3147
3284 3148
3285 3149
3286 3150
3287 3151
3288 3152
3289 3153
3290 3154
3291 3155
3292 3156
3293 3157
3294 3158
3295 3159
3296 3160
3297 3161
3298 3162
3299 3163
3300 3164
3301 3165
3302 3166
3303 3167
3304 3168
3305 3169
3306 3170
3307 3171
3308 3172
3309 3173
3310 3174
3311 3175
3312 3176
3313 3177
3314 3178
3315 3179
3316 3180
3317 3181
3318 3182
3319 3183
3320 3184
3321 2623
3322 3185
3323 3186
3324 3187
3325 3188
3326 3189
3327 3190
3328 3191
3329 3192
3330 3193
3331 3194
3332 3195
3333 3196
3334 3197
3335 3198
3336 4029
3337 3199
3338 3200
3339 3201
3340 3202
3341 3203
3342 3204
3343 3205
3344 3206
3345 3207
3346 3208
3347 3209
3348 3210
3349 3211
3350 3212
3351 3213
3352 3214
3353 3215
3354 3216
3355 3217
3356 3218
3357 3219
3358 3220
3359 3221
3360 3222
3361 3223
3362 3224
3363 3225
3364 3226
3365 3227
3366 3228
3367 3229
3368 3230
3369 3231
3370 3232
3371 3233
3372 3234
3373 3235
3374 3236
3375 3237
3376 3238
3377 3239
3378 3240
3379 3241
3380 3242
3381 3243
3382 3244
3383 3245
3384 3246
3385 2412
3386 3247
3387 3248
3388 3249
3389 3250
3390 3251
3391 3252
3392 3253
3393 3254
3394 3255
3395 3256
3396 3257
3397 3258
3398 3259
3399 3260
3400 3261
3401 2895
3402 3262
3403 3263
3404 3264
3405 3265
3406 3266
3407 3267
3408 3268
3409 3269
3410 3270
3411 3271
3412 3272
3413 3273
3414 3274
3415 3275
3416 3276
3417 3277
3418 3278
3419 3279
3420 3280
3421 3281
3422 3282
3423 3283
3424 3284
3425 3285
3426 3286
3427 3287
3428 3288
3429 3289
3430 4671
3431 3290
3432 3291
3433 3292
3434 3293
3435 3294
3436 3295
3437 3296
3438 3297
3439 3298
3440 2412
3441 3299
3442 3300
3443 3301
3444 3302
3445 3303
3446 3304
3447 3305
3448 3306
3449 3307
3450 3308
3451 3309
3452 3310
3453 3311
3454 3312
3455 3313
3456 3314
3457 3315
3458 3316
3459 1397
3460 3317
3461 3318
3462 3319
3463 3320
3464 3321
3465 3322
3466 3323
3467 3324
3468 3325
3469 3326
3470 3327
3471 3328
3472 3329
3473 3330
3474 3331
3475 3332
3476 3333
3477 3334
3478 3335
3479 3336
3480 3337
3481 3338
3482 3339
3483 3340
3484 3341
3485 3342
3486 3343
3487 3344
3488 3345
3489 3346
3490 3347
3491 3348
3492 3349
3493 3350
3494 3351
3495 3352
3496 3353
3497 3354
3498 3355
3499 3356
3500 3357
3501 3358
3502 3359
3503 3360
3504 3361
3505 3362
3506 3363
3507 3364
3508 3365
3509 3366
3510 3367
3511 3368
3512 3369
3513 3370
3514 3371
3515 3372
3516 3373
3517 3374
3518 3375
3519 3376
3520 3377
3521 3378
3522 3379
3523 3380
3524 3381
3525 3382
3526 3383
3527 3384
3528 3385
3529 3386
3530 3387
3531 3388
3532 3389
3533 3390
3534 3391
3535 3392
3536 3393
3537 3394
3538 3395
3539 3396
3540 3397
3541 3398
3542 3399
3543 3400
3544 3401
3545 3402
3546 3403
3547 3404
3548 3405
3549 3406
3550 3407
3551 3408
3552 3409
3553 3410
3554 3411
3555 3412
3556 2412
3557 3413
3558 3414
3559 3415
3560 3416
3561 3417
3562 3418
3563 3419
3564 3420
3565 3421
3566 3422
3567 3423
3568 3424
3569 3425
3570 3426
3571 3427
3572 3428
3573 3429
3574 3430
3575 3431
3576 3432
3577 3433
3578 3434
3579 3435
3580 3436
3581 3437
3582 3438
3583 3439
3584 3440
3585 3441
3586 3442
3587 3443
3588 3444
3589 3445
3590 3446
3591 3447
3592 3448
3593 3449
3594 3450
3595 3451
3596 3452
3597 3453
3598 3454
3599 3455
3600 3456
3601 3457
3602 3458
3603 3459
3604 3460
3605 3461
3606 3462
3607 3463
3608 3464
3609 3465
3610 3466
3611 3467
3612 303
3613 3468
3614 3469
3615 3470
3616 1397
3617 3471
3618 3472
3619 3473
3620 2412
3621 3474
3622 3475
3623 3476
3624 3477
3625 3478
3626 3479
3627 3480
3628 3481
3629 3482
3630 3483
3631 3484
3632 538
3633 3485
3634 3486
3635 3487
3636 3488
3637 3489
3638 3490
3639 3491
3640 3492
3641 3493
3642 3494
3643 3495
3644 3496
3645 3497
3646 3498
3647 3499
3648 395
3649 3500
3650 3501
3651 3502
3652 3503
3653 3504
3654 3505
3655 3506
3656 3507
3657 3508
3658 3509
3659 3510
3660 3511
3661 1397
3662 3512
3663 3513
3664 3514
3665 3515
3666 3516
3667 3517
3668 3518
3669 3519
3670 3520
3671 3521
3672 3522
3673 3523
3674 3524
3675 3525
3676 3526
3677 3527
3678 3528
3679 3529
3680 3530
3681 3531
3682 4029
3683 3532
3684 3533
3685 3534
3686 3535
3687 3536
3688 3537
3689 3538
3690 3539
3691 3540
3692 3541
3693 3542
3694 3543
3695 3544
3696 3545
3697 3546
3698 3547
3699 3548
3700 3549
3701 3550
3702 3551
3703 3552
3704 3553
3705 3554
3706 3555
3707 3556
3708 3557
3709 3558
3710 3559
3711 3560
3712 3561
3713 3562
3714 3563
3715 3564
3716 3565
3717 3566
3718 3567
3719 3568
3720 3569
3721 3570
3722 3571
3723 3572
3724 3573
3725 3574
3726 3575
3727 3576
3728 3577
3729 3578
3730 3579
3731 3580
3732 3581
3733 3582
3734 3583
3735 3584
3736 3585
3737 3586
3738 3587
3739 3588
3740 3589
3741 3590
3742 3591
3743 3592
3744 3593
3745 3594
3746 3595
3747 3596
3748 3597
3749 3598
3750 3599
3751 3600
3752 3601
3753 3602
3754 3603
3755 3604
3756 3605
3757 3606
3758 3607
3759 3608
3760 3609
3761 3610
3762 3611
3763 3612
3764 3613
3765 3614
3766 3615
3767 3616
3768 3617
3769 3618
3770 3619
3771 3620
3772 3621
3773 3622
3774 3623
3775 3624
3776 3625
3777 3626
3778 3627
3779 3628
3780 3629
3781 3630
3782 3631
3783 3632
3784 3633
3785 3634
3786 3635
3787 3636
3788 3637
3789 3638
3790 3639
3791 3640
3792 3641
3793 3642
3794 3643
3795 3644
3796 3645
3797 4029
3798 3646
3799 538
3800 3647
3801 3648
3802 3649
3803 3650
3804 3651
3805 4029
3806 3652
3807 3653
3808 3654
3809 3655
3810 3656
3811 3657
3812 3658
3813 3659
3814 3660
3815 3661
3816 3662
3817 3663
3818 3664
3819 3665
3820 3666
3821 3667
3822 3668
3823 3669
3824 3670
3825 3671
3826 3672
3827 3673
3828 3674
3829 3675
3830 3676
3831 3677
3832 3678
3833 3679
3834 3680
3835 3681
3836 3682
3837 3683
3838 3684
3839 3685
3840 3686
3841 3687
3842 3688
3843 3689
3844 3690
3845 3691
3846 3692
3847 3693
3848 3694
3849 3695
3850 3696
3851 3697
3852 3698
3853 3699
3854 3700
3855 3701
3856 3702
3857 3703
3858 3704
3859 3705
3860 3706
3861 3707
3862 3708
3863 3709
3864 3710
3865 3711
3866 3712
3867 3713
3868 3714
3869 3715
3870 3716
3871 3717
3872 3718
3873 3719
3874 3720
3875 3721
3876 3722
3877 3723
3878 3724
3879 3725
3880 3726
3881 3727
3882 3728
3883 3729
3884 3730
3885 3731
3886 3732
3887 3733
3888 3734
3889 3735
3890 3736
3891 3737
3892 3738
3893 3739
3894 3740
3895 3741
3896 3742
3897 3743
3898 3744
3899 3745
3900 3746
3901 3747
3902 3748
3903 3749
3904 3750
3905 2412
3906 3751
3907 3752
3908 3753
3909 3754
3910 3755
3911 3756
3912 3757
3913 3758
3914 3759
3915 3760
3916 3761
3917 2412
3918 3762
3919 3763
3920 3764
3921 3765
3922 3766
3923 3767
3924 3768
3925 3769
3926 3770
3927 3771
3928 3772
3929 3773
3930 3774
3931 3775
3932 3776
3933 3777
3934 3778
3935 3779
3936 3780
3937 3781
3938 3782
3939 3783
3940 3784
3941 3785
3942 3786
3943 3787
3944 3788
3945 3789
3946 3790
3947 3791
3948 3792
3949 3793
3950 3794
3951 3795
3952 3796
3953 3797
3954 3798
3955 3799
3956 3800
3957 3801
3958 3802
3959 3803
3960 3804
3961 3805
3962 3806
3963 3807
3964 3808
3965 3809
3966 3810
3967 3811
3968 3812
3969 3813
3970 3814
3971 3815
3972 3816
3973 3817
3974 3818
3975 3819
3976 3820
3977 3821
3978 3822
3979 3823
3980 3824
3981 3825
3982 3826
3983 3827
3984 3828
3985 3829
3986 3830
3987 3831
3988 3832
3989 3833
3990 3834
3991 3835
3992 3836
3993 3837
3994 3838
3995 3839
3996 3840
3997 3841
3998 4029
3999 3842
4000 3843
4001 3844
4002 3845
4003 3846
4004 3847
4005 3848
4006 3849
4007 3850
4008 3851
4009 3852
4010 3853
4011 3854
4012 3855
4013 3856
4014 3857
4015 3858
4016 3859
4017 3860
4018 3861
4019 3862
4020 3863
4021 3864
4022 3865
4023 3866
4024 3867
4025 3868
4026 3869
4027 3870
4028 4671
4029 3871
4030 3872
4031 3873
4032 3874
4033 3875
4034 3876
4035 3877
4036 3878
4037 3879
4038 3880
4039 3881
4040 3882
4041 3883
4042 3884
4043 3885
4044 3886
4045 3887
4046 3888
4047 3889
4048 3890
4049 3891
4050 3892
4051 3893
4052 3894
4053 3895
4054 3896
4055 3897
4056 2412
4057 3898
4058 3899
4059 3900
4060 3901
4061 3902
4062 3903
4063 3904
4064 3905
4065 3906
4066 3907
4067 3908
4068 538
4069 3909
4070 3910
4071 3911
4072 3912
4073 3913
4074 3914
4075 3915
4076 3916
4077 3917
4078 3918
4079 3919
4080 3920
4081 3921
4082 3922
4083 3923
4084 3924
4085 3925
4086 3926
4087 3927
4088 3928
4089 3929
4090 3930
4091 2623
4092 3931
4093 3932
4094 3933
4095 3934
4096 3935
4097 3936
4098 3937
4099 3938
4100 3939
4101 3940
4102 3941
4103 3942
4104 3943
4105 2412
4106 3944
4107 3945
4108 3946
4109 3947
4110 3948
4111 3949
4112 3950
4113 3951
4114 3952
4115 3953
4116 3954
4117 3955
4118 3956
4119 3957
4120 3958
4121 3959
4122 3960
4123 3961
4124 3962
4125 3963
4126 3964
4127 3965
4128 3966
4129 3967
4130 3968
4131 3969
4132 3970
4133 3971
4134 3972
4135 3973
4136 2412
4137 3974
4138 3975
4139 3976
4140 3977
4141 3978
4142 3979
4143 3980
4144 3981
4145 3982
4146 3983
4147 3984
4148 3985
4149 3986
4150 3987
4151 3988
4152 3989
4153 3990
4154 3991
4155 3992
4156 3993
4157 3994
4158 3995
4159 3996
4160 3997
4161 3998
4162 3999
4163 1840
4164 4000
4165 4001
4166 4002
4167 4003
4168 4004
4169 4005
4170 2412
4171 4006
4172 4007
4173 4008
4174 4009
4175 4010
4176 4011
4177 4012
4178 4013
4179 4014
4180 4015
4181 4016
4182 4017
4183 4018
4184 4019
4185 4020
4186 4021
4187 4022
4188 4023
4189 4024
4190 4025
4191 4026
4192 4027
4193 4028
4194 4029
4195 4030
4196 4031
4197 4032
4198 4033
4199 4034
4200 4035
4201 4036
4202 4037
4203 2412
4204 4038
4205 4039
4206 4040
4207 4041
4208 4042
4209 4043
4210 4044
4211 4029
4212 4045
4213 4046
4214 4047
4215 4048
4216 4049
4217 4050
4218 4051
4219 4052
4220 4053
4221 4054
4222 4055
4223 4056
4224 4057
4225 4058
4226 4059
4227 4060
4228 4061
4229 4062
4230 4063
4231 4064
4232 4065
4233 4066
4234 4067
4235 4068
4236 4069
4237 4070
4238 2173
4239 4071
4240 4072
4241 4073
4242 4074
4243 4075
4244 4076
4245 2412
4246 4077
4247 4078
4248 4079
4249 4080
4250 4081
4251 4082
4252 4083
4253 4084
4254 4085
4255 4086
4256 4087
4257 4088
4258 4089
4259 4090
4260 4091
4261 4092
4262 4093
4263 4094
4264 4095
4265 4096
4266 4097
4267 4098
4268 4099
4269 4100
4270 4101
4271 4102
4272 4103
4273 4104
4274 4105
4275 4106
4276 4107
4277 4108
4278 4109
4279 4110
4280 538
4281 4111
4282 4112
4283 4113
4284 4114
4285 4115
4286 4116
4287 4117
4288 4118
4289 4119
4290 4120
4291 4121
4292 4122
4293 4123
4294 4124
4295 4125
4296 4126
4297 4127
4298 4128
4299 4129
4300 4130
4301 4131
4302 4132
4303 4133
4304 4134
4305 4135
4306 4136
4307 4137
4308 4138
4309 4139
4310 4140
4311 395
4312 4141
4313 4142
4314 4143
4315 4144
4316 4145
4317 4146
4318 4147
4319 4148
4320 4149
4321 4150
4322 4151
4323 4152
4324 4153
4325 4154
4326 4155
4327 4156
4328 4157
4329 4158
4330 4159
4331 4160
4332 4161
4333 4162
4334 4163
4335 4164
4336 4165
4337 4166
4338 4167
4339 4168
4340 4169
4341 4170
4342 4171
4343 4172
4344 4173
4345 4174
4346 4175
4347 4176
4348 4177
4349 4178
4350 4179
4351 4180
4352 4181
4353 4182
4354 4183
4355 4184
4356 4185
4357 4186
4358 4187
4359 4188
4360 4189
4361 4190
4362 4191
4363 4192
4364 4193
4365 4194
4366 538
4367 4195
4368 4196
4369 4197
4370 4198
4371 4199
4372 4200
4373 4201
4374 4202
4375 4203
4376 4204
4377 4205
4378 4206
4379 4207
4380 4208
4381 4209
4382 4210
4383 4211
4384 4212
4385 4213
4386 4214
4387 4215
4388 4216
4389 4217
4390 4218
4391 4219
4392 4220
4393 4221
4394 4222
4395 4223
4396 4224
4397 4225
4398 4226
4399 4227
4400 4228
4401 4229
4402 4230
4403 2623
4404 4231
4405 4232
4406 4233
4407 4234
4408 4235
4409 4236
4410 4237
4411 4238
4412 4239
4413 1840
4414 4240
4415 4241
4416 4242
4417 4243
4418 4244
4419 4245
4420 4246
4421 4247
4422 4248
4423 2412
4424 4250
4425 4251
4426 4252
4427 4253
4428 4254
4429 4255
4430 4256
4431 4257
4432 4258
4433 2412
4434 4259
4435 4260
4436 4261
4437 4262
4438 4263
4439 4264
4440 4265
4441 4266
4442 4267
4443 4268
4444 4269
4445 4270
4446 4271
4447 4272
4448 4273
4449 4274
4450 4275
4451 4276
4452 4277
4453 4278
4454 4279
4455 4280
4456 4281
4457 4282
4458 4283
4459 4284
4460 4285
4461 4286
4462 4287
4463 4288
4464 4289
4465 4290
4466 4291
4467 4292
4468 4293
4469 4294
4470 4295
4471 4296
4472 4297
4473 4298
4474 4299
4475 4300
4476 4301
4477 4302
4478 4303
4479 4304
4480 4305
4481 4306
4482 4249
4483 4307
4484 538
4485 4308
4486 4309
4487 4310
4488 4311
4489 4312
4490 4313
4491 4314
4492 4315
4493 4316
4494 4317
4495 4318
4496 4319
4497 4320
4498 4321
4499 4322
4500 4323
4501 4324
4502 4325
4503 4326
4504 4327
4505 4328
4506 4329
4507 4330
4508 4331
4509 4332
4510 4333
4511 4334
4512 4335
4513 4336
4514 4337
4515 4338
4516 4339
4517 4340
4518 4341
4519 4029
4520 4342
4521 4343
4522 4344
4523 4345
4524 4346
4525 4347
4526 4348
4527 4349
4528 4350
4529 4351
4530 4352
4531 4353
4532 4354
4533 4355
4534 4356
4535 4357
4536 4358
4537 4359
4538 4360
4539 4361
4540 4362
4541 4363
4542 4364
4543 4365
4544 4366
4545 4367
4546 4368
4547 4369
4548 4370
4549 4371
4550 4372
4551 4373
4552 4374
4553 4375
4554 4376
4555 4377
4556 4378
4557 4379
4558 4380
4559 4381
4560 4382
4561 4383
4562 4384
4563 4385
4564 4386
4565 4029
4566 4387
4567 4388
4568 4389
4569 4390
4570 4391
4571 4392
4572 4393
4573 4394
4574 4395
4575 4396
4576 4397
4577 4398
4578 4399
4579 4400
4580 4401
4581 4402
4582 4403
4583 4404
4584 4405
4585 4406
4586 4407
4587 4408
4588 4409
4589 1758
4590 4410
4591 4411
4592 4412
4593 4413
4594 4414
4595 4415
4596 4416
4597 4417
4598 4418
4599 4419
4600 4420
4601 4421
4602 4422
4603 4423
4604 4424
4605 4425
4606 4426
4607 4427
4608 4428
4609 4429
4610 4430
4611 4431
4612 4432
4613 2412
4614 4433
4615 4434
4616 4435
4617 4436
4618 4437
4619 4438
4620 4439
4621 4440
4622 4441
4623 4442
4624 4443
4625 4444
4626 4445
4627 4446
4628 4447
4629 4448
4630 4449
4631 4450
4632 4451
4633 4452
4634 4453
4635 4454
4636 4455
4637 4456
4638 4457
4639 4458
4640 4459
4641 4460
4642 4461
4643 4462
4644 4463
4645 4464
4646 4465
4647 4466
4648 4467
4649 4468
4650 4469
4651 4470
4652 4471
4653 4472
4654 4473
4655 4474
4656 4475
4657 4476
4658 4477
4659 3124
4660 4478
4661 4479
4662 4480
4663 2412
4664 4481
4665 4482
4666 4483
4667 4484
4668 4485
4669 4486
4670 4487
4671 4488
4672 4489
4673 3124
4674 4490
4675 4491
4676 4492
4677 4493
4678 4494
4679 4495
4680 4496
4681 4497
4682 4498
4683 4499
4684 4500
4685 4501
4686 4502
4687 4503
4688 4504
4689 4505
4690 4506
4691 4507
4692 4508
4693 4509
4694 4510
4695 4511
4696 4512
4697 4513
4698 4514
4699 4515
4700 4516
4701 2623
4702 4517
4703 4518
4704 4519
4705 4520
4706 4521
4707 4522
4708 4523
4709 4524
4710 4525
4711 4526
4712 4527
4713 4528
4714 4529
4715 4530
4716 4531
4717 4532
4718 4533
4719 4534
4720 4535
4721 4536
4722 4537
4723 4538
4724 4539
4725 4540
4726 4541
4727 4542
4728 4543
4729 4544
4730 4545
4731 4546
4732 4547
4733 4548
4734 4549
4735 4550
4736 4551
4737 2895
4738 4552
4739 4553
4740 4554
4741 4555
4742 4556
4743 4557
4744 4558
4745 4559
4746 4560
4747 4561
4748 4562
4749 4563
4750 4564
4751 4565
4752 4566
4753 4567
4754 4568
4755 4569
4756 4570
4757 4571
4758 4572
4759 4573
4760 4574
4761 4575
4762 4576
4763 2412
4764 4577
4765 4578
4766 4579
4767 4580
4768 4581
4769 4582
4770 4583
4771 4584
4772 4585
4773 4586
4774 4587
4775 4588
4776 4589
4777 4590
4778 4591
4779 4592
4780 4593
4781 4594
4782 4595
4783 4596
4784 4597
4785 4598
4786 4599
4787 4600
4788 4601
4789 4602
4790 4603
4791 4604
4792 4605
4793 4606
4794 4607
4795 4608
4796 4609
4797 4610
4798 4611
4799 4612
4800 4613
4801 4614
4802 4615
4803 4616
4804 4617
4805 4618
4806 4619
4807 4620
4808 4621
4809 4622
4810 4623
4811 4624
4812 4625
4813 4626
4814 4627
4815 4628
4816 4629
4817 4630
4818 4631
4819 4632
4820 4633
4821 4634
4822 4635
4823 4636
4824 4637
4825 4638
4826 4639
4827 4640
4828 4641
4829 4642
4830 4643
4831 4644
4832 4645
4833 4646
4834 4647
4835 4648
4836 4649
4837 4650
4838 4651
4839 4652
4840 4653
4841 4654
4842 4655
4843 4656
4844 4657
4845 4658
4846 4659
4847 4660
4848 4661
4849 4662
4850 4663
4851 4664
4852 4665
4853 4666
4854 4667
4855 4668
4856 4669
4857 4670
4858 538
4859 4672
4860 4673
4861 3124
4862 4674
4863 4675
4864 4676
4865 4677
4866 4678
4867 4679
4868 4680
4869 4681
4870 4682
4871 4683
4872 4684
4873 4685
4874 4686
4875 4687
4876 4688
4877 4689
4878 2623
4879 4690
4880 4691
4881 4692
4882 4693
4883 4694
4884 4695
4885 4696
4886 4697
4887 4698
4888 4699
4889 4700
4890 4701
4891 4702
4892 4703
4893 4704
4894 4705
4895 4706
4896 4707
4897 4708
4898 4709
4899 4710
4900 4711
4901 788
4902 4712
4903 4713
4904 4714
4905 4715
4906 2412
4907 4716
4908 4717
4909 4718
4910 4719
4911 4720
4912 4721
4913 4722
4914 4723
4915 4724
4916 4725
4917 4726
4918 4727
4919 4728
4920 4729
4921 4730
4922 4731
4923 4732
4924 538
4925 4733
4926 4734
4927 4735
4928 4736
4929 4737
4930 4738
4931 4739
4932 4740
4933 4741
4934 4742
4935 4743
4936 4744
4937 4745
4938 4746
4939 4747
4940 4748
4941 4749
4942 4750
4943 4751
4944 4752
4945 4753
4946 4754
4947 4755
4948 4756
4949 4757
4950 4758
4951 4759
4952 4760
4953 4761
4954 2705
4955 4762
4956 4763
4957 4764
4958 4765
4959 4766
4960 4767
4961 4768
4962 4769
4963 4770
4964 4771
4965 4772
4966 4773
4967 4774
4968 4775
4969 4776
4970 4777
4971 4778
4972 4779
4973 4780
4974 4781
4975 4782
4976 4783
4977 4784
4978 4785
4979 4786
4980 4787
4981 4788
4982 4789
4983 4790
4984 4791
4985 4792
4986 4793
4987 4794
4988 4795
4989 4796
4990 4797
4991 4798
4992 4799
4993 4800
4994 4801
4995 4802
4996 4803
4997 3124
4998 4804
4999 4805
5000 4806
5001 4807
5002 4808
5003 4809
5004 4810
5005 4029
5006 4811
5007 4812
5008 4813
5009 4814
5010 4815
5011 4816
5012 4817
5013 4818
5014 4819
5015 4820
5016 4821
5017 4822
5018 4823
5019 4824
5020 4825
5021 4826
5022 4827
5023 1815
5024 4828
5025 4829
5026 4830
5027 4831
5028 1566
5029 4832
5030 4833
5031 4834
5032 4835
5033 4836
5034 4837
5035 4838
5036 4839
5037 4840
5038 4841
5039 4842
5040 4843
5041 4844
5042 4845
5043 4846
5044 4847
5045 4848
5046 4849
5047 4850
5048 4029
5049 4851
5050 395
5051 4852
5052 4853
5053 4854
5054 4855
5055 4856
5056 4857
5057 4858
5058 4859
5059 4860
5060 4861
5061 4862
5062 4863
5063 4864
5064 4865
5065 4866
5066 4867
5067 4868
5068 4869
5069 4870
5070 4871
5071 4872
5072 4873
5073 4874
5074 4875
5075 4876
5076 4877
5077 4878
5078 4879
5079 4880
5080 4881
5081 4882
5082 4883
5083 4884
5084 4885
5085 4886
5086 4887
5087 4888
5088 4889
5089 4890
5090 4891
5091 4892
5092 4893
5093 4894
5094 4895
5095 4896
5096 4897
5097 4898
5098 4899
5099 4900
5100 4901
5101 4902
5102 4903
5103 4904
5104 4905
5105 4906
5106 4907
5107 4908
5108 4909
5109 4910
5110 4911
5111 4912
5112 4913
5113 4914
5114 4915
5115 4916
5116 4917
5117 4918
5118 4919
5119 4920
5120 4921
5121 4922
5122 4923
5123 4924
5124 4925
5125 4926
5126 4927
5127 4928
5128 4929
5129 4930
5130 4931
5131 4932
5132 4933
5133 4934
5134 4935
5135 4936
5136 4937
5137 4938
5138 4939
5139 4940
5140 4941
5141 4942
5142 4943
5143 4944
5144 4945
5145 4946
5146 4947
5147 4948
5148 4949
5149 4950
5150 4951
5151 4952
5152 4953
5153 4954
5154 4955
5155 2412
5156 4956
5157 4957
5158 4958
5159 4959
5160 4960
5161 4961
5162 4962
5163 4963
5164 4964
5165 4965
5166 4966
5167 4967
5168 4968
5169 4969
5170 4970
5171 4971
5172 4972
5173 4973
5174 4974
5175 4975
5176 4976
5177 4977
5178 4978
5179 4979
5180 2412
5181 4980
5182 4981
5183 4982
5184 4983
5185 4984
5186 4985
5187 4986
5188 4987
5189 4988
5190 4989
5191 4990
5192 4991
5193 4992
5194 3124
