0 0
1 1
2 2
3 3
4 4
5 5
6 6
7 7
8 8
9 9
10 10
11 11
12 12
13 13
14 14
15 15
16 16
17 17
18 18
19 19
20 20
21 21
22 22
23 23
24 24
25 25
26 26
27 27
28 28
29 29
30 30
31 31
32 32
33 33
34 34
35 35
36 36
37 37
38 38
39 39
40 40
41 41
42 42
43 43
44 44
45 45
46 46
47 47
48 48
49 49
50 50
51 51
52 52
53 53
54 54
55 55
56 56
57 57
58 58
59 59
60 60
61 61
62 62
63 63
64 64
65 65
66 66
67 67
68 68
69 69
70 70
71 71
72 72
73 73
74 74
75 75
76 76
77 77
78 78
79 79
80 80
81 81
82 82
83 83
84 84
85 85
86 86
87 87
88 88
89 89
90 90
91 91
92 92
93 93
94 94
95 95
96 96
97 97
98 98
99 99
100 100
101 101
102 102
103 103
104 104
105 105
106 106
107 107
108 108
109 109
110 110
111 111
112 112
113 113
114 114
115 115
116 116
117 117
118 118
119 119
120 120
121 121
122 122
123 123
124 124
125 125
126 2099
127 126
128 127
129 128
130 129
131 130
132 131
133 132
134 133
135 134
136 135
137 136
138 137
139 138
140 139
141 140
142 141
143 142
144 143
145 144
146 145
147 2261
148 146
149 147
150 148
151 149
152 150
153 151
154 152
155 153
156 154
157 155
158 156
159 157
160 158
161 159
162 160
163 161
164 162
165 163
166 164
167 165
168 166
169 167
170 168
171 169
172 170
173 171
174 172
175 2261
176 173
177 174
178 175
179 176
180 177
181 178
182 179
183 180
184 181
185 182
186 183
187 184
188 185
189 186
190 187
191 188
192 189
193 190
194 191
195 192
196 193
197 194
198 195
199 196
200 197
201 198
202 199
203 200
204 201
205 202
206 203
207 204
208 205
209 206
210 207
211 208
212 209
213 210
214 211
215 212
216 213
217 214
218 215
219 216
220 217
221 218
222 219
223 220
224 221
225 222
226 223
227 224
228 225
229 226
230 227
231 228
232 229
233 230
234 231
235 232
236 233
237 234
238 235
239 236
240 237
241 238
242 239
243 240
244 241
245 242
246 243
247 244
248 245
249 246
250 247
251 248
252 249
253 250
254 251
255 252
256 253
257 254
258 255
259 256
260 257
261 258
262 259
263 260
264 261
265 262
266 263
267 264
268 265
269 266
270 267
271 268
272 269
273 270
274 271
275 272
276 273
277 274
278 275
279 276
280 277
281 278
282 279
283 280
284 281
285 282
286 283
287 2261
288 284
289 285
290 286
291 287
292 288
293 289
294 290
295 291
296 292
297 293
298 294
299 295
300 296
301 297
302 298
303 2261
304 299
305 300
306 301
307 302
308 303
309 304
310 305
311 306
312 307
313 308
314 309
315 310
316 311
317 312
318 313
319 314
320 315
321 316
322 317
323 318
324 319
325 320
326 321
327 322
328 323
329 324
330 325
331 326
332 327
333 328
334 329
335 330
336 331
337 332
338 333
339 334
340 335
341 336
342 337
343 338
344 339
345 340
346 341
347 342
348 343
349 344
350 345
351 346
352 347
353 348
354 2260
355 349
356 350
357 351
358 352
359 353
360 354
361 355
362 356
363 357
364 358
365 359
366 360
367 361
368 362
369 363
370 364
371 365
372 366
373 2261
374 367
375 368
376 369
377 370
378 371
379 372
380 373
381 374
382 375
383 376
384 377
385 378
386 379
387 4285
388 380
389 381
390 382
391 383
392 384
393 385
394 386
395 387
396 388
397 389
398 390
399 391
400 392
401 393
402 394
403 395
404 396
405 397
406 398
407 399
408 400
409 401
410 402
411 403
412 404
413 405
414 406
415 2261
416 407
417 408
418 409
419 410
420 411
421 412
422 413
423 414
424 415
425 416
426 417
427 418
428 419
429 420
430 421
431 422
432 423
433 424
434 425
435 426
436 427
437 428
438 429
439 430
440 431
441 432
442 433
443 434
444 435
445 436
446 437
447 438
448 439
449 440
450 441
451 2261
452 442
453 443
454 444
455 445
456 446
457 447
458 448
459 449
460 450
461 451
462 452
463 453
464 454
465 455
466 456
467 2260
468 457
469 458
470 459
471 460
472 461
473 462
474 463
475 464
476 465
477 466
478 467
479 468
480 469
481 470
482 471
483 472
484 473
485 474
486 475
487 476
488 477
489 478
490 479
491 480
492 481
493 482
494 483
495 484
496 485
497 486
498 487
499 488
500 489
501 490
502 491
503 492
504 493
505 494
506 495
507 496
508 497
509 498
510 499
511 500
512 501
513 502
514 503
515 504
516 505
517 506
518 507
519 508
520 509
521 510
522 511
523 512
524 513
525 514
526 515
527 516
528 517
529 518
530 519
531 520
532 521
533 522
534 523
535 524
536 525
537 526
538 527
539 528
540 529
541 530
542 531
543 532
544 533
545 534
546 535
547 536
548 537
549 538
550 539
551 540
552 541
553 542
554 543
555 544
556 545
557 546
558 547
559 548
560 549
561 550
562 551
563 552
564 553
565 554
566 555
567 556
568 557
569 558
570 559
571 560
572 561
573 562
574 563
575 564
576 565
577 566
578 567
579 568
580 569
581 570
582 571
583 572
584 573
585 574
586 575
587 576
588 577
589 578
590 579
591 580
592 581
593 582
594 583
595 584
596 585
597 586
598 587
599 588
600 589
601 590
602 591
603 592
604 593
605 594
606 595
607 596
608 597
609 598
610 599
611 600
612 601
613 602
614 603
615 604
616 605
617 606
618 607
619 608
620 609
621 610
622 611
623 612
624 613
625 614
626 615
627 616
628 617
629 618
630 619
631 620
632 621
633 622
634 623
635 624
636 625
637 626
638 627
639 628
640 629
641 630
642 631
643 632
644 633
645 634
646 635
647 636
648 637
649 638
650 639
651 640
652 641
653 642
654 643
655 644
656 645
657 646
658 647
659 648
660 649
661 650
662 651
663 652
664 653
665 654
666 655
667 656
668 657
669 658
670 659
671 660
672 661
673 662
674 663
675 664
676 665
677 666
678 667
679 668
680 669
681 670
682 671
683 672
684 673
685 674
686 675
687 676
688 677
689 678
690 679
691 2099
692 680
693 681
694 682
695 683
696 684
697 685
698 686
699 687
700 688
701 689
702 690
703 691
704 692
705 693
706 694
707 695
708 696
709 697
710 698
711 699
712 700
713 701
714 702
715 703
716 704
717 705
718 706
719 707
720 708
721 709
722 710
723 711
724 712
725 713
726 714
727 715
728 716
729 717
730 718
731 719
732 720
733 721
734 722
735 723
736 724
737 725
738 726
739 727
740 728
741 729
742 730
743 731
744 732
745 733
746 734
747 735
748 736
749 737
750 738
751 739
752 740
753 741
754 742
755 743
756 744
757 745
758 746
759 747
760 748
761 749
762 750
763 751
764 752
765 753
766 754
767 755
768 756
769 757
770 758
771 759
772 760
773 761
774 762
775 763
776 764
777 765
778 766
779 767
780 768
781 769
782 770
783 771
784 772
785 773
786 774
787 775
788 776
789 777
790 778
791 779
792 780
793 781
794 782
795 783
796 784
797 785
798 786
799 787
800 788
801 789
802 790
803 791
804 792
805 793
806 794
807 795
808 796
809 797
810 798
811 799
812 800
813 801
814 802
815 803
816 804
817 805
818 806
819 807
820 808
821 809
822 810
823 811
824 812
825 813
826 814
827 815
828 816
829 817
830 818
831 819
832 820
833 821
834 822
835 823
836 824
837 825
838 826
839 827
840 828
841 829
842 830
843 831
844 832
845 833
846 834
847 835
848 836
849 837
850 838
851 839
852 840
853 841
854 842
855 843
856 844
857 845
858 846
859 847
860 848
861 849
862 850
863 851
864 852
865 853
866 854
867 855
868 856
869 857
870 858
871 859
872 860
873 861
874 862
875 863
876 864
877 865
878 866
879 867
880 868
881 869
882 2261
883 870
884 871
885 872
886 873
887 874
888 875
889 876
890 877
891 878
892 879
893 880
894 881
895 882
896 883
897 884
898 2261
899 885
900 886
901 887
902 888
903 889
904 890
905 891
906 892
907 893
908 894
909 895
910 896
911 897
912 898
913 899
914 2261
915 900
916 901
917 902
918 903
919 904
920 905
921 906
922 907
923 908
924 909
925 910
926 911
927 912
928 913
929 2261
930 914
931 915
932 916
933 917
934 918
935 919
936 920
937 921
938 922
939 923
940 924
941 925
942 926
943 927
944 928
945 929
946 930
947 931
948 932
949 933
950 934
951 935
952 936
953 937
954 938
955 939
956 940
957 941
958 942
959 943
960 944
961 945
962 946
963 947
964 948
965 949
966 950
967 951
968 952
969 953
970 954
971 955
972 956
973 957
974 958
975 959
976 960
977 961
978 962
979 963
980 964
981 965
982 966
983 967
984 968
985 969
986 970
987 971
988 972
989 973
990 974
991 975
992 976
993 977
994 978
995 979
996 980
997 981
998 982
999 983
1000 984
1001 985
1002 2260
1003 986
1004 987
1005 988
1006 989
1007 990
1008 991
1009 992
1010 993
1011 994
1012 995
1013 996
1014 997
1015 998
1016 999
1017 1000
1018 1001
1019 1002
1020 1003
1021 1004
1022 1005
1023 1006
1024 1007
1025 1008
1026 1009
1027 1010
1028 1011
1029 1012
1030 1013
1031 1014
1032 1015
1033 1016
1034 1017
1035 1018
1036 1019
1037 1020
1038 1021
1039 1022
1040 1023
1041 1024
1042 1025
1043 1026
1044 1027
1045 1028
1046 1029
1047 1030
1048 1031
1049 1032
1050 1033
1051 1034
1052 1035
1053 1036
1054 1037
1055 1038
1056 1039
1057 1040
1058 1041
1059 2261
1060 1042
1061 1043
1062 1044
1063 1045
1064 1046
1065 1047
1066 1048
1067 1049
1068 1050
1069 1051
1070 1052
1071 1053
1072 1054
1073 1055
1074 1056
1075 1057
1076 1058
1077 1059
1078 1060
1079 1061
1080 1062
1081 1063
1082 1064
1083 1065
1084 1066
1085 1067
1086 1068
1087 1069
1088 1070
1089 1071
1090 1072
1091 1073
1092 1074
1093 1075
1094 1076
1095 1077
1096 1078
1097 1079
1098 1080
1099 1081
1100 1082
1101 1083
1102 1084
1103 1085
1104 1086
1105 1087
1106 1088
1107 1089
1108 1090
1109 1091
1110 1092
1111 1093
1112 1094
1113 1095
1114 2261
1115 1096
1116 1097
1117 1098
1118 1099
1119 1100
1120 1101
1121 1102
1122 1103
1123 1104
1124 1105
1125 1106
1126 1107
1127 1108
1128 1109
1129 1110
1130 1111
1131 1112
1132 1113
1133 1114
1134 1115
1135 1116
1136 1117
1137 2260
1138 1118
1139 1119
1140 1120
1141 1121
1142 1122
1143 1123
1144 1124
1145 1125
1146 1126
1147 1127
1148 1128
1149 1129
1150 1130
1151 1131
1152 1132
1153 1133
1154 1134
1155 1135
1156 1136
1157 1137
1158 1138
1159 1139
1160 1140
1161 1141
1162 1142
1163 1143
1164 1144
1165 1145
1166 1146
1167 1147
1168 1148
1169 1149
1170 1150
1171 1151
1172 1152
1173 1153
1174 1154
1175 1155
1176 1156
1177 1157
1178 1158
1179 1159
1180 1160
1181 1161
1182 1162
1183 1163
1184 1164
1185 1165
1186 1166
1187 1167
1188 1168
1189 1169
1190 1170
1191 1171
1192 1172
1193 1173
1194 1174
1195 1175
1196 1176
1197 1177
1198 1178
1199 1179
1200 1180
1201 1181
1202 1182
1203 1183
1204 1184
1205 1185
1206 1186
1207 1187
1208 1188
1209 1189
1210 1190
1211 1191
1212 1192
1213 1193
1214 1194
1215 1195
1216 1196
1217 1197
1218 1198
1219 1199
1220 1200
1221 1201
1222 1202
1223 1203
1224 1204
1225 1205
1226 1206
1227 1207
1228 1208
1229 1209
1230 1210
1231 1211
1232 1212
1233 1213
1234 1214
1235 1215
1236 1216
1237 1217
1238 1218
1239 2261
1240 1219
1241 1220
1242 1221
1243 1222
1244 1223
1245 1224
1246 1225
1247 1226
1248 1227
1249 1228
1250 1229
1251 1230
1252 1231
1253 1232
1254 1233
1255 1234
1256 1235
1257 1236
1258 1237
1259 1238
1260 1239
1261 1240
1262 1241
1263 1242
1264 1243
1265 1244
1266 1245
1267 1246
1268 1247
1269 1248
1270 1249
1271 1250
1272 1251
1273 1252
1274 2099
1275 1253
1276 1254
1277 1255
1278 1256
1279 1257
1280 1258
1281 1259
1282 1260
1283 1261
1284 1262
1285 1263
1286 1264
1287 1265
1288 1266
1289 1267
1290 1268
1291 1269
1292 1270
1293 1271
1294 1272
1295 1273
1296 1274
1297 1275
1298 1276
1299 1277
1300 1278
1301 1279
1302 1280
1303 1281
1304 1282
1305 1283
1306 1284
1307 1285
1308 1286
1309 1287
1310 1288
1311 1289
1312 1290
1313 1291
1314 1292
1315 1293
1316 1294
1317 1295
1318 1296
1319 1297
1320 1298
1321 1299
1322 1300
1323 1301
1324 1302
1325 1303
1326 1304
1327 1305
1328 1306
1329 1307
1330 1308
1331 1309
1332 1310
1333 1311
1334 1312
1335 1313
1336 1314
1337 1315
1338 1316
1339 1317
1340 1318
1341 1319
1342 1320
1343 1321
1344 1322
1345 1323
1346 1324
1347 1325
1348 1326
1349 1327
1350 1328
1351 1329
1352 1330
1353 1331
1354 1332
1355 1333
1356 1334
1357 1335
1358 1336
1359 1337
1360 1338
1361 1339
1362 1340
1363 1341
1364 1342
1365 1343
1366 1344
1367 1345
1368 1346
1369 1347
1370 1348
1371 1349
1372 1350
1373 1351
1374 1352
1375 1353
1376 1354
1377 1355
1378 1356
1379 2260
1380 1357
1381 1358
1382 1359
1383 1360
1384 1361
1385 1362
1386 1363
1387 1364
1388 1365
1389 1366
1390 1367
1391 1368
1392 1369
1393 1370
1394 1371
1395 1372
1396 1373
1397 1374
1398 1375
1399 1376
1400 1377
1401 1378
1402 1379
1403 1380
1404 1381
1405 1382
1406 1383
1407 1384
1408 1385
1409 1386
1410 1387
1411 1388
1412 1389
1413 1390
1414 1391
1415 1392
1416 1393
1417 1394
1418 1395
1419 1396
1420 2260
1421 1397
1422 1398
1423 1399
1424 1400
1425 1401
1426 1402
1427 1403
1428 2261
1429 1404
1430 1405
1431 1406
1432 1407
1433 1408
1434 1409
1435 1410
1436 1411
1437 1412
1438 1413
1439 1414
1440 1415
1441 1416
1442 1417
1443 1418
1444 1419
1445 1420
1446 1421
1447 1422
1448 1423
1449 1424
1450 1425
1451 1426
1452 1427
1453 1428
1454 1429
1455 1430
1456 1431
1457 1432
1458 1433
1459 1434
1460 1435
1461 1436
1462 1437
1463 1438
1464 2261
1465 1439
1466 1440
1467 1441
1468 1442
1469 1443
1470 1444
1471 1445
1472 1446
1473 1447
1474 1448
1475 1449
1476 1450
1477 1451
1478 1452
1479 1453
1480 1454
1481 1455
1482 1456
1483 1457
1484 1458
1485 1459
1486 1460
1487 1461
1488 1462
1489 1463
1490 1464
1491 1465
1492 1466
1493 1467
1494 1468
1495 1469
1496 1470
1497 1471
1498 1472
1499 1473
1500 1474
1501 2258
1502 1475
1503 1476
1504 1477
1505 1478
1506 1479
1507 1480
1508 1481
1509 1482
1510 1483
1511 1484
1512 1485
1513 1486
1514 1487
1515 1488
1516 1489
1517 1490
1518 1491
1519 1492
1520 1493
1521 1494
1522 1495
1523 1496
1524 1497
1525 1498
1526 1499
1527 1500
1528 1501
1529 1502
1530 1503
1531 1504
1532 1505
1533 1506
1534 1507
1535 1508
1536 1509
1537 1510
1538 1511
1539 1512
1540 1513
1541 1514
1542 1515
1543 2099
1544 1516
1545 1517
1546 1518
1547 1519
1548 1520
1549 1521
1550 2261
1551 1522
1552 1523
1553 1524
1554 1525
1555 1526
1556 1527
1557 1528
1558 1529
1559 1530
1560 1531
1561 1532
1562 1533
1563 1534
1564 1535
1565 1536
1566 1537
1567 1538
1568 1539
1569 1540
1570 1541
1571 1542
1572 1543
1573 1544
1574 1545
1575 1546
1576 1547
1577 2261
1578 1548
1579 1549
1580 1550
1581 1551
1582 1552
1583 1553
1584 1554
1585 1555
1586 1556
1587 1557
1588 1558
1589 2261
1590 1559
1591 1560
1592 1561
1593 1562
1594 1563
1595 1564
1596 1565
1597 1566
1598 1567
1599 1568
1600 1569
1601 1570
1602 1571
1603 1572
1604 1573
1605 1574
1606 1575
1607 1576
1608 1577
1609 1578
1610 1579
1611 1580
1612 1581
1613 1582
1614 1583
1615 1584
1616 1585
1617 1586
1618 1587
1619 1588
1620 1589
1621 1590
1622 1591
1623 1592
1624 1593
1625 1594
1626 1595
1627 1596
1628 1597
1629 1598
1630 1599
1631 1600
1632 1601
1633 1602
1634 1603
1635 1604
1636 1605
1637 1606
1638 1607
1639 1608
1640 1609
1641 1610
1642 1611
1643 1612
1644 1613
1645 1614
1646 1615
1647 2261
1648 1616
1649 1617
1650 1618
1651 1619
1652 1620
1653 1621
1654 1622
1655 1623
1656 1624
1657 1625
1658 1626
1659 1627
1660 1628
1661 1629
1662 1630
1663 1631
1664 1632
1665 1633
1666 1634
1667 1635
1668 1636
1669 1637
1670 1638
1671 1639
1672 1640
1673 1641
1674 2099
1675 1642
1676 1643
1677 1644
1678 1645
1679 1646
1680 1647
1681 1648
1682 1649
1683 1650
1684 1651
1685 2261
1686 1652
1687 1653
1688 1654
1689 1655
1690 1656
1691 1657
1692 1658
1693 1659
1694 1660
1695 1661
1696 1662
1697 1663
1698 1664
1699 1665
1700 1666
1701 1667
1702 1668
1703 1669
1704 1670
1705 1671
1706 1672
1707 1673
1708 1674
1709 1675
1710 1676
1711 1677
1712 1678
1713 1679
1714 1680
1715 1681
1716 1682
1717 1683
1718 1684
1719 1685
1720 1686
1721 1687
1722 1688
1723 1689
1724 1690
1725 1691
1726 1692
1727 1693
1728 1694
1729 1695
1730 1696
1731 1697
1732 1698
1733 1699
1734 1700
1735 1701
1736 1702
1737 1703
1738 1704
1739 1705
1740 1706
1741 1707
1742 1708
1743 1709
1744 1710
1745 2261
1746 1711
1747 1712
1748 1713
1749 1714
1750 1715
1751 1716
1752 1717
1753 1718
1754 1719
1755 1720
1756 1721
1757 1722
1758 1723
1759 1724
1760 1725
1761 1726
1762 1727
1763 1728
1764 1729
1765 1730
1766 1731
1767 1732
1768 1733
1769 1734
1770 1735
1771 1736
1772 1737
1773 1738
1774 1739
1775 1740
1776 1741
1777 1742
1778 1743
1779 1744
1780 1745
1781 1746
1782 1747
1783 1748
1784 1749
1785 1750
1786 1751
1787 1752
1788 1753
1789 1754
1790 1755
1791 1756
1792 1757
1793 1758
1794 1759
1795 1760
1796 1761
1797 1762
1798 1763
1799 1764
1800 1765
1801 1766
1802 1767
1803 1768
1804 1769
1805 1770
1806 1771
1807 1772
1808 1773
1809 1774
1810 1775
1811 1776
1812 1777
1813 1778
1814 1779
1815 1780
1816 1781
1817 1782
1818 1783
1819 1784
1820 1785
1821 1786
1822 1787
1823 1788
1824 1789
1825 1790
1826 1791
1827 1792
1828 1793
1829 1794
1830 1795
1831 1796
1832 1797
1833 1798
1834 1799
1835 1800
1836 1801
1837 1802
1838 1803
1839 1804
1840 1805
1841 1806
1842 1807
1843 1808
1844 1809
1845 1810
1846 1811
1847 1812
1848 1813
1849 1814
1850 1815
1851 1816
1852 1817
1853 1818
1854 1819
1855 1820
1856 1821
1857 1822
1858 1823
1859 1824
1860 1825
1861 1826
1862 1827
1863 1828
1864 1829
1865 1830
1866 1831
1867 1832
1868 1833
1869 1834
1870 1835
1871 1836
1872 1837
1873 1838
1874 1839
1875 1840
1876 1841
1877 1842
1878 1843
1879 1844
1880 1845
1881 1846
1882 1847
1883 1848
1884 1849
1885 1850
1886 1851
1887 1852
1888 1853
1889 1854
1890 1855
1891 1856
1892 1857
1893 1858
1894 1859
1895 1860
1896 1861
1897 1862
1898 1863
1899 1864
1900 1865
1901 1866
1902 1867
1903 1868
1904 1869
1905 1870
1906 1871
1907 1872
1908 1873
1909 1874
1910 1875
1911 1876
1912 1877
1913 1878
1914 1879
1915 2261
1916 1880
1917 1881
1918 1882
1919 1883
1920 1884
1921 1885
1922 1886
1923 1887
1924 1888
1925 1889
1926 1890
1927 1891
1928 1892
1929 1893
1930 1894
1931 1895
1932 1896
1933 1897
1934 1898
1935 1899
1936 1900
1937 1901
1938 1902
1939 1903
1940 1904
1941 1905
1942 1906
1943 1907
1944 1908
1945 1909
1946 1910
1947 1911
1948 1912
1949 1913
1950 1914
1951 1915
1952 1916
1953 1917
1954 1918
1955 1919
1956 1920
1957 1921
1958 1922
1959 1923
1960 1924
1961 1925
1962 1926
1963 1927
1964 1928
1965 1929
1966 1930
1967 2261
1968 1931
1969 1932
1970 1933
1971 1934
1972 1935
1973 1936
1974 1937
1975 1938
1976 1939
1977 1940
1978 1941
1979 1942
1980 1943
1981 1944
1982 1945
1983 1946
1984 1947
1985 1948
1986 1949
1987 1950
1988 1951
1989 1952
1990 1953
1991 1954
1992 1955
1993 1956
1994 1957
1995 1958
1996 1959
1997 1960
1998 1961
1999 1962
2000 1963
2001 1964
2002 1965
2003 1966
2004 1967
2005 1968
2006 1969
2007 1970
2008 1971
2009 1972
2010 1973
2011 1974
2012 1975
2013 1976
2014 1977
2015 1978
2016 1979
2017 1980
2018 1981
2019 1982
2020 1983
2021 1984
2022 1985
2023 1986
2024 1987
2025 1988
2026 1989
2027 1990
2028 1991
2029 1992
2030 1993
2031 1994
2032 1995
2033 1996
2034 1997
2035 1998
2036 1999
2037 2000
2038 2001
2039 2002
2040 2003
2041 2004
2042 2005
2043 2006
2044 2007
2045 2008
2046 2009
2047 2010
2048 2011
2049 2261
2050 2012
2051 2013
2052 2014
2053 2015
2054 2016
2055 2017
2056 2018
2057 2019
2058 2020
2059 2021
2060 2022
2061 2023
2062 2258
2063 2024
2064 2025
2065 2026
2066 2027
2067 2261
2068 2028
2069 2029
2070 2030
2071 2031
2072 2032
2073 2033
2074 2034
2075 2035
2076 2036
2077 2037
2078 2038
2079 2039
2080 2040
2081 2041
2082 2042
2083 2043
2084 2044
2085 2045
2086 2046
2087 2047
2088 2048
2089 2049
2090 2050
2091 2051
2092 2052
2093 2053
2094 2054
2095 2055
2096 2056
2097 2057
2098 2058
2099 2059
2100 2060
2101 2061
2102 2062
2103 2063
2104 2064
2105 2065
2106 2066
2107 2067
2108 2068
2109 2069
2110 2070
2111 2071
2112 2072
2113 2073
2114 2074
2115 2075
2116 2076
2117 2077
2118 2078
2119 2079
2120 2080
2121 2081
2122 2082
2123 2083
2124 2084
2125 2085
2126 2086
2127 2087
2128 2088
2129 2089
2130 2090
2131 2091
2132 2092
2133 2093
2134 2094
2135 2095
2136 2096
2137 2097
2138 2098
2139 2099
2140 2100
2141 2101
2142 2102
2143 2103
2144 2104
2145 2105
2146 2106
2147 2107
2148 2108
2149 2109
2150 2110
2151 2111
2152 2112
2153 2113
2154 2114
2155 2115
2156 2261
2157 2116
2158 2117
2159 2118
2160 2119
2161 2120
2162 2121
2163 2122
2164 2123
2165 2124
2166 2125
2167 2126
2168 2127
2169 2128
2170 2129
2171 2130
2172 2131
2173 2132
2174 2133
2175 2134
2176 2135
2177 2136
2178 2137
2179 2138
2180 2139
2181 2140
2182 2141
2183 2142
2184 2143
2185 2144
2186 2145
2187 2146
2188 2147
2189 2148
2190 2149
2191 2150
2192 2151
2193 2152
2194 2153
2195 2154
2196 2155
2197 2156
2198 2157
2199 2158
2200 2159
2201 2160
2202 2161
2203 2162
2204 2163
2205 2164
2206 2165
2207 2166
2208 2167
2209 2168
2210 2169
2211 2170
2212 2171
2213 2172
2214 2173
2215 2174
2216 2175
2217 2176
2218 2177
2219 2178
2220 2179
2221 2180
2222 2181
2223 2182
2224 2183
2225 2184
2226 2185
2227 2186
2228 2187
2229 2188
2230 2189
2231 2190
2232 2191
2233 2192
2234 2193
2235 2194
2236 2195
2237 2196
2238 2197
2239 2198
2240 2199
2241 2200
2242 2201
2243 2202
2244 2203
2245 2204
2246 2205
2247 2206
2248 2207
2249 2208
2250 2209
2251 2210
2252 2211
2253 2212
2254 2213
2255 2214
2256 2215
2257 2216
2258 2217
2259 2218
2260 2219
2261 2220
2262 2221
2263 2222
2264 2223
2265 2261
2266 2224
2267 2225
2268 2226
2269 2227
2270 2228
2271 2229
2272 2230
2273 2231
2274 2232
2275 2233
2276 2234
2277 2235
2278 2236
2279 2237
2280 2238
2281 2239
2282 2240
2283 2241
2284 2242
2285 2243
2286 2244
2287 2245
2288 2246
2289 2247
2290 2248
2291 2249
2292 2250
2293 2251
2294 2252
2295 2253
2296 2254
2297 2255
2298 2256
2299 2257
2300 2258
2301 2259
2302 2260
2303 2261
2304 2262
2305 2263
2306 2264
2307 2265
2308 2266
2309 2267
2310 2268
2311 2269
2312 2270
2313 2271
2314 2272
2315 2273
2316 2274
2317 2275
2318 2276
2319 2277
2320 2278
2321 2279
2322 2280
2323 2281
2324 2282
2325 2283
2326 2284
2327 2285
2328 2286
2329 2287
2330 2288
2331 2289
2332 2290
2333 2291
2334 2292
2335 2293
2336 2294
2337 2295
2338 2296
2339 2297
2340 2298
2341 2299
2342 2300
2343 2301
2344 2302
2345 2303
2346 2304
2347 2305
2348 2306
2349 2307
2350 2308
2351 2309
2352 2310
2353 2311
2354 2312
2355 2313
2356 2314
2357 2315
2358 2316
2359 2317
2360 2318
2361 2319
2362 2320
2363 2321
2364 2322
2365 2323
2366 2324
2367 2325
2368 2326
2369 2327
2370 2328
2371 2329
2372 2330
2373 2331
2374 2332
2375 2333
2376 2334
2377 2335
2378 2336
2379 2337
2380 2338
2381 2339
2382 2340
2383 2341
2384 2342
2385 2343
2386 2344
2387 2345
2388 2346
2389 2347
2390 2348
2391 2349
2392 2350
2393 2351
2394 2352
2395 2353
2396 2354
2397 2355
2398 2356
2399 2357
2400 2358
2401 2359
2402 2360
2403 2361
2404 2362
2405 2363
2406 2364
2407 2365
2408 2366
2409 2367
2410 2368
2411 2369
2412 2370
2413 2371
2414 2372
2415 2261
2416 2373
2417 2374
2418 2375
2419 2376
2420 2377
2421 2378
2422 2379
2423 2380
2424 2381
2425 2382
2426 2383
2427 2384
2428 2385
2429 2386
2430 2387
2431 2388
2432 2389
2433 2390
2434 2391
2435 2392
2436 2393
2437 2394
2438 2395
2439 2261
2440 2396
2441 2397
2442 2398
2443 2399
2444 2400
2445 2401
2446 2402
2447 2403
2448 2404
2449 2405
2450 2406
2451 2407
2452 2408
2453 2409
2454 2410
2455 2411
2456 2412
2457 2413
2458 2414
2459 2415
2460 2416
2461 2417
2462 2418
2463 2419
2464 2420
2465 2421
2466 2422
2467 2423
2468 2424
2469 2425
2470 2426
2471 2427
2472 2428
2473 2429
2474 2430
2475 2431
2476 2432
2477 2433
2478 2434
2479 2435
2480 2436
2481 2437
2482 2438
2483 2439
2484 2440
2485 2441
2486 2442
2487 2443
2488 2444
2489 4285
2490 2445
2491 2446
2492 2447
2493 2448
2494 2449
2495 2450
2496 2451
2497 2452
2498 2453
2499 2454
2500 2455
2501 2456
2502 2457
2503 2458
2504 2459
2505 2460
2506 2461
2507 2462
2508 2463
2509 2464
2510 2465
2511 2466
2512 2467
2513 2468
2514 2469
2515 2261
2516 2470
2517 2471
2518 2472
2519 2473
2520 2474
2521 2475
2522 2476
2523 2477
2524 2478
2525 2479
2526 2480
2527 2481
2528 2482
2529 2483
2530 2484
2531 2485
2532 2486
2533 2487
2534 2488
2535 2489
2536 2490
2537 2491
2538 2492
2539 2493
2540 2494
2541 2495
2542 2496
2543 2261
2544 2497
2545 2498
2546 2499
2547 2500
2548 2501
2549 2502
2550 2503
2551 2504
2552 2505
2553 2506
2554 2507
2555 2508
2556 2509
2557 2510
2558 2511
2559 2512
2560 2513
2561 2514
2562 2515
2563 2516
2564 2517
2565 2518
2566 2519
2567 2520
2568 2521
2569 2522
2570 2523
2571 2524
2572 2261
2573 2525
2574 2526
2575 2527
2576 2528
2577 2529
2578 2530
2579 2531
2580 2532
2581 2533
2582 2534
2583 2535
2584 2536
2585 2537
2586 2538
2587 2539
2588 2540
2589 2541
2590 2261
2591 2542
2592 2543
2593 2544
2594 2545
2595 2546
2596 2547
2597 2548
2598 2549
2599 2550
2600 2551
2601 2552
2602 2553
2603 2554
2604 2555
2605 2556
2606 2557
2607 2558
2608 2559
2609 2560
2610 2561
2611 2562
2612 2563
2613 2564
2614 2565
2615 2566
2616 2567
2617 2568
2618 2569
2619 2570
2620 2571
2621 2572
2622 2573
2623 2574
2624 2575
2625 2576
2626 2577
2627 2578
2628 2579
2629 2580
2630 2581
2631 2582
2632 2583
2633 2584
2634 2585
2635 2586
2636 2587
2637 2588
2638 2589
2639 2590
2640 2591
2641 2592
2642 2593
2643 2594
2644 2595
2645 2596
2646 2597
2647 2598
2648 2599
2649 2600
2650 2601
2651 2602
2652 2603
2653 2604
2654 2605
2655 2606
2656 2607
2657 2608
2658 2609
2659 2610
2660 2611
2661 2612
2662 2613
2663 2614
2664 2615
2665 2616
2666 2617
2667 2618
2668 2619
2669 2620
2670 2621
2671 2622
2672 2623
2673 2624
2674 2625
2675 2626
2676 2627
2677 2628
2678 2629
2679 2630
2680 2631
2681 2632
2682 2633
2683 2634
2684 2635
2685 2636
2686 2637
2687 2638
2688 2639
2689 2640
2690 2641
2691 2642
2692 2643
2693 2644
2694 2645
2695 2646
2696 2647
2697 2648
2698 2649
2699 2650
2700 2651
2701 2652
2702 2653
2703 2654
2704 2655
2705 2656
2706 2657
2707 2658
2708 2659
2709 2660
2710 2661
2711 2662
2712 2663
2713 2664
2714 2665
2715 2666
2716 2667
2717 2668
2718 2669
2719 2670
2720 2671
2721 2672
2722 2673
2723 2674
2724 2675
2725 2676
2726 2677
2727 2678
2728 2679
2729 2680
2730 2681
2731 2682
2732 2683
2733 2684
2734 2685
2735 2686
2736 2687
2737 2688
2738 2689
2739 2690
2740 2691
2741 2692
2742 2693
2743 2694
2744 2695
2745 2696
2746 2697
2747 2698
2748 2699
2749 2700
2750 2701
2751 2702
2752 2703
2753 2704
2754 2705
2755 2706
2756 2261
2757 2707
2758 2708
2759 2709
2760 2710
2761 2711
2762 2712
2763 2713
2764 2714
2765 2715
2766 2716
2767 2717
2768 2718
2769 2719
2770 2720
2771 2721
2772 2722
2773 2723
2774 2724
2775 2725
2776 2726
2777 2727
2778 2728
2779 2729
2780 2730
2781 2731
2782 2732
2783 2733
2784 2734
2785 2735
2786 2736
2787 2737
2788 2738
2789 2739
2790 2740
2791 2741
2792 2742
2793 2743
2794 2744
2795 2745
2796 2099
2797 2261
2798 2746
2799 2747
2800 2748
2801 2749
2802 2750
2803 2751
2804 2752
2805 2753
2806 2754
2807 2755
2808 2756
2809 2757
2810 2758
2811 2759
2812 2760
2813 2761
2814 2762
2815 2763
2816 2764
2817 2765
2818 2766
2819 2767
2820 2768
2821 2769
2822 2770
2823 2771
2824 2772
2825 2773
2826 2774
2827 2775
2828 2776
2829 2261
2830 2777
2831 2778
2832 2779
2833 2780
2834 2781
2835 2782
2836 2783
2837 2784
2838 2785
2839 2261
2840 2786
2841 2787
2842 2099
2843 2788
2844 2789
2845 2790
2846 2791
2847 2792
2848 2793
2849 2261
2850 2794
2851 2795
2852 2796
2853 2797
2854 2798
2855 2799
2856 2261
2857 2800
2858 2801
2859 2802
2860 2803
2861 2804
2862 2805
2863 2806
2864 2807
2865 2808
2866 2809
2867 2810
2868 2811
2869 2812
2870 2813
2871 2814
2872 2815
2873 2816
2874 2817
2875 2818
2876 2819
2877 2820
2878 2821
2879 2822
2880 2823
2881 2824
2882 2825
2883 2826
2884 2827
2885 2828
2886 2829
2887 2830
2888 2831
2889 2832
2890 2833
2891 2261
2892 2834
2893 2835
2894 2836
2895 2837
2896 2838
2897 2839
2898 2840
2899 2841
2900 2842
2901 2261
2902 2843
2903 2844
2904 2845
2905 2846
2906 2261
2907 2847
2908 2261
2909 2848
2910 2849
2911 2850
2912 2851
2913 2852
2914 2853
2915 2854
2916 2855
2917 2856
2918 2857
2919 2858
2920 2859
2921 2860
2922 2861
2923 2862
2924 2863
2925 2864
2926 2865
2927 2866
2928 2867
2929 2868
2930 2869
2931 2870
2932 2871
2933 2099
2934 2872
2935 2873
2936 2874
2937 2875
2938 2876
2939 2877
2940 2878
2941 2879
2942 2880
2943 2881
2944 2882
2945 2883
2946 2884
2947 2885
2948 2886
2949 2887
2950 2888
2951 2889
2952 2890
2953 2891
2954 2892
2955 2893
2956 2894
2957 2895
2958 2896
2959 2897
2960 2898
2961 2899
2962 2900
2963 2261
2964 2901
2965 2902
2966 2903
2967 2904
2968 2905
2969 2906
2970 2907
2971 2261
2972 2908
2973 2909
2974 2910
2975 2911
2976 2912
2977 2913
2978 2914
2979 2915
2980 2916
2981 2917
2982 2918
2983 2919
2984 2920
2985 2921
2986 2922
2987 2923
2988 2924
2989 2925
2990 2926
2991 2927
2992 2928
2993 2929
2994 2930
2995 2931
2996 2932
2997 2933
2998 2934
2999 2935
3000 2936
3001 2937
3002 2938
3003 2939
3004 2940
3005 2941
3006 2942
3007 2943
3008 2944
3009 2945
3010 2946
3011 2947
3012 2948
3013 2949
3014 2950
3015 2951
3016 2952
3017 2953
3018 2954
3019 2955
3020 2956
3021 2957
3022 2958
3023 2959
3024 2960
3025 2961
3026 2962
3027 2963
3028 2964
3029 2965
3030 2966
3031 2967
3032 2968
3033 2969
3034 2970
3035 2971
3036 2972
3037 2973
3038 2974
3039 2975
3040 2976
3041 2977
3042 2978
3043 2979
3044 2980
3045 2981
3046 2982
3047 2983
3048 2984
3049 2985
3050 2986
3051 2987
3052 2988
3053 2989
3054 2990
3055 2991
3056 2992
3057 2993
3058 2994
3059 2995
3060 2996
3061 2997
3062 2998
3063 2999
3064 3000
3065 3001
3066 3002
3067 3003
3068 3004
3069 3005
3070 3006
3071 3007
3072 3008
3073 3009
3074 3010
3075 3011
3076 2261
3077 3012
3078 3013
3079 3014
3080 3015
3081 3016
3082 3017
3083 3018
3084 3019
3085 3020
3086 3021
3087 3022
3088 3023
3089 3024
3090 3025
3091 3026
3092 3027
3093 3028
3094 3029
3095 3030
3096 3031
3097 3032
3098 3033
3099 3034
3100 3035
3101 3036
3102 3037
3103 3038
3104 3039
3105 3040
3106 3041
3107 3042
3108 3043
3109 3044
3110 3045
3111 3046
3112 3047
3113 3048
3114 3049
3115 3050
3116 3051
3117 3052
3118 3053
3119 3054
3120 3055
3121 2261
3122 3056
3123 3057
3124 3058
3125 3059
3126 3060
3127 3061
3128 3062
3129 3063
3130 3064
3131 3065
3132 3066
3133 3067
3134 3068
3135 3069
3136 3070
3137 3071
3138 3072
3139 3073
3140 3074
3141 3075
3142 3076
3143 2261
3144 3077
3145 3078
3146 3079
3147 3080
3148 3081
3149 3082
3150 3083
3151 3084
3152 3085
3153 3086
3154 2261
3155 3087
3156 3088
3157 3089
3158 3090
3159 3091
3160 3092
3161 3093
3162 3094
3163 3095
3164 3096
3165 3097
3166 3098
3167 3099
3168 3100
3169 3101
3170 3102
3171 3103
3172 3104
3173 3105
3174 3106
3175 3107
3176 3108
3177 3109
3178 3110
3179 3111
3180 3112
3181 3113
3182 3114
3183 3115
3184 3116
3185 2260
3186 3117
3187 3118
3188 3119
3189 3120
3190 3121
3191 3122
3192 3123
3193 3124
3194 3125
3195 3126
3196 3127
3197 3128
3198 3129
3199 3130
3200 3131
3201 3132
3202 3133
3203 3134
3204 3135
3205 3136
3206 3137
3207 3138
3208 3139
3209 3140
3210 3141
3211 3142
3212 3143
3213 3144
3214 3145
3215 3146
3216 3147
3217 3148
3218 3149
3219 3150
3220 3151
3221 3152
3222 3153
3223 3154
3224 3155
3225 3156
3226 3157
3227 3158
3228 3159
3229 3160
3230 3161
3231 3162
3232 3163
3233 3164
3234 3165
3235 3166
3236 3167
3237 3168
3238 3169
3239 3170
3240 3171
3241 3172
3242 3173
3243 3174
3244 3175
3245 3176
3246 3177
3247 3178
3248 3179
3249 3180
3250 3181
3251 3182
3252 3183
3253 3184
3254 3185
3255 3186
3256 3187
3257 3188
3258 3189
3259 3190
3260 3191
3261 3192
3262 3193
3263 3194
3264 3195
3265 3196
3266 3197
3267 3198
3268 3199
3269 3200
3270 3201
3271 3202
3272 3203
3273 3204
3274 3205
3275 3206
3276 3207
3277 3208
3278 3209
3279 3210
3280 3211
3281 3212
3282 3213
3283 3214
3284 3215
3285 3216
3286 3217
3287 3218
3288 3219
3289 3220
3290 3221
3291 3222
3292 3223
3293 3224
3294 3225
3295 3226
3296 3227
3297 3228
3298 3229
3299 3230
3300 2099
3301 3231
3302 3232
3303 3233
3304 3234
3305 2261
3306 3235
3307 3236
3308 3237
3309 3238
3310 3239
3311 3240
3312 3241
3313 3242
3314 3243
3315 3244
3316 3245
3317 3246
3318 3247
3319 3248
3320 3249
3321 3250
3322 3251
3323 3252
3324 3253
3325 3254
3326 3255
3327 3256
3328 3257
3329 3258
3330 3259
3331 3260
3332 3261
3333 3262
3334 3263
3335 3264
3336 3265
3337 3266
3338 3267
3339 3268
3340 3269
3341 3270
3342 3271
3343 3272
3344 3273
3345 3274
3346 3275
3347 3276
3348 3277
3349 3278
3350 3279
3351 3280
3352 3281
3353 3282
3354 3283
3355 3284
3356 3285
3357 3286
3358 3287
3359 3288
3360 3289
3361 3290
3362 3291
3363 3292
3364 3293
3365 3294
3366 3295
3367 3296
3368 3297
3369 3298
3370 3299
3371 3300
3372 3301
3373 3302
3374 3303
3375 3304
3376 3305
3377 3306
3378 3307
3379 3308
3380 3309
3381 3310
3382 3311
3383 3312
3384 3313
3385 3314
3386 3315
3387 3316
3388 3317
3389 2260
3390 3318
3391 3319
3392 3320
3393 3321
3394 3322
3395 3323
3396 3324
3397 2261
3398 3325
3399 3326
3400 3327
3401 3328
3402 3329
3403 3330
3404 3331
3405 3332
3406 3333
3407 3334
3408 3335
3409 3336
3410 3337
3411 3338
3412 3339
3413 3340
3414 3341
3415 3342
3416 3343
3417 3344
3418 3345
3419 3346
3420 3347
3421 3348
3422 3349
3423 3350
3424 3351
3425 3352
3426 3353
3427 3354
3428 3355
3429 3356
3430 3357
3431 3358
3432 3359
3433 3360
3434 3361
3435 3362
3436 3363
3437 3364
3438 3365
3439 3366
3440 3367
3441 3368
3442 2261
3443 3369
3444 3370
3445 3371
3446 3372
3447 3373
3448 3374
3449 3375
3450 3376
3451 3377
3452 3378
3453 3379
3454 3380
3455 3381
3456 3382
3457 3383
3458 3384
3459 3385
3460 3386
3461 3387
3462 3388
3463 3389
3464 3390
3465 3391
3466 3392
3467 3393
3468 3394
3469 3395
3470 3396
3471 3397
3472 3398
3473 3399
3474 3400
3475 3401
3476 3402
3477 3403
3478 3404
3479 3405
3480 3406
3481 2261
3482 3407
3483 3408
3484 3409
3485 3410
3486 3411
3487 3412
3488 3413
3489 3414
3490 3415
3491 3416
3492 3417
3493 3418
3494 3419
3495 3420
3496 3421
3497 3422
3498 3423
3499 3424
3500 3425
3501 3426
3502 3427
3503 3428
3504 3429
3505 3430
3506 3431
3507 3432
3508 3433
3509 3434
3510 3435
3511 3436
3512 3437
3513 3438
3514 3439
3515 3440
3516 3441
3517 3442
3518 3443
3519 3444
3520 3445
3521 3446
3522 3447
3523 3448
3524 3449
3525 3450
3526 3451
3527 3452
3528 3453
3529 3454
3530 3455
3531 2099
3532 3456
3533 3457
3534 3458
3535 3459
3536 3460
3537 3461
3538 3462
3539 3463
3540 3464
3541 3465
3542 3466
3543 3467
3544 3468
3545 3469
3546 3470
3547 3471
3548 3472
3549 3473
3550 3474
3551 3475
3552 3476
3553 3477
3554 3478
3555 3479
3556 3480
3557 3481
3558 3482
3559 3483
3560 3484
3561 3485
3562 3486
3563 3487
3564 3488
3565 3489
3566 3490
3567 3491
3568 3492
3569 3493
3570 3494
3571 3495
3572 3496
3573 3497
3574 3498
3575 3499
3576 3500
3577 3501
3578 3502
3579 3503
3580 3504
3581 3505
3582 3506
3583 3507
3584 3508
3585 3509
3586 3510
3587 3511
3588 3512
3589 3513
3590 3514
3591 3515
3592 3516
3593 3517
3594 3518
3595 3519
3596 3520
3597 3521
3598 3522
3599 3523
3600 3524
3601 3525
3602 3526
3603 3527
3604 2261
3605 3528
3606 3529
3607 3530
3608 3531
3609 3532
3610 3533
3611 3534
3612 3535
3613 3536
3614 3537
3615 3538
3616 3539
3617 3540
3618 3541
3619 3542
3620 3543
3621 3544
3622 3545
3623 3546
3624 3547
3625 3548
3626 3549
3627 3550
3628 3551
3629 3552
3630 3553
3631 3554
3632 3555
3633 3556
3634 3557
3635 3558
3636 3559
3637 3560
3638 3561
3639 3562
3640 3563
3641 3564
3642 3565
3643 3566
3644 3567
3645 3568
3646 3569
3647 3570
3648 3571
3649 3572
3650 3573
3651 3574
3652 3575
3653 3576
3654 3577
3655 3578
3656 3579
3657 3580
3658 3581
3659 3582
3660 3583
3661 3584
3662 3585
3663 3586
3664 3587
3665 3588
3666 3589
3667 3590
3668 2261
3669 3591
3670 3592
3671 3593
3672 3594
3673 3595
3674 3596
3675 3597
3676 3598
3677 3599
3678 3600
3679 3601
3680 3602
3681 3603
3682 3604
3683 3605
3684 3606
3685 3607
3686 3608
3687 3609
3688 3610
3689 3611
3690 3612
3691 3613
3692 3614
3693 3615
3694 3616
3695 3617
3696 3618
3697 3619
3698 3620
3699 3621
3700 3622
3701 3623
3702 3624
3703 3625
3704 3626
3705 3627
3706 3628
3707 3629
3708 3630
3709 3631
3710 3632
3711 3633
3712 3634
3713 3635
3714 3636
3715 3637
3716 3638
3717 3639
3718 3640
3719 3641
3720 3642
3721 3643
3722 3644
3723 3645
3724 3646
3725 3647
3726 3648
3727 3649
3728 3650
3729 3651
3730 3652
3731 3653
3732 3654
3733 3655
3734 3656
3735 3657
3736 3658
3737 3659
3738 3660
3739 3661
3740 3662
3741 3663
3742 3664
3743 3665
3744 3666
3745 3667
3746 2261
3747 3668
3748 3669
3749 3670
3750 3671
3751 3672
3752 3673
3753 3674
3754 3675
3755 3676
3756 3677
3757 3678
3758 3679
3759 3680
3760 3681
3761 3682
3762 3683
3763 3684
3764 3685
3765 3686
3766 3687
3767 3688
3768 2261
3769 3689
3770 3690
3771 3691
3772 3692
3773 3693
3774 3694
3775 3695
3776 3696
3777 3697
3778 3698
3779 3699
3780 3700
3781 3701
3782 3702
3783 3703
3784 3704
3785 3705
3786 3706
3787 3707
3788 3708
3789 3709
3790 3710
3791 3711
3792 3712
3793 3713
3794 3714
3795 3715
3796 3716
3797 3717
3798 3718
3799 3719
3800 3720
3801 3721
3802 3722
3803 3723
3804 3724
3805 3725
3806 3726
3807 3727
3808 3728
3809 3729
3810 2260
3811 3730
3812 3731
3813 3732
3814 3733
3815 3734
3816 3735
3817 3736
3818 3737
3819 3738
3820 3739
3821 3740
3822 3741
3823 3742
3824 3743
3825 3744
3826 3745
3827 3746
3828 3747
3829 3748
3830 3749
3831 3750
3832 3751
3833 3752
3834 3753
3835 3754
3836 3755
3837 3756
3838 3757
3839 3758
3840 3759
3841 2261
3842 3760
3843 3761
3844 3762
3845 3763
3846 3764
3847 3765
3848 3766
3849 3767
3850 3768
3851 3769
3852 3770
3853 2261
3854 3771
3855 3772
3856 3773
3857 3774
3858 3775
3859 3776
3860 3777
3861 3778
3862 3779
3863 3780
3864 3781
3865 3782
3866 3783
3867 3784
3868 3785
3869 3786
3870 3787
3871 3788
3872 3789
3873 3790
3874 3791
3875 3792
3876 2258
3877 3793
3878 3794
3879 3795
3880 3796
3881 3797
3882 3798
3883 3799
3884 3800
3885 3801
3886 3802
3887 3803
3888 3804
3889 3805
3890 3806
3891 3807
3892 3808
3893 3809
3894 3810
3895 3811
3896 3812
3897 3813
3898 3814
3899 3815
3900 3816
3901 3817
3902 3818
3903 3819
3904 3820
3905 3821
3906 3822
3907 3823
3908 3824
3909 3825
3910 3826
3911 3827
3912 3828
3913 3829
3914 3830
3915 3831
3916 3832
3917 3833
3918 3834
3919 3835
3920 3836
3921 3837
3922 3838
3923 3839
3924 3840
3925 3841
3926 3842
3927 3843
3928 3844
3929 3845
3930 3846
3931 3847
3932 3848
3933 3849
3934 3850
3935 3851
3936 3852
3937 3853
3938 3854
3939 3855
3940 3856
3941 3857
3942 3858
3943 3859
3944 3860
3945 3861
3946 3862
3947 3863
3948 3864
3949 3865
3950 3866
3951 3867
3952 3868
3953 3869
3954 3870
3955 3871
3956 3872
3957 2258
3958 3873
3959 3874
3960 3875
3961 3876
3962 3877
3963 3878
3964 3879
3965 3880
3966 3881
3967 3882
3968 3883
3969 2261
3970 3884
3971 3885
3972 3886
3973 3887
3974 3888
3975 3889
3976 3890
3977 3891
3978 3892
3979 3893
3980 3894
3981 3895
3982 3896
3983 3897
3984 3898
3985 3899
3986 3900
3987 3901
3988 3902
3989 3903
3990 3904
3991 3905
3992 3906
3993 3907
3994 3908
3995 3909
3996 3910
3997 3911
3998 3912
3999 3913
4000 3914
4001 3915
4002 3916
4003 3917
4004 3918
4005 3919
4006 3920
4007 3921
4008 3922
4009 3923
4010 3924
4011 3925
4012 3926
4013 3927
4014 3928
4015 3929
4016 3930
4017 3931
4018 3932
4019 3933
4020 3934
4021 3935
4022 3936
4023 3937
4024 3938
4025 3939
4026 3940
4027 3941
4028 3942
4029 3943
4030 3944
4031 3945
4032 3946
4033 3947
4034 3948
4035 3949
4036 3950
4037 3951
4038 3952
4039 3953
4040 3954
4041 3955
4042 3956
4043 3957
4044 3958
4045 3959
4046 3960
4047 3961
4048 3962
4049 3963
4050 3964
4051 3965
4052 3966
4053 3967
4054 3968
4055 3969
4056 3970
4057 3971
4058 3972
4059 3973
4060 3974
4061 3975
4062 3976
4063 3977
4064 3978
4065 3979
4066 3980
4067 3981
4068 3982
4069 3983
4070 3984
4071 3985
4072 3986
4073 3987
4074 3988
4075 3989
4076 3990
4077 3991
4078 3992
4079 3993
4080 3994
4081 3995
4082 3996
4083 3997
4084 3998
4085 3999
4086 4000
4087 4001
4088 4002
4089 4003
4090 4004
4091 4005
4092 4006
4093 4007
4094 4008
4095 4009
4096 4010
4097 4011
4098 4012
4099 4013
4100 4014
4101 2261
4102 4015
4103 4016
4104 4017
4105 4018
4106 4019
4107 4020
4108 4021
4109 4022
4110 4023
4111 4024
4112 4025
4113 2261
4114 4026
4115 4027
4116 4028
4117 4029
4118 4030
4119 4031
4120 4032
4121 4033
4122 2260
4123 4034
4124 4035
4125 4036
4126 4037
4127 4038
4128 4039
4129 4040
4130 4041
4131 4042
4132 4043
4133 4044
4134 4045
4135 4046
4136 4047
4137 4048
4138 4049
4139 4050
4140 4051
4141 4052
4142 4053
4143 4054
4144 4055
4145 4056
4146 4057
4147 4058
4148 4059
4149 4060
4150 4061
4151 4062
4152 4063
4153 4064
4154 4065
4155 4066
4156 4067
4157 4068
4158 4069
4159 4070
4160 4071
4161 2261
4162 4072
4163 4073
4164 4074
4165 4075
4166 4076
4167 4077
4168 4078
4169 4079
4170 4080
4171 4081
4172 4082
4173 4083
4174 4084
4175 4085
4176 4086
4177 4087
4178 4088
4179 4089
4180 4090
4181 4091
4182 4092
4183 4093
4184 4094
4185 4095
4186 4096
4187 4097
4188 4098
4189 4099
4190 4100
4191 4101
4192 4102
4193 4103
4194 4104
4195 4105
4196 4106
4197 4107
4198 4108
4199 4109
4200 4110
4201 4111
4202 4112
4203 4113
4204 4114
4205 4115
4206 4116
4207 4117
4208 4118
4209 4119
4210 4120
4211 4121
4212 4122
4213 4123
4214 4124
4215 4125
4216 4126
4217 4127
4218 4128
4219 4129
4220 4130
4221 4131
4222 4132
4223 4133
4224 4134
4225 4135
4226 4136
4227 4137
4228 4138
4229 4139
4230 4140
4231 4141
4232 4142
4233 4143
4234 4144
4235 4145
4236 4146
4237 4147
4238 4148
4239 4149
4240 4150
4241 4151
4242 4152
4243 4153
4244 4154
4245 4155
4246 4156
4247 4157
4248 4158
4249 4159
4250 4160
4251 4161
4252 4162
4253 4163
4254 4164
4255 4165
4256 4166
4257 4167
4258 4168
4259 4169
4260 4170
4261 4171
4262 4172
4263 4173
4264 4174
4265 4175
4266 4176
4267 4177
4268 4178
4269 4179
4270 4180
4271 4181
4272 4182
4273 2258
4274 4183
4275 4184
4276 4185
4277 4186
4278 4187
4279 4188
4280 4189
4281 4190
4282 4191
4283 4192
4284 4193
4285 4194
4286 4195
4287 4196
4288 4197
4289 4198
4290 4199
4291 1203
4292 4200
4293 4201
4294 4202
4295 4203
4296 4204
4297 4205
4298 4206
4299 4207
4300 4208
4301 4209
4302 4210
4303 4211
4304 4212
4305 4213
4306 4214
4307 4215
4308 4216
4309 4217
4310 4218
4311 4219
4312 4220
4313 4221
4314 4222
4315 4223
4316 4224
4317 4225
4318 4226
4319 4227
4320 4228
4321 4229
4322 4230
4323 4231
4324 4232
4325 4233
4326 2261
4327 4234
4328 4235
4329 4236
4330 4237
4331 4238
4332 4239
4333 4240
4334 4241
4335 4242
4336 4243
4337 4244
4338 4245
4339 4246
4340 4247
4341 4248
4342 4249
4343 4250
4344 4251
4345 4252
4346 4253
4347 4254
4348 4255
4349 4256
4350 4257
4351 4258
4352 4259
4353 4260
4354 4261
4355 4262
4356 4263
4357 4264
4358 4265
4359 4266
4360 4267
4361 4268
4362 4269
4363 4270
4364 4271
4365 4272
4366 4273
4367 4274
4368 4275
4369 2261
4370 4276
4371 4277
4372 4278
4373 4279
4374 4280
4375 4281
4376 4282
4377 4283
4378 4284
4379 4285
4380 4286
4381 4287
4382 4288
4383 4289
4384 4290
4385 4291
4386 4292
4387 4293
4388 4294
4389 4295
4390 4296
4391 4297
4392 4298
4393 4299
4394 4300
4395 4301
4396 4302
4397 4303
4398 4304
4399 4305
4400 4306
4401 4307
4402 4308
4403 4309
4404 4310
4405 4311
4406 4312
4407 4313
4408 4314
4409 4315
4410 4316
4411 4317
4412 4318
4413 4319
4414 4320
4415 4321
4416 4322
4417 4323
4418 4324
4419 4325
4420 4326
4421 4327
4422 4328
4423 4329
4424 4330
4425 4331
4426 4332
4427 4333
4428 4334
4429 4335
4430 4336
4431 4337
4432 4338
4433 4339
4434 4340
4435 4341
4436 4342
4437 4343
4438 4344
4439 4345
4440 4346
4441 4347
4442 2261
4443 4348
4444 4349
4445 4350
4446 4351
4447 4352
4448 4353
4449 4354
4450 4355
4451 4356
4452 4357
4453 4358
4454 4359
4455 2260
4456 4360
4457 4361
4458 4362
4459 2260
4460 4363
4461 4364
4462 4365
4463 4366
4464 4367
4465 4368
4466 4369
4467 4370
4468 4371
4469 4372
4470 4373
4471 4374
4472 4375
4473 4376
4474 4377
4475 4378
4476 4379
4477 4380
4478 4381
4479 4382
4480 4383
4481 4384
4482 4385
4483 4386
4484 4387
4485 4388
4486 4389
4487 4390
4488 4391
4489 4392
4490 4393
4491 4394
4492 4395
4493 4396
4494 4397
4495 4398
4496 4399
4497 4400
4498 4401
4499 4402
4500 4403
4501 4404
4502 4405
4503 4406
4504 4407
4505 4408
4506 4409
4507 4410
4508 4411
4509 4412
4510 4413
4511 4414
4512 4415
4513 4416
4514 4417
4515 4418
4516 4419
4517 4420
4518 4421
4519 4422
4520 4423
4521 4424
4522 4425
4523 4426
4524 4427
4525 4428
4526 4429
4527 4430
4528 4431
4529 4432
4530 4433
4531 4434
4532 4435
4533 4436
4534 4437
4535 4438
4536 4439
4537 4440
4538 4441
4539 4442
4540 4443
4541 4444
4542 4445
4543 4446
4544 4447
4545 4448
4546 4449
4547 4450
4548 4451
4549 4452
4550 4453
4551 4454
4552 4455
4553 4456
4554 4457
4555 2261
4556 2258
4557 4458
4558 4459
4559 4460
4560 4461
4561 4462
4562 4463
4563 4464
4564 4465
4565 4466
4566 4467
4567 4468
4568 4469
4569 4470
4570 4471
4571 4472
4572 4473
4573 4474
4574 4475
4575 4476
4576 4477
4577 4478
4578 4479
4579 4480
4580 4481
4581 4482
4582 4483
4583 4484
4584 4485
4585 2261
4586 4486
4587 4487
4588 4488
4589 4489
4590 4490
4591 4491
4592 2261
4593 4492
4594 4493
4595 4494
4596 4495
4597 4496
4598 4497
4599 4498
4600 4499
4601 4500
4602 4501
4603 4502
4604 4503
4605 4504
4606 4505
4607 4506
4608 4507
4609 4508
4610 4509
4611 4510
4612 4511
4613 4512
4614 4513
4615 4514
4616 4515
4617 4516
4618 4517
4619 4518
4620 4519
4621 4520
4622 4521
4623 4522
4624 4523
4625 4524
4626 4525
4627 4526
4628 4527
4629 4528
4630 4529
4631 4530
4632 4531
4633 4532
4634 4533
4635 2099
4636 4534
4637 4535
4638 4536
4639 4537
4640 4538
4641 4539
4642 4540
4643 4541
4644 4542
4645 4543
4646 4544
4647 4545
4648 4546
4649 4547
4650 4548
4651 4549
4652 4550
4653 4551
4654 4552
4655 4553
4656 4554
4657 4555
4658 4556
4659 4557
4660 4558
4661 4559
4662 4560
4663 4561
4664 4562
4665 4563
4666 4564
4667 4565
4668 4566
4669 4567
4670 4568
4671 4569
4672 4570
4673 4571
4674 4572
4675 2261
4676 4573
4677 4574
4678 4575
4679 4576
4680 4577
4681 4578
4682 4579
4683 4580
4684 4581
4685 4582
4686 4583
4687 4584
4688 4585
4689 4586
4690 2260
4691 4587
4692 4588
4693 4589
4694 4590
4695 4591
4696 4592
4697 4593
4698 4594
4699 4595
4700 4596
4701 4597
4702 4598
4703 4599
4704 4600
4705 4601
4706 4602
4707 2261
4708 4603
4709 4604
4710 4605
4711 2261
4712 4606
4713 4607
4714 4608
4715 4609
4716 4610
4717 4611
4718 4612
4719 4613
4720 4614
4721 4615
4722 2099
4723 4616
4724 4617
4725 4618
4726 4619
4727 4620
4728 4621
4729 4622
4730 4623
4731 4624
4732 4625
4733 4626
4734 4627
4735 4628
4736 4629
4737 4630
4738 4631
4739 4632
4740 4633
4741 4634
4742 4635
4743 4636
4744 4637
4745 4638
4746 4639
4747 4640
4748 4641
4749 4642
4750 4643
4751 4644
4752 4645
4753 4646
4754 4647
4755 4648
4756 4649
4757 4650
4758 4651
4759 4652
4760 4653
4761 4654
4762 4655
4763 4656
4764 4657
4765 4658
4766 4659
4767 4660
4768 4661
4769 4662
4770 4663
4771 4664
4772 4665
4773 4666
4774 4667
4775 4668
4776 4669
4777 4670
4778 4671
4779 4672
4780 4673
4781 4674
4782 4675
4783 4676
4784 4677
4785 4678
4786 4679
4787 4680
4788 4681
4789 4682
4790 4683
4791 4684
4792 4685
4793 4686
4794 4687
4795 4688
4796 4689
4797 4690
4798 4691
4799 4692
4800 4693
4801 4694
4802 4695
4803 4696
4804 4697
4805 4698
4806 4699
4807 4700
4808 4701
4809 4702
4810 4703
4811 4704
4812 4705
4813 4706
4814 4707
4815 4708
4816 4709
4817 4710
4818 4711
4819 4712
4820 4713
4821 4714
4822 4715
4823 4716
4824 4717
4825 4718
4826 4719
4827 4720
4828 4721
4829 4722
4830 4723
4831 4724
4832 4725
4833 4726
4834 4727
4835 4728
4836 4729
4837 4730
4838 4731
4839 4732
4840 2261
4841 4733
4842 4734
4843 4735
4844 4736
4845 4737
4846 4738
4847 4739
4848 4740
4849 4741
4850 4742
4851 4743
4852 4744
4853 4745
4854 4746
4855 4747
4856 4748
4857 4749
4858 4750
4859 4751
4860 4752
4861 4753
4862 4754
4863 4755
4864 4756
4865 4757
4866 4758
4867 4759
4868 4760
4869 4761
4870 4762
4871 4763
4872 4764
4873 4765
4874 4766
4875 4767
4876 4768
4877 4769
4878 4770
4879 4771
4880 4772
4881 4773
4882 4774
4883 4775
4884 4776
4885 4777
4886 4778
4887 4779
4888 4780
4889 4781
4890 4782
4891 4783
4892 4784
4893 4785
4894 4786
4895 4787
4896 4788
4897 4789
4898 4790
4899 4791
4900 4792
4901 4793
4902 4794
4903 4795
4904 4796
4905 4797
4906 4798
4907 4799
4908 4800
4909 4801
4910 4802
4911 4803
4912 4804
4913 4805
4914 4806
4915 4807
4916 4808
4917 4809
4918 4810
4919 4811
4920 4812
4921 4813
4922 4814
4923 4815
4924 4816
4925 4817
4926 4818
4927 4819
4928 4820
4929 4821
4930 4822
4931 4823
4932 4824
4933 4825
4934 4826
4935 4827
4936 4828
4937 4829
4938 4830
4939 4831
4940 4832
4941 4833
4942 4834
4943 4835
4944 4836
4945 4837
4946 4838
4947 4839
4948 4840
4949 4841
4950 4842
4951 4843
4952 4844
4953 4845
4954 4846
4955 4847
4956 4848
4957 4849
4958 4850
4959 4851
4960 4852
4961 4853
4962 4854
4963 4855
4964 4856
4965 4857
4966 4858
4967 4859
4968 4860
4969 4861
4970 4862
4971 4863
4972 4864
4973 4865
4974 4866
4975 4867
4976 4868
4977 4869
4978 4870
4979 4871
4980 4872
4981 4873
4982 4874
4983 4875
4984 4876
4985 4877
4986 4878
4987 4879
4988 4880
4989 4881
4990 4882
4991 4883
4992 4884
4993 4885
4994 4886
4995 4887
4996 4888
4997 4889
4998 4890
4999 4891
5000 4892
5001 4893
5002 4894
5003 4895
5004 4896
5005 4897
5006 4898
5007 4899
5008 4900
5009 4901
5010 4902
5011 4903
5012 4904
5013 4905
5014 4906
5015 4907
5016 4908
5017 4909
5018 4910
5019 4911
5020 4912
5021 4913
5022 4914
5023 4915
5024 4916
5025 4917
5026 4918
5027 4919
5028 4920
5029 4921
5030 4922
5031 4923
5032 2260
5033 4924
5034 4925
5035 4926
5036 4927
5037 4928
5038 4929
5039 4930
5040 4931
5041 4932
5042 4933
5043 4934
5044 4935
5045 4936
5046 4937
5047 4938
5048 4939
5049 4940
5050 4941
5051 4942
5052 4943
5053 4944
5054 4945
5055 4946
5056 4947
5057 4948
5058 4949
5059 4950
5060 4951
5061 4952
5062 4953
5063 4954
5064 4955
5065 4956
5066 4957
5067 4958
5068 4959
5069 4960
5070 4961
5071 4962
5072 4963
5073 4964
5074 4965
5075 4966
5076 4967
5077 4968
5078 4969
5079 4970
5080 4971
5081 4972
5082 4973
5083 4974
5084 4975
5085 4976
5086 4977
5087 4978
5088 4979
5089 4980
5090 4981
5091 4982
5092 4983
5093 2260
5094 4984
5095 4985
5096 4986
5097 4987
5098 4988
5099 4989
5100 4990
5101 4991
5102 4992
5103 4993
5104 2260
5105 4994
5106 4995
5107 4996
5108 4997
5109 4998
5110 4999
5111 5000
5112 5001
5113 5002
5114 5003
5115 5004
5116 5005
5117 5006
5118 5007
5119 5008
5120 5009
5121 5010
5122 5011
5123 2261
5124 5012
5125 5013
5126 5014
5127 5015
5128 2261
5129 5016
5130 5017
5131 5018
5132 5019
5133 5020
5134 5021
5135 5022
5136 5023
5137 5024
5138 5025
5139 5026
5140 5027
5141 5028
5142 5029
5143 5030
5144 5031
5145 5032
5146 5033
5147 5034
5148 5035
5149 5036
5150 5037
5151 5038
5152 5039
5153 5040
5154 5041
5155 5042
5156 5043
5157 5044
5158 5045
5159 5046
5160 5047
5161 5048
5162 5049
5163 5050
5164 5051
5165 5052
5166 5053
5167 5054
5168 5055
5169 2261
5170 5056
5171 5057
5172 5058
5173 5059
5174 5060
5175 5061
5176 5062
5177 5063
5178 5064
5179 5065
5180 5066
5181 5067
5182 5068
5183 5069
5184 5070
5185 5071
5186 5072
5187 5073
5188 2261
5189 5074
5190 5075
5191 5076
5192 5077
5193 5078
5194 5079
5195 5080
5196 5081
5197 5082
5198 5083
5199 5084
5200 5085
5201 5086
5202 5087
5203 5088
5204 5089
5205 5090
5206 5091
5207 5092
5208 5093
5209 5094
5210 5095
5211 5096
5212 5097
5213 5098
5214 5099
5215 5100
5216 5101
5217 5102
5218 5103
5219 5104
5220 5105
5221 5106
5222 5107
5223 5108
5224 5109
5225 5110
5226 5111
5227 5112
5228 5113
5229 5114
5230 5115
5231 5116
5232 5117
5233 5118
5234 5119
5235 5120
5236 5121
5237 5122
5238 5123
5239 5124
5240 5125
5241 5126
5242 5127
5243 5128
5244 5129
5245 5130
5246 5131
5247 5132
5248 5133
5249 5134
5250 2099
