s5	0.001079802550390785	4	22	39	173	284	409	753	789	834	956	1401	1633	1770	1806	1860	1871	2309	2374	2737	2811	2911	3152	3471	3527	3859	3961	4072	4094	4278	4590	4770	4964	5131	5171
s5	0.004807692307692308	61	1271	2698	3039
s5	0.0009615384615384608	68	186	214	779	887	1075	1279	1325	1478	1649	1755	1852	1876	1930	1964	2036	2352	2535	3044	3103	3578	4037	4405	4481	4606	4617	4830	4892	4963	5012
s5	0.001199338296112489	88	156	169	250	738	1143	1229	1422	1437	1557	1622	1813	1987	2433	2510	3094	3332	3356	3427	3447	3451	3592	3776	3868	3975	4014	4441	4450	4549	4633	5134
s5	0.008814102564102566	103	1509	3703	4191
s5	0.002270299145299145	130	353	442	2854	2948	3394	3922	4182	4731
s5	0.0016025641025641025	166	663	902	2124	3452	3652	3735	4501	4940
s5	0.002403846153846154	480	611	2387	5052
s5	0.0019680611785874934	574	823	1082	1382	1465	1498	1784	1790	2086	2284	2687	2918	3068	3126	3270	3277	3806	3888	4114
s5	0.005494505494505495	658	1184	1747	3530	3705	4144	4641	5213
s5	0.0009255450431921013	688	700	722	829	894	1203	1257	1889	1951	2026	2068	2110	2471	2782	2784	3190	3261	3513	3688	3702	3778	3790	4210	4215	4227	4265	4293	4358	4468	4479	4546	4561	4605	4683
s5	0.016025641025641028	708	1119	3425
s5	0.0032051282051282055	900	1640	3275
s5	0.003205128205128206	1819	3014	3340	3501	4627	4780
s5	0.0032051282051282055	2479	2519	2674	4235
