s3	0.0023813036920453793	2	36	247	281	312	320	469	634	748	786	899	910	1000	1016	1025	1104	1107	1110	1327	1613	1699	1704	1848	1988	2088	2109	2169	2244	2304	2443	2538	2552	2658	2853	2873	2943	3046	3198	3249	3253	3333	3382	3405	3443	3497	3512	3607	3711	3739	3844	3883	4013	4253	4367	4604	4610	4632	4666	4710	4776	4778	4903	4919	4946	4956	4992	4996	5029	5122
s3	0.020833333333333332	27	189	5253
s3	0.0023422090729783036	33	83	478	509	780	1147	1230	2005	2321	2914	3488	3594	3854
s3	0.001688936063936068	78	101	230	311	370	385	452	653	666	1085	1138	1166	1209	1227	1354	1517	1662	1707	1838	2019	2289	2428	2447	2620	2738	2871	2878	2920	2984	3040	3052	3177	3220	3317	3373	3609	3783	3901	4052	4127	4243	4250	4325	4457	4496	4541	4542	4593	4596	4745	4774	4790	4826	4833	4877	5027
s3	0.0006113067292644763	92	150	285	568	676	701	751	761	928	1125	1127	1148	1150	1193	1213	1315	1519	1562	1574	1591	1652	1720	1787	2143	2150	2259	2297	2376	2378	2411	2413	2602	2759	2764	2822	2837	2892	3007	3171	3199	3244	3260	3316	3324	3325	3369	3381	3483	3496	3529	3552	3595	3784	3832	3860	3935	3980	4040	4049	4125	4147	4168	4234	4246	4392	4784	4837	4928	5061	5074	5097	5140
s3	0.0035441321499013836	184	227	377	378	477	880	891	957	1033	1168	2119	2276	2345	2364	2402	2442	2727	2766	2819	2838	2959	3116	3124	3184	3723	3770	3847	3972	4102	4117	4511	4628	4637	4750	4775	4805	4911	5046	5161	5247
s3	0.0032051282051282055	206	2186	4854
s3	0.006118881118881117	239	1153	1216	1243	1518	1827	2249	2316	3834	4497	4567	4665
s3	0.004807692307692308	533	1348	2540	4462
s3	0.006410256410256411	603	1993	4507
s3	0.004326923076923077	911	1112	1247	2235	3971
s3	0.014903846153846156	1751	1826	2627	3958	4885
