s2	0.0036324786324786326	1	705	1078	1322	1657	2343	2384	3026	3401	4737
s2	0.0011141636141636135	9	138	213	290	339	423	623	649	817	857	1116	1118	1394	1508	1735	1797	2066	2341	2400	2583	2651	2758	2776	3093	3219	3336	3682	3797	3805	3998	4194	4211	4519	4565	5005	5048
s2	0.002419557566616389	57	139	836	861	1066	1189	1326	1461	1493	1494	1636	1862	2002	2365	2862	2882	3272	5028
s2	0.0012174977928402632	113	116	215	237	269	428	498	508	519	579	581	615	630	638	768	809	853	953	1095	1183	1285	1301	1303	1309	1555	1705	1730	1834	1850	1908	1931	1934	1939	2038	2041	2188	2231	2323	2354	2393	2457	2518	2575	2719	2723	2734	2739	2859	2860	2865	2923	2982	2999	3225	3385	3440	3556	3620	3905	3917	4056	4105	4136	4170	4203	4245	4423	4433	4613	4663	4763	4906	5155	5180
s2	0.004807692307692307	178	411	919	1497	3648	4311	5050
s2	0.002884615384615384	316	652	893	1999	2800	3612
s2	0.007692307692307693	326	552	667	819	2826	4954
s2	0.0017258382642998031	358	543	659	2028	2267	2526	2907	3259	4659	4673	4861	4997	5194
s2	0.030448717948717948	422	828	4901
s2	0.004807692307692308	513	1459	2553	3459	3616	3661
s2	0.0019230769230769236	563	2785	3003	3632	3799	4068	4280	4366	4484	4858	4924
s2	0.004807692307692308	1121	2101	3301
s2	0.0019230769230769232	1536	1785	2730	2848	3245
s2	0.004807692307692307	1859	1865	2456	3321	4091	4403	4701	4878
s2	0.01121794871794872	1895	2720	4589
s2	0.008012820512820512	1921	4163	4413
