0 0
1 1
2 2
3 3
4 4
5 5
6 6
7 7
8 8
9 9
10 10
11 11
12 12
13 3712
14 13
15 14
16 15
17 16
18 17
19 18
20 19
21 20
22 21
23 22
24 23
25 24
26 25
27 26
28 27
29 28
30 29
31 30
32 31
33 32
34 33
35 34
36 35
37 36
38 37
39 38
40 39
41 40
42 41
43 42
44 43
45 44
46 45
47 46
48 47
49 48
50 49
51 50
52 51
53 52
54 53
55 54
56 55
57 56
58 57
59 58
60 59
61 60
62 61
63 62
64 63
65 64
66 65
67 66
68 67
69 68
70 3712
71 69
72 70
73 71
74 72
75 73
76 74
77 75
78 76
79 77
80 78
81 79
82 80
83 81
84 82
85 83
86 84
87 85
88 86
89 87
90 88
91 89
92 90
93 91
94 92
95 93
96 94
97 95
98 96
99 97
100 98
101 99
102 100
103 101
104 102
105 103
106 3712
107 104
108 105
109 106
110 107
111 108
112 109
113 110
114 111
115 112
116 113
117 114
118 115
119 116
120 117
121 118
122 119
123 120
124 121
125 122
126 123
127 124
128 125
129 126
130 127
131 128
132 129
133 130
134 131
135 132
136 133
137 134
138 135
139 136
140 137
141 138
142 139
143 140
144 141
145 142
146 143
147 144
148 145
149 146
150 147
151 148
152 149
153 150
154 151
155 152
156 153
157 154
158 155
159 156
160 157
161 158
162 159
163 160
164 161
165 162
166 163
167 164
168 165
169 166
170 167
171 168
172 169
173 170
174 171
175 172
176 173
177 174
178 175
179 176
180 3712
181 177
182 178
183 179
184 180
185 181
186 182
187 183
188 184
189 185
190 186
191 187
192 188
193 189
194 190
195 191
196 192
197 193
198 194
199 195
200 196
201 197
202 198
203 199
204 200
205 201
206 202
207 203
208 204
209 205
210 206
211 207
212 208
213 209
214 210
215 211
216 212
217 3712
218 213
219 214
220 215
221 216
222 217
223 218
224 219
225 220
226 221
227 222
228 223
229 224
230 225
231 226
232 227
233 228
234 229
235 230
236 231
237 232
238 233
239 234
240 235
241 236
242 237
243 238
244 239
245 240
246 241
247 242
248 243
249 244
250 245
251 246
252 247
253 248
254 249
255 250
256 251
257 252
258 253
259 254
260 255
261 256
262 257
263 258
264 259
265 260
266 261
267 262
268 263
269 264
270 265
271 266
272 267
273 268
274 269
275 270
276 271
277 272
278 273
279 274
280 275
281 276
282 277
283 278
284 279
285 280
286 281
287 282
288 283
289 284
290 285
291 286
292 287
293 288
294 289
295 290
296 291
297 292
298 293
299 294
300 295
301 296
302 297
303 298
304 299
305 300
306 301
307 302
308 303
309 304
310 305
311 306
312 307
313 308
314 309
315 310
316 311
317 312
318 313
319 314
320 315
321 316
322 317
323 318
324 319
325 320
326 321
327 322
328 323
329 324
330 325
331 326
332 327
333 328
334 329
335 330
336 331
337 332
338 333
339 334
340 335
341 336
342 337
343 338
344 339
345 340
346 341
347 342
348 343
349 344
350 345
351 346
352 347
353 348
354 349
355 350
356 351
357 3712
358 352
359 4840
360 353
361 354
362 355
363 356
364 357
365 4840
366 358
367 359
368 360
369 361
370 362
371 363
372 364
373 365
374 366
375 367
376 368
377 369
378 370
379 371
380 372
381 373
382 374
383 375
384 376
385 377
386 378
387 379
388 380
389 381
390 382
391 383
392 384
393 385
394 386
395 387
396 388
397 389
398 390
399 391
400 392
401 393
402 394
403 395
404 396
405 397
406 398
407 399
408 400
409 401
410 402
411 403
412 404
413 405
414 406
415 407
416 408
417 409
418 410
419 411
420 412
421 413
422 414
423 415
424 416
425 417
426 418
427 419
428 420
429 421
430 422
431 423
432 424
433 425
434 426
435 427
436 428
437 429
438 430
439 431
440 432
441 433
442 434
443 435
444 436
445 437
446 438
447 439
448 440
449 441
450 442
451 443
452 444
453 445
454 446
455 447
456 448
457 449
458 450
459 451
460 452
461 453
462 454
463 455
464 456
465 457
466 458
467 459
468 460
469 461
470 462
471 463
472 464
473 465
474 466
475 467
476 468
477 469
478 470
479 471
480 472
481 473
482 474
483 475
484 476
485 477
486 478
487 479
488 480
489 481
490 482
491 483
492 484
493 485
494 486
495 487
496 488
497 489
498 490
499 491
500 492
501 493
502 494
503 495
504 496
505 497
506 498
507 499
508 500
509 501
510 502
511 503
512 504
513 505
514 506
515 507
516 508
517 509
518 510
519 511
520 512
521 513
522 514
523 515
524 516
525 517
526 518
527 519
528 520
529 521
530 522
531 523
532 524
533 525
534 526
535 527
536 528
537 529
538 530
539 531
540 532
541 4840
542 533
543 534
544 535
545 536
546 537
547 538
548 539
549 540
550 541
551 542
552 543
553 544
554 545
555 546
556 547
557 548
558 549
559 550
560 551
561 552
562 553
563 554
564 555
565 556
566 557
567 558
568 559
569 560
570 561
571 562
572 563
573 564
574 565
575 566
576 567
577 568
578 569
579 570
580 571
581 572
582 573
583 574
584 575
585 576
586 577
587 578
588 579
589 580
590 581
591 582
592 583
593 584
594 585
595 586
596 587
597 588
598 589
599 590
600 591
601 592
602 593
603 594
604 595
605 596
606 597
607 598
608 599
609 600
610 601
611 602
612 603
613 604
614 605
615 606
616 607
617 608
618 609
619 610
620 611
621 612
622 613
623 614
624 615
625 616
626 617
627 618
628 619
629 620
630 621
631 622
632 623
633 624
634 625
635 626
636 627
637 628
638 629
639 630
640 631
641 632
642 633
643 634
644 635
645 636
646 637
647 638
648 639
649 640
650 641
651 642
652 643
653 644
654 3712
655 645
656 646
657 647
658 648
659 649
660 650
661 651
662 652
663 653
664 654
665 655
666 656
667 657
668 658
669 659
670 660
671 661
672 662
673 663
674 664
675 665
676 666
677 667
678 668
679 669
680 670
681 671
682 3712
683 672
684 673
685 674
686 675
687 676
688 677
689 678
690 679
691 680
692 681
693 682
694 683
695 684
696 685
697 686
698 687
699 688
700 689
701 690
702 691
703 692
704 693
705 694
706 695
707 696
708 697
709 698
710 699
711 700
712 701
713 702
714 703
715 704
716 705
717 706
718 707
719 708
720 3712
721 709
722 710
723 711
724 712
725 713
726 714
727 715
728 716
729 717
730 718
731 719
732 720
733 721
734 722
735 723
736 724
737 725
738 726
739 727
740 728
741 729
742 730
743 731
744 732
745 733
746 734
747 735
748 736
749 737
750 738
751 739
752 740
753 741
754 742
755 743
756 744
757 745
758 746
759 747
760 748
761 749
762 750
763 751
764 752
765 753
766 754
767 755
768 756
769 757
770 758
771 759
772 760
773 761
774 762
775 763
776 764
777 765
778 766
779 767
780 768
781 4840
782 769
783 770
784 771
785 772
786 773
787 774
788 775
789 776
790 777
791 778
792 779
793 780
794 781
795 782
796 783
797 784
798 785
799 786
800 787
801 788
802 789
803 790
804 791
805 792
806 793
807 794
808 795
809 796
810 797
811 798
812 799
813 800
814 801
815 802
816 803
817 804
818 805
819 806
820 807
821 808
822 809
823 810
824 811
825 812
826 813
827 814
828 815
829 816
830 817
831 818
832 819
833 820
834 821
835 822
836 823
837 824
838 825
839 3712
840 826
841 827
842 828
843 829
844 830
845 831
846 832
847 833
848 834
849 835
850 836
851 837
852 838
853 839
854 840
855 841
856 842
857 843
858 844
859 845
860 846
861 847
862 848
863 849
864 850
865 851
866 852
867 3712
868 853
869 854
870 855
871 856
872 857
873 858
874 859
875 860
876 861
877 862
878 863
879 864
880 865
881 866
882 867
883 868
884 869
885 870
886 871
887 872
888 873
889 874
890 875
891 876
892 877
893 878
894 879
895 880
896 881
897 882
898 883
899 884
900 885
901 886
902 887
903 888
904 889
905 890
906 891
907 892
908 893
909 894
910 895
911 896
912 897
913 898
914 899
915 900
916 901
917 902
918 903
919 904
920 905
921 906
922 907
923 908
924 909
925 910
926 911
927 912
928 913
929 914
930 915
931 916
932 917
933 918
934 919
935 3712
936 920
937 921
938 922
939 923
940 924
941 925
942 926
943 927
944 928
945 929
946 930
947 931
948 932
949 933
950 934
951 935
952 936
953 937
954 938
955 939
956 940
957 941
958 942
959 943
960 944
961 945
962 946
963 947
964 948
965 949
966 950
967 951
968 952
969 953
970 954
971 955
972 956
973 957
974 958
975 959
976 960
977 961
978 962
979 963
980 964
981 965
982 966
983 967
984 968
985 969
986 970
987 971
988 972
989 973
990 974
991 975
992 976
993 977
994 978
995 979
996 980
997 981
998 982
999 983
1000 984
1001 985
1002 986
1003 987
1004 988
1005 989
1006 990
1007 991
1008 992
1009 993
1010 994
1011 995
1012 996
1013 997
1014 998
1015 999
1016 1000
1017 1001
1018 1002
1019 1003
1020 3712
1021 1004
1022 1005
1023 1006
1024 1007
1025 1008
1026 1009
1027 1010
1028 1011
1029 1012
1030 1013
1031 1014
1032 1015
1033 1016
1034 1017
1035 1018
1036 1019
1037 1020
1038 1021
1039 1022
1040 1023
1041 1024
1042 1025
1043 1026
1044 1027
1045 1028
1046 1029
1047 1030
1048 1031
1049 1032
1050 3712
1051 1033
1052 1034
1053 3712
1054 1035
1055 1036
1056 1037
1057 3712
1058 1038
1059 1039
1060 1040
1061 1041
1062 1042
1063 1043
1064 1044
1065 1045
1066 1046
1067 1047
1068 1048
1069 1049
1070 1050
1071 1051
1072 1052
1073 1053
1074 1054
1075 1055
1076 1056
1077 1057
1078 1058
1079 1059
1080 1060
1081 1061
1082 1062
1083 1063
1084 1064
1085 1065
1086 1066
1087 1067
1088 1068
1089 1069
1090 1070
1091 1071
1092 1072
1093 1073
1094 1074
1095 1075
1096 1076
1097 1077
1098 1078
1099 1079
1100 1080
1101 1081
1102 1082
1103 1083
1104 1084
1105 1085
1106 1086
1107 1087
1108 1088
1109 1089
1110 1090
1111 1091
1112 1092
1113 1093
1114 1094
1115 1095
1116 1096
1117 1097
1118 1098
1119 1099
1120 1100
1121 1101
1122 1102
1123 1103
1124 1104
1125 1105
1126 1106
1127 1107
1128 1108
1129 1109
1130 1110
1131 1111
1132 1112
1133 1113
1134 1114
1135 1115
1136 1116
1137 1117
1138 1118
1139 1119
1140 1120
1141 1121
1142 1122
1143 1123
1144 1124
1145 1125
1146 1126
1147 1127
1148 1128
1149 1129
1150 1130
1151 1131
1152 1132
1153 1133
1154 1134
1155 1135
1156 1136
1157 1137
1158 1138
1159 1139
1160 1140
1161 1141
1162 1142
1163 1143
1164 1144
1165 1145
1166 1146
1167 1147
1168 1148
1169 1149
1170 1150
1171 1151
1172 1152
1173 1153
1174 1154
1175 1155
1176 1156
1177 1157
1178 1158
1179 1159
1180 1160
1181 1161
1182 1162
1183 1163
1184 1164
1185 1165
1186 1166
1187 1167
1188 1168
1189 1169
1190 1170
1191 1171
1192 1172
1193 1173
1194 1174
1195 1175
1196 1176
1197 1177
1198 1178
1199 1179
1200 1180
1201 1181
1202 1182
1203 1183
1204 1184
1205 1185
1206 1186
1207 1187
1208 1188
1209 1189
1210 1190
1211 1191
1212 1192
1213 1193
1214 1194
1215 1195
1216 1196
1217 1197
1218 1198
1219 1199
1220 1200
1221 1201
1222 1202
1223 1203
1224 1204
1225 1205
1226 1206
1227 1207
1228 3712
1229 1208
1230 1209
1231 1210
1232 1211
1233 1212
1234 1213
1235 1214
1236 1215
1237 1216
1238 1217
1239 1218
1240 1219
1241 1220
1242 1221
1243 1222
1244 1223
1245 1224
1246 1225
1247 1226
1248 1227
1249 1228
1250 1229
1251 1230
1252 1231
1253 1232
1254 1233
1255 1234
1256 1235
1257 1236
1258 1237
1259 1238
1260 1239
1261 1240
1262 1241
1263 1242
1264 1243
1265 1244
1266 1245
1267 1246
1268 1247
1269 3712
1270 1248
1271 1249
1272 1250
1273 1251
1274 1252
1275 1253
1276 1254
1277 1255
1278 1256
1279 1257
1280 1258
1281 1259
1282 1260
1283 1261
1284 1262
1285 1263
1286 1264
1287 1265
1288 1266
1289 1267
1290 1268
1291 1269
1292 1270
1293 1271
1294 1272
1295 3712
1296 1273
1297 1274
1298 1275
1299 1276
1300 1277
1301 1278
1302 1279
1303 1280
1304 1281
1305 1282
1306 1283
1307 1284
1308 1285
1309 1286
1310 1287
1311 1288
1312 1289
1313 1290
1314 1291
1315 1292
1316 1293
1317 1294
1318 1295
1319 1296
1320 1297
1321 1298
1322 1299
1323 1300
1324 1301
1325 1302
1326 1303
1327 1304
1328 1305
1329 1306
1330 1307
1331 1308
1332 1309
1333 1310
1334 1311
1335 1312
1336 1313
1337 1314
1338 1315
1339 1316
1340 1317
1341 1318
1342 1319
1343 1320
1344 1321
1345 1322
1346 1323
1347 1324
1348 1325
1349 1326
1350 1327
1351 1328
1352 1329
1353 1330
1354 1331
1355 1332
1356 1333
1357 1334
1358 1335
1359 1336
1360 1337
1361 1338
1362 1339
1363 1340
1364 1341
1365 1342
1366 1343
1367 1344
1368 1345
1369 1346
1370 1347
1371 1348
1372 1349
1373 1350
1374 1351
1375 1352
1376 1353
1377 1354
1378 1355
1379 1356
1380 1357
1381 1358
1382 1359
1383 1360
1384 1361
1385 1362
1386 1363
1387 1364
1388 1365
1389 1366
1390 1367
1391 1368
1392 1369
1393 1370
1394 1371
1395 1372
1396 1373
1397 1374
1398 1375
1399 1376
1400 1377
1401 1378
1402 1379
1403 1380
1404 1381
1405 1382
1406 1383
1407 1384
1408 1385
1409 1386
1410 1387
1411 1388
1412 1389
1413 1390
1414 3712
1415 1391
1416 1392
1417 1393
1418 1394
1419 1395
1420 1396
1421 1397
1422 1398
1423 1399
1424 1400
1425 1401
1426 1402
1427 1403
1428 1404
1429 1405
1430 1406
1431 1407
1432 1408
1433 1409
1434 1410
1435 1411
1436 1412
1437 1413
1438 1414
1439 1415
1440 1416
1441 1417
1442 1418
1443 1419
1444 1420
1445 1421
1446 1422
1447 1423
1448 1424
1449 1425
1450 1426
1451 1427
1452 1428
1453 1429
1454 1430
1455 1431
1456 1432
1457 1433
1458 1434
1459 1435
1460 1436
1461 1437
1462 1438
1463 1439
1464 1440
1465 1441
1466 1442
1467 1443
1468 1444
1469 1445
1470 1446
1471 1447
1472 1448
1473 1449
1474 1450
1475 1451
1476 1452
1477 1453
1478 1454
1479 1455
1480 1456
1481 1457
1482 1458
1483 1459
1484 1460
1485 1461
1486 1462
1487 1463
1488 1464
1489 1465
1490 1466
1491 1467
1492 1468
1493 1469
1494 1470
1495 1471
1496 1472
1497 1473
1498 1474
1499 1475
1500 1476
1501 1477
1502 1478
1503 1479
1504 1480
1505 1481
1506 1482
1507 1483
1508 1484
1509 1485
1510 1486
1511 3712
1512 1487
1513 1488
1514 1489
1515 1490
1516 1491
1517 1492
1518 1493
1519 1494
1520 1495
1521 1496
1522 1497
1523 1498
1524 1499
1525 1500
1526 1501
1527 1502
1528 1503
1529 1504
1530 1505
1531 1506
1532 1507
1533 1508
1534 1509
1535 1510
1536 1511
1537 1512
1538 1513
1539 1514
1540 1515
1541 1516
1542 1517
1543 1518
1544 1519
1545 1520
1546 1521
1547 1522
1548 1523
1549 1524
1550 1525
1551 1526
1552 1527
1553 1528
1554 1529
1555 1530
1556 1531
1557 1532
1558 1533
1559 1534
1560 1535
1561 1536
1562 1537
1563 1538
1564 1539
1565 1540
1566 1541
1567 1542
1568 1543
1569 1544
1570 1545
1571 1546
1572 1547
1573 1548
1574 1549
1575 1550
1576 1551
1577 1552
1578 1553
1579 1554
1580 1555
1581 1556
1582 1557
1583 1558
1584 1559
1585 1560
1586 1561
1587 1562
1588 1563
1589 1564
1590 1565
1591 1566
1592 1567
1593 1568
1594 1569
1595 1570
1596 1571
1597 1572
1598 1573
1599 1574
1600 1575
1601 1576
1602 1577
1603 1578
1604 1579
1605 1580
1606 1581
1607 1582
1608 1583
1609 1584
1610 1585
1611 1586
1612 1587
1613 1588
1614 1589
1615 1590
1616 1591
1617 1592
1618 1593
1619 1594
1620 1595
1621 1596
1622 1597
1623 1598
1624 1599
1625 1600
1626 3712
1627 1601
1628 1602
1629 1603
1630 1604
1631 1605
1632 1606
1633 1607
1634 1608
1635 1609
1636 1610
1637 1611
1638 1612
1639 1613
1640 1614
1641 1615
1642 1616
1643 1617
1644 1618
1645 1619
1646 1620
1647 1621
1648 1622
1649 1623
1650 1624
1651 1625
1652 1626
1653 1627
1654 1628
1655 1629
1656 1630
1657 1631
1658 1632
1659 1633
1660 1634
1661 1635
1662 1636
1663 1637
1664 1638
1665 1639
1666 1640
1667 1641
1668 1642
1669 1643
1670 1644
1671 1645
1672 1646
1673 1647
1674 1648
1675 1649
1676 1650
1677 1651
1678 1652
1679 1653
1680 1654
1681 1655
1682 1656
1683 1657
1684 1658
1685 1659
1686 1660
1687 1661
1688 1662
1689 1663
1690 1664
1691 1665
1692 1666
1693 1667
1694 1668
1695 1669
1696 1670
1697 1671
1698 1672
1699 1673
1700 1674
1701 1675
1702 3712
1703 1676
1704 1677
1705 1678
1706 1679
1707 1680
1708 1681
1709 1682
1710 1683
1711 1684
1712 1685
1713 1686
1714 1687
1715 1688
1716 1689
1717 1690
1718 1691
1719 1692
1720 1693
1721 1694
1722 1695
1723 1696
1724 1697
1725 1698
1726 1699
1727 1700
1728 1701
1729 1702
1730 1703
1731 1704
1732 1705
1733 1706
1734 1707
1735 1708
1736 1709
1737 1710
1738 1711
1739 1712
1740 1713
1741 1714
1742 1715
1743 1716
1744 1717
1745 1718
1746 1719
1747 1720
1748 1721
1749 1722
1750 1723
1751 1724
1752 1725
1753 1726
1754 1727
1755 1728
1756 1729
1757 1730
1758 1731
1759 1732
1760 1733
1761 1734
1762 1735
1763 1736
1764 1737
1765 1738
1766 1739
1767 1740
1768 1741
1769 1742
1770 1743
1771 1744
1772 1745
1773 1746
1774 1747
1775 1748
1776 1749
1777 1750
1778 1751
1779 1752
1780 1753
1781 1754
1782 1755
1783 1756
1784 1757
1785 1758
1786 1759
1787 1760
1788 1761
1789 1762
1790 1763
1791 1764
1792 1765
1793 1766
1794 1767
1795 1768
1796 1769
1797 1770
1798 1771
1799 1772
1800 1773
1801 1774
1802 1775
1803 1776
1804 1777
1805 1778
1806 1779
1807 1780
1808 1781
1809 1782
1810 1783
1811 1784
1812 1785
1813 1786
1814 1787
1815 1788
1816 1789
1817 1790
1818 1791
1819 1792
1820 1793
1821 1794
1822 1795
1823 1796
1824 1797
1825 1798
1826 1799
1827 1800
1828 1801
1829 1802
1830 1803
1831 1804
1832 1805
1833 1806
1834 1807
1835 1808
1836 1809
1837 1810
1838 1811
1839 1812
1840 1813
1841 1814
1842 1815
1843 1816
1844 1817
1845 1818
1846 3712
1847 1819
1848 1820
1849 1821
1850 1822
1851 1823
1852 1824
1853 1825
1854 1826
1855 1827
1856 1828
1857 1829
1858 1830
1859 1831
1860 1832
1861 1833
1862 1834
1863 1835
1864 1836
1865 1837
1866 1838
1867 1839
1868 1840
1869 1841
1870 1842
1871 1843
1872 1844
1873 1845
1874 1846
1875 1847
1876 1848
1877 1849
1878 1850
1879 1851
1880 1852
1881 1853
1882 1854
1883 1855
1884 1856
1885 3712
1886 1857
1887 1858
1888 1859
1889 1860
1890 1861
1891 1862
1892 1863
1893 1864
1894 1865
1895 1866
1896 1867
1897 3712
1898 1868
1899 1869
1900 1870
1901 1871
1902 1872
1903 1873
1904 1874
1905 1875
1906 1876
1907 1877
1908 1878
1909 1879
1910 1880
1911 1881
1912 1882
1913 1883
1914 1884
1915 1885
1916 1886
1917 1887
1918 1888
1919 1889
1920 1890
1921 1891
1922 1892
1923 1893
1924 1894
1925 1895
1926 1896
1927 1897
1928 1898
1929 1899
1930 1900
1931 1901
1932 1902
1933 1903
1934 1904
1935 1905
1936 1906
1937 1907
1938 1908
1939 1909
1940 1910
1941 1911
1942 1912
1943 1913
1944 1914
1945 1915
1946 1916
1947 1917
1948 1918
1949 1919
1950 1920
1951 1921
1952 1922
1953 1923
1954 1924
1955 1925
1956 1926
1957 1927
1958 1928
1959 1929
1960 1930
1961 1931
1962 1932
1963 1933
1964 1934
1965 1935
1966 1936
1967 1937
1968 1938
1969 1939
1970 1940
1971 1941
1972 1942
1973 1943
1974 1944
1975 1945
1976 1946
1977 1947
1978 1948
1979 1949
1980 1950
1981 1951
1982 1952
1983 1953
1984 1954
1985 1955
1986 1956
1987 1957
1988 1958
1989 1959
1990 1960
1991 3712
1992 1961
1993 1962
1994 1963
1995 1964
1996 1965
1997 1966
1998 1967
1999 1968
2000 1969
2001 1970
2002 1971
2003 1972
2004 1973
2005 1974
2006 1975
2007 1976
2008 1977
2009 1978
2010 1979
2011 1980
2012 1981
2013 1982
2014 1983
2015 1984
2016 1985
2017 1986
2018 1987
2019 1988
2020 1989
2021 1990
2022 1991
2023 1992
2024 1993
2025 1994
2026 1995
2027 1996
2028 1997
2029 1998
2030 1999
2031 2000
2032 2001
2033 2002
2034 2003
2035 2004
2036 2005
2037 2006
2038 2007
2039 2008
2040 2009
2041 2010
2042 2011
2043 2012
2044 2013
2045 2014
2046 2015
2047 2016
2048 2017
2049 2018
2050 2019
2051 2020
2052 2021
2053 2022
2054 2023
2055 2024
2056 2025
2057 2026
2058 2027
2059 2028
2060 2029
2061 2030
2062 2031
2063 2032
2064 2033
2065 2034
2066 2035
2067 2036
2068 2037
2069 2038
2070 2039
2071 2040
2072 2041
2073 2042
2074 2043
2075 2044
2076 2045
2077 2046
2078 2047
2079 2048
2080 2049
2081 2050
2082 2051
2083 2052
2084 2053
2085 2054
2086 2055
2087 2056
2088 2057
2089 2058
2090 2059
2091 2060
2092 2061
2093 2062
2094 2063
2095 2064
2096 2065
2097 2066
2098 2067
2099 2068
2100 2069
2101 2070
2102 2071
2103 2072
2104 2073
2105 2074
2106 2075
2107 2076
2108 2077
2109 2078
2110 2079
2111 2080
2112 2081
2113 2082
2114 2083
2115 2084
2116 2085
2117 2086
2118 2087
2119 2088
2120 2089
2121 2090
2122 2091
2123 2092
2124 2093
2125 2094
2126 2095
2127 2096
2128 2097
2129 2098
2130 2099
2131 2100
2132 2101
2133 2102
2134 2103
2135 2104
2136 2105
2137 2106
2138 2107
2139 2108
2140 2109
2141 2110
2142 2111
2143 2112
2144 2113
2145 2114
2146 2115
2147 2116
2148 2117
2149 2118
2150 2119
2151 2120
2152 2121
2153 2122
2154 2123
2155 2124
2156 2125
2157 2126
2158 2127
2159 2128
2160 2129
2161 2130
2162 2131
2163 2132
2164 2133
2165 2134
2166 2135
2167 2136
2168 2137
2169 2138
2170 2139
2171 2140
2172 2141
2173 2142
2174 2143
2175 2144
2176 2145
2177 2146
2178 2147
2179 2148
2180 2149
2181 2150
2182 2151
2183 2152
2184 2153
2185 2154
2186 2155
2187 2156
2188 2157
2189 2158
2190 2159
2191 2160
2192 2161
2193 2162
2194 2163
2195 2164
2196 2165
2197 2166
2198 2167
2199 2168
2200 2169
2201 2170
2202 2171
2203 2172
2204 2173
2205 2174
2206 2175
2207 2176
2208 2177
2209 2178
2210 2179
2211 2180
2212 2181
2213 2182
2214 2183
2215 2184
2216 2185
2217 2186
2218 2187
2219 2188
2220 2189
2221 2190
2222 2191
2223 2192
2224 2193
2225 2194
2226 2195
2227 2196
2228 2197
2229 2198
2230 2199
2231 2200
2232 2201
2233 2202
2234 2203
2235 2204
2236 2205
2237 2206
2238 2207
2239 2208
2240 2209
2241 2210
2242 2211
2243 2212
2244 2213
2245 2214
2246 3712
2247 2215
2248 2216
2249 2217
2250 2218
2251 2219
2252 2220
2253 2221
2254 2222
2255 2223
2256 2224
2257 2225
2258 2226
2259 2227
2260 2228
2261 2229
2262 2230
2263 2231
2264 2232
2265 2233
2266 2234
2267 2235
2268 2236
2269 2237
2270 2238
2271 2239
2272 2240
2273 2241
2274 2242
2275 2243
2276 2244
2277 2245
2278 2246
2279 2247
2280 2248
2281 2249
2282 2250
2283 3712
2284 2251
2285 2252
2286 2253
2287 2254
2288 2255
2289 2256
2290 2257
2291 2258
2292 2259
2293 2260
2294 2261
2295 2262
2296 2263
2297 2264
2298 2265
2299 2266
2300 2267
2301 2268
2302 2269
2303 2270
2304 2271
2305 2272
2306 2273
2307 2274
2308 2275
2309 2276
2310 2277
2311 2278
2312 2279
2313 3712
2314 2280
2315 2281
2316 2282
2317 2283
2318 2284
2319 2285
2320 2286
2321 2287
2322 2288
2323 2289
2324 2290
2325 2291
2326 2292
2327 2293
2328 2294
2329 2295
2330 2296
2331 2297
2332 2298
2333 2299
2334 2300
2335 2301
2336 2302
2337 2303
2338 2304
2339 2305
2340 2306
2341 2307
2342 2308
2343 2309
2344 2310
2345 2311
2346 2312
2347 2313
2348 2314
2349 2315
2350 2316
2351 2317
2352 2318
2353 2319
2354 2320
2355 2321
2356 2322
2357 2323
2358 2324
2359 2325
2360 2326
2361 2327
2362 2328
2363 2329
2364 2330
2365 2331
2366 2332
2367 2333
2368 2334
2369 2335
2370 2336
2371 2337
2372 2338
2373 2339
2374 2340
2375 2341
2376 2342
2377 2343
2378 2344
2379 2345
2380 2346
2381 2347
2382 2348
2383 2349
2384 2350
2385 2351
2386 2352
2387 2353
2388 2354
2389 2355
2390 2356
2391 2357
2392 2358
2393 2359
2394 2360
2395 2361
2396 2362
2397 2363
2398 2364
2399 2365
2400 2366
2401 2367
2402 2368
2403 2369
2404 2370
2405 2371
2406 2372
2407 2373
2408 2374
2409 2375
2410 2376
2411 2377
2412 2378
2413 2379
2414 2380
2415 2381
2416 2382
2417 2383
2418 2384
2419 2385
2420 2386
2421 2387
2422 2388
2423 2389
2424 2390
2425 2391
2426 2392
2427 2393
2428 2394
2429 2395
2430 2396
2431 2397
2432 2398
2433 2399
2434 2400
2435 2401
2436 2402
2437 2403
2438 2404
2439 2405
2440 2406
2441 2407
2442 2408
2443 2409
2444 2410
2445 2411
2446 2412
2447 2413
2448 2414
2449 2415
2450 2416
2451 2417
2452 2418
2453 2419
2454 2420
2455 2421
2456 2422
2457 2423
2458 2424
2459 2425
2460 2426
2461 2427
2462 2428
2463 2429
2464 2430
2465 2431
2466 2432
2467 2433
2468 2434
2469 2435
2470 2436
2471 2437
2472 2438
2473 2439
2474 2440
2475 2441
2476 2442
2477 2443
2478 2444
2479 2445
2480 2446
2481 2447
2482 2448
2483 3712
2484 2449
2485 2450
2486 2451
2487 2452
2488 2453
2489 2454
2490 2455
2491 2456
2492 2457
2493 2458
2494 2459
2495 2460
2496 2461
2497 2462
2498 2463
2499 2464
2500 2465
2501 2466
2502 2467
2503 3712
2504 2468
2505 2469
2506 2470
2507 2471
2508 2472
2509 2473
2510 2474
2511 2475
2512 2476
2513 2477
2514 2478
2515 2479
2516 2480
2517 2481
2518 2482
2519 2483
2520 2484
2521 2485
2522 2486
2523 2487
2524 2488
2525 2489
2526 2490
2527 2491
2528 2492
2529 2493
2530 2494
2531 2495
2532 2496
2533 2497
2534 2498
2535 2499
2536 2500
2537 2501
2538 2502
2539 2503
2540 2504
2541 2505
2542 2506
2543 2507
2544 2508
2545 2509
2546 2510
2547 2511
2548 2512
2549 2513
2550 2514
2551 2515
2552 2516
2553 2517
2554 2518
2555 2519
2556 2520
2557 2521
2558 2522
2559 2523
2560 2524
2561 2525
2562 2526
2563 2527
2564 2528
2565 2529
2566 2530
2567 2531
2568 2532
2569 2533
2570 2534
2571 2535
2572 2536
2573 2537
2574 2538
2575 2539
2576 2540
2577 2541
2578 2542
2579 2543
2580 3712
2581 2544
2582 2545
2583 2546
2584 2547
2585 2548
2586 2549
2587 2550
2588 2551
2589 2552
2590 2553
2591 2554
2592 2555
2593 2556
2594 2557
2595 2558
2596 2559
2597 2560
2598 2561
2599 2562
2600 2563
2601 2564
2602 2565
2603 2566
2604 2567
2605 2568
2606 2569
2607 2570
2608 2571
2609 2572
2610 2573
2611 2574
2612 2575
2613 2576
2614 2577
2615 2578
2616 2579
2617 2580
2618 2581
2619 2582
2620 2583
2621 2584
2622 2585
2623 2586
2624 2587
2625 2588
2626 2589
2627 2590
2628 2591
2629 2592
2630 2593
2631 2594
2632 2595
2633 3712
2634 2596
2635 2597
2636 2598
2637 2599
2638 2600
2639 2601
2640 2602
2641 2603
2642 2604
2643 2605
2644 2606
2645 2607
2646 2608
2647 2609
2648 2610
2649 2611
2650 2612
2651 2613
2652 2614
2653 2615
2654 2616
2655 2617
2656 2618
2657 2619
2658 2620
2659 2621
2660 2622
2661 2623
2662 2624
2663 2625
2664 2626
2665 2627
2666 2628
2667 3712
2668 2629
2669 2630
2670 2631
2671 2632
2672 2633
2673 2634
2674 2635
2675 2636
2676 2637
2677 2638
2678 2639
2679 2640
2680 2641
2681 2642
2682 2643
2683 2644
2684 2645
2685 2646
2686 2647
2687 2648
2688 2649
2689 2650
2690 2651
2691 2652
2692 2653
2693 2654
2694 3712
2695 2655
2696 2656
2697 2657
2698 2658
2699 2659
2700 2660
2701 2661
2702 2662
2703 2663
2704 2664
2705 2665
2706 2666
2707 2667
2708 2668
2709 2669
2710 2670
2711 2671
2712 2672
2713 2673
2714 2674
2715 2675
2716 2676
2717 2677
2718 2678
2719 2679
2720 2680
2721 2681
2722 2682
2723 2683
2724 2684
2725 3712
2726 2685
2727 2686
2728 2687
2729 2688
2730 2689
2731 2690
2732 3712
2733 2691
2734 2692
2735 2693
2736 2694
2737 2695
2738 2696
2739 2697
2740 2698
2741 2699
2742 2700
2743 2701
2744 2702
2745 2703
2746 2704
2747 2705
2748 2706
2749 3712
2750 2707
2751 2708
2752 2709
2753 2710
2754 2711
2755 2712
2756 2713
2757 2714
2758 2715
2759 2716
2760 2717
2761 2718
2762 2719
2763 2720
2764 2721
2765 2722
2766 2723
2767 2724
2768 2725
2769 2726
2770 2727
2771 2728
2772 4840
2773 2729
2774 2730
2775 2731
2776 2732
2777 2733
2778 2734
2779 2735
2780 2736
2781 2737
2782 2738
2783 2739
2784 2740
2785 2741
2786 2742
2787 2743
2788 2744
2789 2745
2790 2746
2791 2747
2792 2748
2793 2749
2794 2750
2795 2751
2796 2752
2797 2753
2798 2754
2799 2755
2800 2756
2801 2757
2802 2758
2803 2759
2804 2760
2805 2761
2806 3712
2807 2762
2808 2763
2809 2764
2810 2765
2811 2766
2812 2767
2813 2768
2814 2769
2815 2770
2816 2771
2817 2772
2818 2773
2819 2774
2820 2775
2821 2776
2822 2777
2823 2778
2824 2779
2825 2780
2826 2781
2827 2782
2828 2783
2829 2784
2830 2785
2831 2786
2832 2787
2833 2788
2834 2789
2835 2790
2836 2791
2837 2792
2838 2793
2839 2794
2840 2795
2841 2796
2842 2797
2843 2798
2844 2799
2845 2800
2846 2801
2847 2802
2848 2803
2849 2804
2850 2805
2851 2806
2852 2807
2853 2808
2854 2809
2855 2810
2856 2811
2857 2812
2858 2813
2859 2814
2860 2815
2861 2816
2862 2817
2863 2818
2864 2819
2865 2820
2866 2821
2867 2822
2868 2823
2869 2824
2870 2825
2871 2826
2872 2827
2873 2828
2874 2829
2875 2830
2876 2831
2877 2832
2878 2833
2879 2834
2880 2835
2881 2836
2882 2837
2883 2838
2884 2839
2885 2840
2886 2841
2887 2842
2888 2843
2889 2844
2890 2845
2891 2846
2892 2847
2893 2848
2894 2849
2895 2850
2896 2851
2897 2852
2898 2853
2899 2854
2900 2855
2901 2856
2902 2857
2903 2858
2904 2859
2905 2860
2906 2861
2907 2862
2908 2863
2909 2864
2910 2865
2911 2866
2912 2867
2913 2868
2914 2869
2915 2870
2916 2871
2917 2872
2918 2873
2919 2874
2920 2875
2921 2876
2922 2877
2923 2878
2924 2879
2925 2880
2926 2881
2927 2882
2928 2883
2929 2884
2930 2885
2931 2886
2932 2887
2933 2888
2934 2889
2935 2890
2936 2891
2937 2892
2938 2893
2939 2894
2940 2895
2941 2896
2942 2897
2943 2898
2944 2899
2945 2900
2946 2901
2947 2902
2948 2903
2949 2904
2950 2905
2951 2906
2952 2907
2953 2908
2954 2909
2955 2910
2956 2911
2957 2912
2958 2913
2959 2914
2960 2915
2961 2916
2962 2917
2963 2918
2964 2919
2965 2920
2966 2921
2967 2922
2968 2923
2969 2924
2970 2925
2971 2926
2972 2927
2973 2928
2974 2929
2975 2930
2976 2931
2977 2932
2978 2933
2979 2934
2980 2935
2981 2936
2982 2937
2983 2938
2984 2939
2985 2940
2986 2941
2987 2942
2988 2943
2989 2944
2990 2945
2991 2946
2992 2947
2993 2948
2994 2949
2995 2950
2996 2951
2997 2952
2998 2953
2999 2954
3000 2955
3001 2956
3002 2957
3003 2958
3004 2959
3005 2960
3006 2961
3007 2962
3008 2963
3009 2964
3010 2965
3011 2966
3012 2967
3013 2968
3014 2969
3015 2970
3016 2971
3017 2972
3018 2973
3019 2974
3020 2975
3021 2976
3022 2977
3023 2978
3024 2979
3025 2980
3026 2981
3027 2982
3028 2983
3029 2984
3030 2985
3031 2986
3032 2987
3033 2988
3034 2989
3035 2990
3036 2991
3037 2992
3038 2993
3039 2994
3040 2995
3041 2996
3042 2997
3043 2998
3044 2999
3045 3000
3046 3001
3047 3712
3048 3002
3049 3003
3050 3004
3051 3005
3052 3006
3053 3007
3054 3008
3055 3009
3056 3010
3057 3011
3058 3012
3059 3013
3060 3014
3061 3015
3062 3016
3063 3017
3064 3018
3065 3019
3066 3020
3067 3021
3068 3022
3069 3023
3070 3024
3071 3025
3072 3026
3073 3027
3074 3028
3075 3029
3076 3030
3077 3031
3078 3032
3079 3033
3080 3034
3081 3712
3082 3035
3083 3036
3084 3037
3085 3038
3086 3039
3087 3040
3088 3041
3089 3042
3090 3043
3091 3044
3092 3045
3093 3046
3094 3047
3095 3712
3096 3048
3097 3049
3098 3050
3099 3051
3100 3052
3101 3053
3102 3054
3103 3055
3104 3056
3105 3057
3106 3058
3107 3059
3108 3060
3109 3061
3110 3062
3111 3063
3112 3064
3113 3065
3114 3066
3115 3067
3116 3068
3117 3069
3118 3070
3119 3071
3120 3072
3121 3073
3122 3074
3123 3075
3124 3076
3125 3077
3126 3078
3127 3079
3128 3080
3129 3081
3130 3082
3131 3083
3132 3084
3133 3085
3134 3086
3135 3087
3136 3088
3137 3089
3138 3090
3139 3091
3140 3092
3141 3093
3142 3094
3143 3095
3144 3096
3145 3097
3146 3098
3147 3099
3148 3100
3149 3101
3150 3102
3151 3103
3152 3104
3153 3105
3154 3106
3155 3107
3156 3712
3157 3108
3158 3109
3159 3110
3160 3111
3161 3112
3162 3113
3163 3114
3164 3115
3165 3116
3166 3117
3167 3118
3168 3119
3169 3120
3170 3121
3171 3122
3172 3123
3173 3124
3174 3125
3175 3126
3176 3127
3177 3128
3178 3129
3179 3130
3180 3131
3181 3132
3182 3133
3183 3134
3184 3135
3185 3136
3186 3137
3187 3138
3188 3139
3189 3140
3190 3141
3191 3142
3192 3143
3193 3144
3194 3145
3195 3146
3196 3147
3197 3148
3198 3149
3199 3150
3200 3712
3201 3151
3202 3152
3203 3153
3204 3154
3205 3155
3206 3156
3207 3157
3208 3158
3209 3159
3210 3160
3211 3161
3212 3162
3213 3163
3214 3164
3215 3165
3216 3166
3217 3167
3218 3168
3219 3169
3220 3170
3221 3171
3222 3172
3223 3173
3224 3174
3225 3175
3226 3176
3227 3177
3228 3178
3229 3179
3230 3180
3231 3181
3232 3182
3233 3183
3234 3184
3235 3185
3236 3186
3237 3187
3238 3188
3239 3189
3240 3190
3241 3191
3242 3192
3243 3193
3244 3194
3245 3195
3246 3196
3247 3197
3248 3198
3249 3199
3250 3200
3251 3201
3252 3202
3253 3203
3254 3204
3255 3205
3256 3206
3257 3207
3258 3208
3259 3209
3260 3210
3261 3211
3262 3212
3263 3213
3264 3214
3265 3215
3266 3216
3267 3217
3268 3218
3269 3219
3270 3220
3271 3221
3272 3222
3273 3223
3274 3224
3275 3225
3276 3226
3277 3227
3278 3228
3279 3229
3280 3230
3281 3231
3282 3232
3283 3233
3284 3234
3285 3235
3286 3236
3287 3237
3288 3238
3289 3239
3290 3240
3291 3241
3292 3242
3293 3243
3294 3244
3295 3245
3296 3246
3297 3247
3298 3248
3299 3249
3300 3250
3301 3251
3302 3252
3303 3253
3304 3254
3305 3255
3306 3256
3307 3257
3308 3712
3309 3258
3310 3259
3311 3260
3312 3261
3313 3262
3314 3263
3315 3264
3316 3265
3317 3266
3318 3267
3319 3268
3320 3269
3321 3270
3322 3271
3323 3272
3324 3273
3325 3274
3326 3275
3327 3276
3328 3277
3329 3278
3330 3279
3331 3280
3332 3281
3333 3282
3334 3283
3335 3284
3336 3285
3337 3286
3338 3287
3339 3288
3340 3289
3341 3290
3342 3291
3343 3292
3344 3293
3345 3294
3346 3295
3347 3296
3348 3297
3349 3298
3350 3299
3351 3300
3352 3301
3353 3302
3354 3303
3355 3304
3356 3305
3357 3306
3358 3712
3359 3307
3360 3308
3361 3309
3362 3310
3363 3311
3364 3312
3365 3313
3366 3314
3367 3315
3368 3316
3369 3317
3370 3318
3371 3319
3372 3320
3373 3321
3374 3322
3375 3323
3376 3324
3377 3325
3378 3326
3379 3327
3380 3328
3381 3329
3382 3330
3383 3331
3384 3332
3385 3333
3386 3334
3387 3335
3388 3336
3389 3337
3390 3338
3391 3339
3392 3340
3393 3341
3394 3342
3395 3343
3396 3344
3397 3345
3398 3346
3399 3347
3400 3348
3401 3349
3402 3350
3403 3351
3404 3352
3405 3353
3406 3354
3407 3355
3408 3356
3409 3712
3410 3357
3411 3358
3412 3359
3413 3360
3414 3361
3415 3362
3416 3363
3417 3364
3418 3365
3419 3366
3420 3367
3421 3368
3422 3712
3423 3369
3424 3370
3425 3371
3426 3372
3427 3373
3428 3374
3429 3375
3430 3376
3431 3377
3432 3378
3433 3712
3434 3379
3435 3380
3436 3381
3437 3382
3438 3383
3439 3384
3440 3385
3441 3386
3442 3387
3443 3388
3444 3389
3445 3390
3446 3391
3447 3392
3448 3393
3449 3394
3450 3395
3451 3396
3452 3397
3453 3398
3454 3399
3455 3400
3456 3401
3457 3402
3458 3403
3459 3404
3460 3405
3461 3406
3462 3407
3463 3408
3464 3409
3465 3410
3466 3411
3467 3412
3468 3413
3469 3414
3470 3415
3471 3416
3472 3417
3473 3418
3474 3419
3475 3420
3476 3421
3477 3422
3478 3423
3479 3424
3480 3425
3481 3426
3482 3427
3483 3428
3484 3429
3485 3430
3486 3431
3487 3432
3488 3433
3489 3434
3490 3435
3491 3436
3492 3437
3493 3438
3494 3439
3495 3440
3496 3441
3497 3442
3498 3443
3499 3444
3500 3445
3501 3446
3502 4840
3503 3447
3504 3448
3505 3449
3506 3450
3507 3451
3508 3452
3509 3453
3510 3454
3511 3455
3512 3456
3513 3457
3514 3458
3515 3459
3516 3460
3517 3461
3518 3462
3519 3463
3520 3464
3521 3465
3522 3466
3523 3467
3524 3468
3525 3469
3526 3470
3527 3471
3528 3472
3529 3473
3530 3474
3531 3475
3532 3476
3533 3477
3534 3478
3535 3479
3536 3480
3537 3481
3538 3482
3539 3483
3540 3484
3541 3485
3542 3486
3543 3487
3544 3488
3545 3489
3546 3490
3547 3491
3548 3492
3549 3493
3550 3494
3551 3495
3552 3496
3553 3497
3554 3498
3555 3499
3556 3500
3557 3501
3558 3502
3559 3503
3560 3504
3561 3505
3562 3506
3563 3507
3564 3508
3565 3509
3566 3510
3567 3511
3568 3512
3569 3513
3570 3514
3571 3515
3572 3516
3573 3517
3574 3518
3575 3519
3576 3520
3577 3521
3578 3522
3579 3523
3580 3524
3581 3525
3582 3526
3583 3527
3584 3528
3585 3529
3586 3530
3587 3531
3588 3532
3589 3533
3590 3534
3591 3535
3592 3536
3593 3537
3594 3538
3595 3539
3596 3540
3597 3541
3598 3542
3599 3543
3600 3544
3601 3545
3602 3546
3603 3547
3604 3548
3605 3549
3606 3550
3607 3551
3608 3552
3609 3553
3610 3554
3611 3555
3612 3556
3613 3557
3614 3558
3615 3559
3616 3560
3617 3561
3618 3562
3619 3563
3620 3564
3621 3565
3622 3566
3623 3567
3624 3568
3625 3569
3626 3570
3627 3571
3628 3572
3629 3712
3630 3573
3631 3574
3632 3575
3633 3576
3634 3577
3635 3578
3636 3579
3637 3580
3638 3581
3639 3582
3640 3583
3641 3584
3642 3585
3643 3586
3644 3587
3645 3588
3646 3589
3647 3590
3648 3591
3649 3592
3650 3593
3651 3594
3652 3595
3653 3596
3654 3597
3655 3598
3656 3599
3657 3600
3658 3601
3659 3602
3660 3603
3661 3604
3662 3605
3663 3606
3664 3607
3665 3608
3666 3609
3667 3610
3668 3611
3669 3612
3670 3613
3671 3614
3672 3615
3673 3616
3674 3617
3675 3618
3676 3619
3677 3620
3678 3621
3679 3622
3680 3623
3681 3624
3682 3625
3683 3626
3684 3627
3685 3628
3686 3629
3687 3630
3688 3631
3689 3632
3690 3633
3691 3634
3692 3635
3693 3636
3694 3637
3695 3638
3696 3639
3697 3640
3698 3641
3699 3642
3700 3643
3701 3644
3702 3645
3703 3646
3704 3647
3705 3648
3706 3649
3707 3650
3708 3651
3709 3652
3710 3653
3711 3654
3712 3655
3713 3656
3714 3657
3715 3658
3716 3659
3717 3660
3718 3661
3719 3662
3720 3663
3721 3664
3722 3665
3723 3666
3724 3667
3725 3668
3726 3669
3727 3670
3728 3671
3729 3672
3730 3673
3731 3674
3732 3675
3733 3676
3734 3677
3735 3678
3736 3679
3737 3680
3738 3681
3739 3682
3740 3683
3741 3684
3742 3685
3743 3686
3744 3687
3745 3688
3746 3689
3747 3690
3748 3691
3749 3692
3750 3693
3751 3694
3752 3695
3753 3696
3754 3697
3755 3698
3756 3699
3757 3700
3758 3701
3759 3702
3760 3703
3761 3704
3762 3705
3763 3706
3764 3707
3765 3708
3766 3709
3767 3710
3768 3711
3769 3712
3770 3713
3771 3714
3772 3715
3773 3716
3774 3717
3775 3718
3776 3719
3777 3720
3778 3721
3779 3722
3780 3723
3781 3724
3782 3725
3783 3726
3784 3727
3785 3728
3786 3712
3787 3729
3788 3730
3789 3731
3790 3732
3791 3733
3792 4840
3793 3734
3794 3735
3795 3736
3796 3737
3797 3738
3798 3739
3799 3740
3800 3741
3801 3742
3802 3743
3803 3744
3804 3745
3805 3746
3806 3747
3807 3748
3808 3749
3809 3750
3810 3751
3811 3752
3812 3753
3813 3754
3814 3755
3815 3756
3816 3757
3817 3712
3818 3758
3819 3759
3820 3760
3821 3761
3822 3762
3823 3763
3824 3764
3825 3765
3826 4840
3827 3766
3828 3767
3829 3768
3830 3769
3831 3770
3832 3771
3833 3772
3834 3773
3835 3774
3836 3775
3837 3776
3838 3777
3839 3778
3840 3779
3841 3780
3842 3781
3843 3782
3844 3783
3845 3784
3846 3785
3847 3786
3848 3787
3849 3788
3850 3789
3851 3790
3852 3791
3853 3792
3854 3793
3855 3794
3856 3795
3857 3796
3858 3797
3859 3798
3860 3799
3861 3800
3862 3801
3863 3802
3864 3803
3865 3804
3866 3805
3867 3806
3868 3807
3869 3808
3870 3809
3871 3810
3872 3811
3873 3812
3874 3813
3875 3814
3876 3815
3877 3816
3878 3817
3879 3818
3880 3819
3881 3820
3882 3821
3883 3822
3884 3823
3885 3824
3886 3825
3887 3826
3888 3827
3889 3828
3890 3829
3891 3830
3892 3831
3893 3832
3894 3833
3895 3834
3896 3835
3897 3836
3898 3837
3899 3838
3900 3839
3901 3840
3902 3841
3903 3842
3904 3843
3905 3844
3906 3845
3907 3846
3908 3847
3909 3848
3910 3849
3911 3850
3912 3851
3913 3852
3914 3853
3915 3854
3916 3855
3917 3856
3918 3857
3919 3858
3920 3712
3921 3859
3922 3860
3923 3861
3924 3862
3925 3863
3926 3864
3927 3865
3928 3866
3929 3867
3930 3868
3931 3869
3932 3870
3933 3871
3934 3872
3935 3873
3936 3874
3937 3875
3938 3876
3939 3877
3940 3878
3941 3879
3942 3880
3943 3881
3944 3882
3945 3883
3946 3884
3947 3885
3948 3886
3949 3887
3950 3888
3951 4840
3952 3889
3953 3890
3954 3891
3955 3892
3956 3893
3957 3894
3958 3895
3959 3896
3960 3897
3961 3898
3962 3899
3963 3900
3964 3901
3965 3902
3966 3903
3967 3904
3968 3905
3969 3906
3970 3907
3971 3908
3972 3909
3973 3910
3974 3911
3975 3912
3976 3913
3977 3914
3978 3915
3979 3916
3980 3917
3981 3918
3982 3919
3983 3920
3984 3921
3985 3922
3986 3923
3987 3924
3988 3925
3989 3926
3990 3927
3991 3928
3992 3929
3993 3930
3994 3931
3995 3932
3996 3933
3997 3934
3998 3935
3999 3936
4000 3937
4001 3938
4002 3939
4003 3940
4004 3941
4005 3942
4006 3943
4007 3944
4008 3945
4009 3946
4010 3947
4011 3948
4012 3949
4013 3950
4014 3951
4015 3952
4016 3953
4017 3954
4018 3955
4019 3956
4020 3712
4021 3957
4022 3958
4023 3959
4024 3960
4025 3961
4026 3962
4027 3963
4028 3964
4029 3965
4030 3966
4031 3967
4032 3968
4033 3969
4034 3970
4035 3971
4036 3972
4037 3973
4038 3974
4039 3975
4040 3976
4041 3977
4042 3978
4043 3979
4044 3980
4045 3981
4046 3982
4047 3983
4048 3984
4049 3985
4050 3986
4051 3987
4052 3988
4053 3989
4054 3990
4055 3991
4056 3992
4057 3993
4058 3712
4059 3994
4060 3995
4061 3996
4062 3997
4063 3998
4064 3999
4065 4000
4066 4001
4067 4002
4068 4003
4069 4004
4070 4005
4071 4006
4072 4007
4073 4008
4074 4009
4075 4010
4076 4011
4077 4012
4078 4013
4079 4014
4080 4015
4081 4016
4082 4017
4083 4018
4084 4019
4085 4020
4086 4021
4087 4022
4088 4023
4089 4024
4090 4025
4091 4026
4092 4027
4093 4028
4094 4029
4095 4030
4096 4031
4097 4032
4098 4033
4099 4034
4100 4035
4101 4036
4102 4037
4103 4038
4104 4039
4105 4040
4106 4041
4107 4042
4108 4043
4109 4044
4110 4045
4111 4046
4112 4047
4113 4048
4114 4049
4115 4050
4116 4051
4117 4052
4118 4053
4119 4054
4120 4055
4121 4056
4122 4057
4123 4058
4124 4059
4125 4060
4126 4061
4127 4062
4128 4063
4129 4064
4130 4065
4131 3712
4132 4066
4133 4067
4134 4068
4135 4069
4136 4070
4137 4071
4138 4072
4139 4073
4140 3712
4141 4074
4142 4075
4143 4076
4144 4077
4145 4078
4146 4079
4147 4080
4148 4081
4149 4082
4150 4083
4151 4084
4152 4085
4153 4086
4154 4087
4155 4088
4156 4089
4157 4090
4158 4091
4159 4092
4160 4093
4161 4094
4162 4095
4163 4096
4164 4097
4165 4098
4166 4099
4167 4100
4168 4101
4169 4102
4170 4103
4171 4104
4172 4105
4173 4106
4174 4107
4175 4108
4176 4109
4177 4110
4178 4111
4179 4112
4180 4113
4181 4114
4182 4115
4183 4116
4184 4117
4185 4118
4186 4840
4187 4119
4188 4120
4189 4121
4190 4122
4191 4123
4192 4124
4193 4125
4194 4126
4195 4127
4196 4128
4197 4129
4198 4130
4199 4131
4200 4132
4201 4133
4202 4134
4203 4135
4204 4136
4205 4137
4206 4138
4207 4139
4208 4140
4209 4141
4210 4142
4211 4143
4212 4144
4213 4145
4214 4146
4215 4147
4216 4148
4217 4149
4218 4150
4219 4151
4220 4152
4221 4153
4222 4154
4223 4155
4224 4156
4225 4157
4226 4158
4227 4159
4228 4160
4229 4161
4230 4162
4231 4163
4232 4164
4233 4165
4234 4166
4235 4167
4236 4168
4237 4169
4238 4170
4239 4171
4240 4172
4241 4173
4242 4174
4243 4175
4244 4176
4245 4177
4246 4178
4247 4179
4248 4180
4249 4181
4250 4182
4251 4183
4252 4184
4253 4185
4254 4186
4255 4187
4256 4188
4257 4189
4258 4190
4259 4191
4260 4192
4261 4193
4262 4194
4263 4195
4264 4196
4265 4197
4266 4198
4267 4199
4268 4200
4269 4201
4270 4202
4271 4203
4272 4204
4273 4205
4274 4206
4275 4207
4276 4208
4277 4209
4278 4210
4279 4211
4280 4212
4281 4213
4282 4214
4283 4215
4284 4216
4285 4217
4286 4218
4287 4219
4288 4220
4289 4221
4290 4222
4291 4223
4292 4224
4293 4225
4294 4226
4295 4227
4296 4228
4297 4229
4298 4230
4299 4231
4300 4232
4301 4233
4302 4234
4303 4235
4304 4236
4305 4237
4306 4238
4307 4239
4308 4240
4309 4241
4310 4242
4311 4243
4312 4244
4313 4245
4314 4246
4315 4247
4316 4248
4317 4249
4318 4250
4319 4251
4320 4252
4321 4253
4322 4254
4323 4255
4324 4256
4325 4257
4326 4258
4327 4259
4328 4260
4329 4261
4330 4262
4331 4263
4332 4264
4333 4265
4334 4266
4335 4267
4336 4268
4337 4269
4338 4270
4339 4271
4340 4272
4341 4273
4342 4274
4343 4275
4344 4276
4345 4277
4346 4278
4347 4279
4348 4280
4349 4281
4350 4282
4351 4283
4352 4284
4353 4285
4354 4286
4355 4287
4356 4288
4357 4289
4358 4290
4359 4291
4360 4292
4361 4293
4362 4294
4363 4295
4364 4296
4365 4297
4366 4298
4367 4299
4368 4300
4369 4301
4370 4302
4371 4303
4372 4304
4373 4305
4374 4306
4375 4307
4376 4308
4377 4309
4378 4310
4379 4311
4380 4312
4381 4313
4382 4314
4383 4315
4384 4316
4385 4317
4386 4318
4387 4319
4388 4320
4389 4321
4390 4322
4391 4323
4392 4324
4393 4325
4394 4326
4395 4327
4396 4328
4397 4329
4398 4330
4399 4331
4400 4332
4401 4333
4402 4334
4403 4335
4404 4336
4405 4337
4406 4338
4407 4339
4408 4340
4409 4341
4410 4342
4411 4343
4412 4344
4413 4345
4414 4346
4415 4347
4416 4348
4417 4349
4418 4350
4419 4351
4420 4352
4421 4353
4422 4354
4423 4355
4424 4356
4425 4357
4426 4358
4427 4359
4428 4360
4429 4840
4430 4361
4431 4362
4432 4363
4433 4364
4434 4365
4435 4366
4436 4367
4437 4368
4438 4369
4439 4370
4440 4371
4441 4372
4442 4373
4443 4374
4444 4375
4445 4376
4446 4377
4447 4378
4448 4379
4449 4380
4450 4381
4451 4382
4452 4383
4453 4384
4454 4385
4455 4386
4456 4387
4457 4388
4458 4389
4459 4390
4460 4391
4461 4392
4462 4393
4463 4394
4464 4395
4465 4396
4466 4397
4467 4398
4468 4399
4469 4400
4470 3712
4471 4401
4472 4402
4473 4403
4474 4404
4475 4405
4476 4406
4477 4407
4478 4408
4479 4409
4480 4410
4481 4411
4482 4412
4483 4413
4484 4414
4485 4415
4486 4416
4487 4417
4488 4418
4489 4419
4490 4420
4491 4421
4492 4422
4493 4423
4494 4424
4495 4425
4496 4426
4497 4427
4498 4428
4499 4429
4500 4430
4501 4431
4502 4432
4503 4433
4504 4434
4505 4435
4506 4436
4507 4437
4508 4438
4509 4439
4510 4440
4511 4441
4512 4442
4513 4443
4514 3712
4515 4444
4516 4445
4517 4446
4518 4447
4519 4448
4520 4449
4521 4450
4522 4451
4523 4452
4524 4453
4525 4454
4526 4455
4527 4456
4528 4457
4529 4458
4530 4459
4531 4460
4532 4461
4533 4462
4534 4463
4535 4464
4536 4465
4537 4466
4538 4467
4539 4468
4540 4469
4541 4470
4542 4471
4543 4472
4544 4473
4545 4474
4546 4475
4547 4476
4548 4477
4549 4478
4550 4479
4551 4480
4552 4481
4553 4482
4554 4483
4555 4484
4556 4485
4557 4486
4558 4487
4559 4488
4560 4489
4561 4490
4562 4491
4563 4492
4564 4493
4565 4494
4566 4495
4567 4496
4568 4497
4569 4498
4570 4499
4571 4500
4572 4501
4573 4502
4574 4503
4575 4504
4576 4505
4577 4506
4578 4507
4579 4508
4580 4509
4581 4510
4582 4511
4583 4512
4584 4513
4585 4514
4586 4515
4587 4516
4588 4517
4589 4518
4590 4519
4591 4520
4592 4521
4593 4522
4594 4523
4595 4524
4596 4525
4597 4526
4598 4527
4599 4528
4600 4529
4601 4530
4602 4531
4603 4532
4604 4533
4605 4534
4606 4535
4607 4536
4608 4537
4609 4538
4610 4539
4611 4540
4612 4541
4613 4542
4614 4543
4615 4544
4616 4545
4617 4546
4618 4547
4619 4548
4620 4549
4621 4550
4622 4551
4623 4552
4624 4553
4625 4554
4626 4555
4627 4556
4628 4557
4629 4558
4630 4559
4631 4560
4632 4561
4633 4562
4634 4563
4635 4564
4636 4565
4637 4566
4638 4567
4639 4568
4640 4569
4641 4570
4642 4571
4643 4572
4644 4573
4645 4574
4646 4575
4647 4576
4648 4577
4649 4578
4650 4579
4651 4580
4652 4581
4653 4582
4654 4583
4655 4584
4656 4585
4657 4586
4658 4587
4659 4588
4660 4589
4661 4590
4662 4591
4663 4592
4664 4593
4665 4594
4666 4595
4667 4596
4668 4597
4669 4598
4670 4599
4671 4600
4672 4601
4673 4602
4674 4603
4675 4604
4676 4605
4677 4606
4678 4607
4679 4608
4680 4609
4681 4610
4682 4611
4683 4612
4684 4613
4685 4614
4686 4615
4687 4616
4688 3712
4689 4617
4690 4618
4691 3712
4692 4619
4693 4620
4694 4621
4695 4622
4696 4623
4697 4624
4698 4625
4699 4626
4700 4627
4701 4628
4702 4629
4703 4630
4704 4631
4705 4632
4706 4633
4707 4634
4708 4635
4709 4636
4710 4637
4711 4638
4712 4639
4713 4640
4714 4641
4715 4642
4716 4643
4717 4644
4718 4645
4719 4646
4720 4647
4721 4648
4722 4649
4723 4650
4724 4651
4725 4652
4726 4653
4727 4654
4728 4655
4729 4656
4730 4657
4731 4658
4732 4659
4733 4660
4734 4661
4735 4662
4736 4663
4737 4664
4738 4665
4739 4666
4740 4667
4741 4668
4742 4669
4743 4670
4744 4671
4745 4672
4746 4673
4747 4674
4748 4675
4749 4676
4750 4677
4751 4678
4752 4679
4753 4680
4754 4681
4755 4682
4756 4683
4757 4684
4758 4685
4759 4686
4760 4687
4761 4688
4762 4689
4763 4690
4764 4691
4765 4692
4766 4693
4767 4694
4768 4695
4769 4696
4770 4697
4771 4698
4772 4699
4773 4700
4774 4701
4775 4702
4776 4703
4777 4704
4778 4705
4779 4706
4780 4707
4781 4708
4782 4709
4783 4710
4784 4711
4785 4712
4786 4713
4787 4714
4788 4715
4789 4716
4790 4717
4791 4718
4792 4719
4793 4720
4794 4721
4795 4722
4796 4723
4797 4724
4798 4725
4799 4726
4800 4727
4801 4728
4802 4729
4803 4730
4804 4731
4805 4732
4806 4733
4807 4734
4808 4735
4809 4736
4810 4737
4811 4738
4812 4739
4813 4740
4814 4741
4815 4742
4816 4743
4817 4744
4818 4745
4819 4746
4820 4747
4821 4748
4822 4749
4823 4750
4824 4751
4825 4752
4826 4753
4827 4754
4828 4755
4829 4756
4830 4757
4831 4758
4832 4759
4833 4760
4834 4761
4835 4762
4836 4763
4837 4764
4838 4765
4839 4766
4840 4767
4841 4768
4842 4769
4843 4770
4844 4771
4845 4772
4846 4773
4847 4774
4848 4775
4849 4776
4850 4777
4851 4778
4852 4779
4853 4780
4854 4781
4855 4782
4856 4783
4857 4784
4858 4785
4859 4786
4860 4787
4861 4788
4862 4789
4863 4790
4864 4791
4865 4792
4866 4793
4867 4794
4868 4795
4869 3712
4870 4796
4871 4797
4872 4798
4873 4799
4874 4800
4875 4801
4876 4802
4877 4803
4878 4804
4879 4805
4880 4806
4881 4807
4882 4808
4883 4809
4884 4810
4885 4811
4886 4812
4887 4813
4888 4814
4889 4815
4890 4816
4891 4817
4892 4818
4893 4819
4894 4820
4895 4821
4896 4822
4897 4823
4898 4824
4899 4825
4900 4826
4901 4827
4902 4828
4903 4829
4904 4830
4905 4831
4906 4832
4907 4833
4908 4834
4909 4835
4910 4836
4911 4837
4912 4838
4913 4839
4914 4840
4915 4841
4916 4842
4917 4843
4918 4844
4919 4845
4920 4846
4921 4847
4922 4848
4923 4849
4924 4850
4925 4851
4926 4852
4927 4853
4928 4854
4929 4855
4930 4856
4931 4857
4932 4858
4933 4859
4934 4860
4935 4861
4936 4862
4937 4863
4938 3712
4939 4864
4940 4865
4941 4866
4942 4867
4943 3712
4944 4868
4945 4869
4946 4870
4947 4871
4948 4872
4949 4873
4950 4874
4951 4875
4952 4876
4953 4877
4954 4878
4955 4879
4956 4880
4957 4881
4958 4882
4959 4883
4960 4884
4961 4885
4962 4886
4963 4887
4964 4888
4965 4889
4966 4890
4967 4891
4968 4892
4969 4893
4970 4894
4971 4895
4972 4896
4973 4897
4974 4898
4975 4899
4976 4900
4977 4901
4978 4902
4979 4903
4980 4904
4981 4905
4982 3712
4983 4906
4984 4907
4985 4908
4986 4909
4987 4910
4988 4911
4989 4912
4990 4913
4991 4914
4992 4915
4993 3712
4994 4916
4995 4917
4996 4918
4997 4919
4998 4920
4999 4921
5000 4922
5001 4923
5002 4924
5003 4925
5004 4926
5005 4927
5006 4928
5007 4929
5008 4930
5009 4931
5010 4932
5011 4933
5012 4934
5013 4935
5014 4936
5015 4937
5016 4938
5017 4939
5018 4940
5019 4941
5020 4942
5021 4943
5022 4944
5023 4945
5024 4946
5025 4947
5026 4948
5027 4949
5028 4950
5029 4951
5030 4952
5031 4953
5032 4954
5033 4955
5034 4956
5035 4957
5036 4958
5037 4959
5038 4960
5039 4961
5040 4962
5041 4963
5042 4964
5043 4965
5044 4966
5045 4967
5046 4968
5047 4969
5048 4970
5049 4971
5050 4972
5051 4973
5052 4974
5053 4975
5054 4976
5055 4977
5056 4978
5057 4979
5058 4980
5059 4981
5060 4982
5061 4983
5062 4984
5063 4985
5064 4986
5065 4987
5066 4988
5067 4989
5068 4990
5069 4991
5070 4992
5071 4993
5072 4994
5073 4995
5074 4996
5075 4997
5076 4998
5077 4999
5078 5000
5079 5001
5080 5002
5081 5003
5082 5004
5083 5005
5084 5006
5085 5007
5086 5008
5087 5009
5088 5010
5089 3603
5090 5011
5091 5012
5092 5013
5093 5014
5094 5015
5095 5016
5096 5017
5097 5018
5098 5019
5099 5020
5100 5021
5101 5022
5102 5023
5103 5024
5104 5025
5105 5026
5106 5027
5107 5028
5108 5029
5109 5030
5110 5031
5111 5032
5112 5033
5113 5034
5114 5035
5115 5036
5116 5037
5117 5038
5118 5039
5119 5040
5120 5041
5121 5042
5122 5043
5123 5044
5124 5045
5125 5046
5126 5047
5127 5048
5128 5049
5129 5050
5130 5051
5131 5052
5132 5053
5133 5054
5134 5055
5135 5056
5136 5057
5137 5058
5138 5059
5139 5060
5140 5061
5141 5062
5142 5063
5143 5064
5144 5065
5145 5066
5146 5067
5147 5068
5148 5069
5149 5070
5150 5071
5151 5072
5152 5073
5153 5074
5154 5075
5155 5076
5156 5077
5157 5078
5158 5079
5159 5080
5160 5081
5161 5082
5162 5083
5163 5084
5164 5085
5165 5086
5166 5087
5167 5088
5168 5089
5169 5090
5170 5091
5171 5092
5172 5093
5173 5094
5174 5095
5175 5096
5176 5097
5177 5098
5178 5099
5179 5100
5180 5101
5181 5102
5182 5103
5183 5104
5184 5105
5185 4840
5186 5106
5187 5107
5188 5108
5189 5109
5190 5110
5191 5111
5192 5112
5193 5113
5194 5114
5195 5115
5196 5116
5197 5117
5198 5118
5199 5119
5200 5120
5201 5121
5202 5122
5203 5123
5204 5124
5205 5125
5206 5126
5207 5127
5208 5128
5209 5129
5210 5130
5211 5131
5212 5132
5213 5133
5214 5134
5215 5135
5216 5136
5217 5137
5218 5138
5219 5139
5220 5140
5221 5141
5222 5142
5223 5143
5224 5144
5225 3712
