0 0
1 1
2 2
3 3
4 4
5 5
6 6
7 7
8 8
9 9
10 10
11 11
12 12
13 13
14 14
15 15
16 16
17 17
18 18
19 19
20 20
21 21
22 22
23 23
24 24
25 25
26 26
27 27
28 28
29 29
30 30
31 31
32 32
33 33
34 34
35 35
36 36
37 37
38 38
39 39
40 40
41 41
42 42
43 43
44 44
45 45
46 46
47 47
48 48
49 7
50 1499
51 49
52 50
53 51
54 52
55 53
56 54
57 55
58 56
59 57
60 58
61 59
62 60
63 2186
64 61
65 62
66 63
67 64
68 65
69 66
70 67
71 68
72 69
73 70
74 71
75 72
76 73
77 74
78 75
79 76
80 77
81 3065
82 78
83 79
84 80
85 81
86 82
87 83
88 84
89 85
90 86
91 87
92 88
93 89
94 90
95 91
96 92
97 93
98 94
99 95
100 96
101 97
102 1301
103 98
104 99
105 100
106 101
107 102
108 103
109 104
110 105
111 106
112 107
113 108
114 109
115 110
116 111
117 112
118 113
119 4128
120 114
121 115
122 116
123 117
124 118
125 119
126 120
127 121
128 122
129 123
130 124
131 125
132 126
133 127
134 128
135 129
136 130
137 131
138 132
139 133
140 134
141 135
142 136
143 137
144 138
145 139
146 140
147 141
148 142
149 143
150 144
151 145
152 146
153 147
154 148
155 149
156 150
157 151
158 152
159 153
160 154
161 155
162 156
163 157
164 7
165 158
166 159
167 160
168 161
169 162
170 163
171 164
172 165
173 166
174 167
175 168
176 169
177 170
178 171
179 4128
180 172
181 173
182 174
183 175
184 176
185 177
186 178
187 179
188 180
189 181
190 182
191 183
192 184
193 185
194 186
195 187
196 188
197 189
198 190
199 191
200 192
201 193
202 194
203 195
204 196
205 197
206 198
207 199
208 200
209 201
210 202
211 203
212 204
213 205
214 206
215 207
216 208
217 209
218 210
219 211
220 212
221 213
222 214
223 215
224 216
225 4128
226 217
227 218
228 219
229 220
230 221
231 222
232 223
233 224
234 225
235 226
236 2914
237 227
238 228
239 229
240 230
241 4128
242 231
243 232
244 233
245 234
246 235
247 236
248 237
249 238
250 239
251 240
252 241
253 242
254 243
255 244
256 245
257 246
258 247
259 248
260 249
261 250
262 251
263 252
264 253
265 254
266 255
267 256
268 257
269 258
270 259
271 260
272 4128
273 261
274 262
275 263
276 264
277 265
278 266
279 267
280 268
281 269
282 270
283 271
284 272
285 273
286 274
287 275
288 276
289 277
290 278
291 279
292 280
293 281
294 282
295 283
296 284
297 285
298 286
299 287
300 4128
301 288
302 289
303 290
304 291
305 292
306 293
307 294
308 295
309 296
310 297
311 298
312 299
313 300
314 301
315 302
316 303
317 304
318 3903
319 305
320 306
321 307
322 308
323 309
324 310
325 311
326 312
327 313
328 314
329 315
330 316
331 317
332 318
333 319
334 320
335 321
336 322
337 323
338 4128
339 324
340 325
341 326
342 327
343 328
344 329
345 330
346 331
347 1301
348 332
349 333
350 7
351 334
352 335
353 336
354 337
355 338
356 339
357 340
358 341
359 342
360 343
361 3471
362 344
363 4128
364 345
365 346
366 347
367 348
368 349
369 350
370 351
371 352
372 353
373 354
374 355
375 356
376 357
377 358
378 359
379 4128
380 360
381 361
382 3471
383 362
384 363
385 364
386 365
387 366
388 1301
389 367
390 4128
391 368
392 369
393 370
394 371
395 372
396 373
397 374
398 3471
399 375
400 376
401 377
402 378
403 1410
404 379
405 380
406 381
407 382
408 383
409 384
410 385
411 386
412 4128
413 387
414 388
415 389
416 390
417 391
418 392
419 393
420 394
421 395
422 396
423 397
424 398
425 4128
426 399
427 400
428 401
429 402
430 403
431 404
432 405
433 406
434 407
435 408
436 409
437 410
438 411
439 412
440 413
441 414
442 415
443 416
444 417
445 418
446 7
447 419
448 420
449 421
450 422
451 423
452 424
453 425
454 426
455 3065
456 427
457 428
458 429
459 430
460 431
461 432
462 433
463 434
464 435
465 436
466 437
467 438
468 439
469 440
470 441
471 442
472 443
473 444
474 445
475 446
476 447
477 448
478 449
479 450
480 451
481 452
482 453
483 454
484 455
485 456
486 457
487 458
488 459
489 460
490 461
491 462
492 463
493 464
494 465
495 466
496 467
497 4128
498 468
499 469
500 470
501 471
502 472
503 473
504 474
505 475
506 476
507 477
508 478
509 479
510 480
511 481
512 482
513 483
514 484
515 1301
516 485
517 486
518 487
519 488
520 489
521 490
522 491
523 492
524 493
525 494
526 495
527 496
528 497
529 498
530 499
531 500
532 501
533 502
534 503
535 504
536 505
537 506
538 507
539 508
540 509
541 510
542 511
543 512
544 513
545 514
546 515
547 516
548 517
549 518
550 519
551 520
552 521
553 522
554 523
555 524
556 525
557 526
558 527
559 528
560 529
561 530
562 531
563 532
564 7
565 533
566 534
567 4128
568 535
569 536
570 537
571 538
572 539
573 540
574 541
575 542
576 543
577 544
578 545
579 546
580 3065
581 547
582 548
583 549
584 550
585 551
586 552
587 4128
588 554
589 555
590 556
591 557
592 558
593 559
594 560
595 561
596 4128
597 562
598 563
599 564
600 565
601 566
602 567
603 568
604 569
605 570
606 4128
607 571
608 572
609 573
610 574
611 575
612 576
613 7
614 7
615 577
616 578
617 579
618 580
619 581
620 582
621 583
622 584
623 585
624 586
625 587
626 588
627 589
628 590
629 591
630 592
631 593
632 594
633 4128
634 595
635 596
636 597
637 598
638 599
639 600
640 601
641 602
642 603
643 604
644 605
645 606
646 607
647 608
648 609
649 610
650 611
651 612
652 613
653 614
654 615
655 616
656 617
657 618
658 619
659 620
660 621
661 622
662 623
663 624
664 625
665 626
666 627
667 628
668 629
669 630
670 631
671 632
672 633
673 634
674 635
675 636
676 637
677 638
678 639
679 640
680 641
681 642
682 643
683 644
684 645
685 646
686 647
687 648
688 649
689 650
690 651
691 652
692 653
693 654
694 655
695 656
696 657
697 658
698 659
699 660
700 661
701 662
702 663
703 664
704 665
705 666
706 667
707 668
708 669
709 670
710 671
711 672
712 673
713 3065
714 674
715 675
716 676
717 677
718 678
719 679
720 680
721 681
722 682
723 683
724 684
725 685
726 686
727 687
728 688
729 689
730 690
731 691
732 692
733 693
734 694
735 695
736 696
737 697
738 698
739 699
740 700
741 701
742 702
743 703
744 1499
745 1499
746 704
747 705
748 706
749 707
750 708
751 709
752 710
753 711
754 712
755 713
756 714
757 715
758 716
759 717
760 718
761 719
762 720
763 721
764 722
765 723
766 724
767 725
768 726
769 727
770 728
771 729
772 730
773 731
774 732
775 733
776 734
777 735
778 736
779 737
780 738
781 739
782 740
783 741
784 742
785 743
786 744
787 745
788 746
789 747
790 7
791 748
792 749
793 750
794 751
795 752
796 753
797 754
798 755
799 756
800 757
801 758
802 759
803 760
804 761
805 762
806 763
807 764
808 765
809 766
810 767
811 768
812 7
813 769
814 770
815 771
816 772
817 773
818 774
819 775
820 776
821 777
822 778
823 779
824 780
825 781
826 782
827 783
828 784
829 785
830 786
831 787
832 788
833 789
834 790
835 791
836 792
837 793
838 794
839 795
840 796
841 797
842 798
843 799
844 800
845 801
846 802
847 803
848 804
849 805
850 806
851 807
852 808
853 809
854 810
855 811
856 812
857 813
858 814
859 815
860 816
861 817
862 818
863 819
864 820
865 821
866 822
867 823
868 824
869 825
870 826
871 827
872 828
873 829
874 830
875 831
876 832
877 833
878 834
879 835
880 836
881 837
882 838
883 839
884 4128
885 840
886 841
887 842
888 843
889 844
890 845
891 846
892 847
893 848
894 849
895 850
896 851
897 852
898 853
899 854
900 855
901 856
902 857
903 858
904 859
905 860
906 861
907 862
908 863
909 864
910 865
911 866
912 867
913 868
914 869
915 870
916 871
917 872
918 873
919 874
920 1410
921 875
922 4128
923 876
924 877
925 878
926 879
927 880
928 881
929 882
930 883
931 884
932 885
933 886
934 1499
935 887
936 888
937 889
938 890
939 1301
940 891
941 892
942 893
943 894
944 895
945 896
946 897
947 898
948 899
949 900
950 901
951 902
952 903
953 904
954 7
955 905
956 906
957 907
958 908
959 909
960 910
961 911
962 912
963 913
964 7
965 914
966 915
967 916
968 917
969 918
970 919
971 920
972 921
973 922
974 923
975 924
976 925
977 926
978 927
979 928
980 929
981 930
982 931
983 932
984 933
985 934
986 1499
987 935
988 1301
989 936
990 937
991 938
992 939
993 940
994 941
995 942
996 943
997 944
998 945
999 946
1000 947
1001 948
1002 949
1003 950
1004 951
1005 952
1006 953
1007 954
1008 3471
1009 955
1010 956
1011 957
1012 958
1013 959
1014 960
1015 961
1016 962
1017 963
1018 964
1019 965
1020 966
1021 967
1022 968
1023 969
1024 970
1025 971
1026 972
1027 973
1028 974
1029 975
1030 976
1031 977
1032 978
1033 979
1034 980
1035 981
1036 982
1037 983
1038 984
1039 985
1040 986
1041 1499
1042 987
1043 988
1044 2914
1045 989
1046 990
1047 991
1048 992
1049 993
1050 994
1051 995
1052 996
1053 997
1054 998
1055 999
1056 1000
1057 1001
1058 1499
1059 1002
1060 1003
1061 1004
1062 1005
1063 1006
1064 1007
1065 1008
1066 1009
1067 1010
1068 1011
1069 1012
1070 1013
1071 1014
1072 4128
1073 1015
1074 1016
1075 1017
1076 1018
1077 1019
1078 1020
1079 1021
1080 1301
1081 1022
1082 1023
1083 1024
1084 1025
1085 1026
1086 1027
1087 4128
1088 1028
1089 1029
1090 1030
1091 1031
1092 1032
1093 1033
1094 1034
1095 1035
1096 1036
1097 1037
1098 1038
1099 1039
1100 1040
1101 1041
1102 1042
1103 1043
1104 1044
1105 1045
1106 1046
1107 1047
1108 1048
1109 1049
1110 1050
1111 1051
1112 1052
1113 1053
1114 1054
1115 1055
1116 1056
1117 1057
1118 1058
1119 1059
1120 1060
1121 1061
1122 1062
1123 1063
1124 1064
1125 1065
1126 1066
1127 1067
1128 1068
1129 1069
1130 1499
1131 1070
1132 1071
1133 1072
1134 1073
1135 7
1136 1074
1137 1075
1138 1076
1139 1077
1140 1078
1141 1079
1142 3065
1143 1080
1144 1081
1145 1082
1146 1083
1147 1084
1148 1085
1149 1086
1150 1087
1151 1088
1152 1089
1153 1090
1154 1091
1155 1092
1156 1093
1157 1094
1158 1095
1159 1096
1160 1097
1161 1098
1162 1099
1163 1100
1164 1101
1165 1102
1166 1103
1167 1104
1168 1105
1169 1106
1170 1107
1171 1108
1172 1109
1173 1499
1174 1110
1175 1111
1176 1112
1177 1113
1178 1114
1179 1115
1180 1116
1181 1117
1182 1118
1183 1119
1184 1120
1185 4128
1186 1121
1187 1122
1188 1123
1189 1124
1190 1125
1191 1126
1192 1127
1193 1128
1194 1129
1195 1130
1196 1131
1197 1132
1198 1133
1199 1134
1200 1135
1201 1136
1202 1137
1203 1138
1204 1139
1205 1140
1206 1141
1207 1142
1208 1143
1209 1144
1210 1145
1211 1146
1212 1147
1213 1148
1214 1149
1215 1150
1216 1151
1217 1152
1218 1153
1219 1154
1220 1155
1221 1156
1222 1157
1223 1158
1224 1159
1225 1160
1226 1161
1227 1162
1228 1163
1229 1164
1230 1165
1231 1166
1232 1167
1233 1168
1234 1169
1235 4128
1236 1170
1237 1171
1238 1172
1239 1173
1240 7
1241 1174
1242 1175
1243 1176
1244 1177
1245 1178
1246 1179
1247 1180
1248 1181
1249 1182
1250 1183
1251 1184
1252 1185
1253 1186
1254 1187
1255 1188
1256 1189
1257 1190
1258 1191
1259 1192
1260 1193
1261 1194
1262 1195
1263 1196
1264 1197
1265 1198
1266 1199
1267 2186
1268 1200
1269 1201
1270 1202
1271 1203
1272 1204
1273 1205
1274 1206
1275 1207
1276 1208
1277 1209
1278 1301
1279 1210
1280 1211
1281 1212
1282 1213
1283 1214
1284 3065
1285 1215
1286 1301
1287 1216
1288 1217
1289 1218
1290 1219
1291 1220
1292 1221
1293 1222
1294 1223
1295 1224
1296 1225
1297 1226
1298 1227
1299 1228
1300 1229
1301 1230
1302 1231
1303 1232
1304 1233
1305 1234
1306 1235
1307 1236
1308 1237
1309 1238
1310 1239
1311 1301
1312 1240
1313 1241
1314 1242
1315 1243
1316 1244
1317 1245
1318 4128
1319 1246
1320 1247
1321 1248
1322 1249
1323 1250
1324 1251
1325 1252
1326 1253
1327 1254
1328 1255
1329 1256
1330 1257
1331 1258
1332 1259
1333 1260
1334 1261
1335 1262
1336 1263
1337 1264
1338 1265
1339 1266
1340 1267
1341 1268
1342 1269
1343 1270
1344 1271
1345 1272
1346 1273
1347 1274
1348 1275
1349 1276
1350 1277
1351 1278
1352 1279
1353 1280
1354 1281
1355 1282
1356 1283
1357 1284
1358 1285
1359 1499
1360 1286
1361 1287
1362 1288
1363 1289
1364 1290
1365 2914
1366 1291
1367 1292
1368 1293
1369 1294
1370 1295
1371 1296
1372 1297
1373 1298
1374 1718
1375 1299
1376 1300
1377 4128
1378 1302
1379 1303
1380 1304
1381 1305
1382 1306
1383 1307
1384 1308
1385 1309
1386 3065
1387 1310
1388 1311
1389 1312
1390 1313
1391 1314
1392 1315
1393 1316
1394 1317
1395 1318
1396 1319
1397 1320
1398 1321
1399 1322
1400 1323
1401 1324
1402 1325
1403 1326
1404 1327
1405 1328
1406 1329
1407 1330
1408 1331
1409 1332
1410 1333
1411 1334
1412 1335
1413 1336
1414 1337
1415 1338
1416 1339
1417 1340
1418 1341
1419 7
1420 1342
1421 1343
1422 1344
1423 1345
1424 1346
1425 1347
1426 1348
1427 1349
1428 1350
1429 1351
1430 1352
1431 1353
1432 1354
1433 1355
1434 1356
1435 1357
1436 1358
1437 1359
1438 1360
1439 1361
1440 1362
1441 1363
1442 1364
1443 1365
1444 1366
1445 1367
1446 1368
1447 1369
1448 1370
1449 1371
1450 1372
1451 1373
1452 1374
1453 1375
1454 1376
1455 1377
1456 1378
1457 1379
1458 1380
1459 1381
1460 1382
1461 1383
1462 1384
1463 1385
1464 1386
1465 1387
1466 1388
1467 1389
1468 1390
1469 1391
1470 1392
1471 1393
1472 1394
1473 1395
1474 1396
1475 1397
1476 1398
1477 1399
1478 1400
1479 1401
1480 1402
1481 1403
1482 1404
1483 1405
1484 1406
1485 1407
1486 1408
1487 1409
1488 1410
1489 1411
1490 1412
1491 1413
1492 1414
1493 1415
1494 1416
1495 1417
1496 1418
1497 1419
1498 1420
1499 1421
1500 1422
1501 1423
1502 1424
1503 1425
1504 1426
1505 1427
1506 1428
1507 1429
1508 1430
1509 1431
1510 1432
1511 1433
1512 1434
1513 1435
1514 1436
1515 1437
1516 1438
1517 1439
1518 1440
1519 1441
1520 1442
1521 1443
1522 1444
1523 1445
1524 1446
1525 1447
1526 1448
1527 1449
1528 1450
1529 1451
1530 1452
1531 1453
1532 1454
1533 1455
1534 1456
1535 1457
1536 1458
1537 3065
1538 1459
1539 3065
1540 1460
1541 3065
1542 1461
1543 1462
1544 1463
1545 1464
1546 1465
1547 1301
1548 1466
1549 1467
1550 1468
1551 1469
1552 1470
1553 1471
1554 1472
1555 1473
1556 1474
1557 1475
1558 1476
1559 3065
1560 4128
1561 1477
1562 1478
1563 1479
1564 1480
1565 1481
1566 1482
1567 1483
1568 1484
1569 1485
1570 1486
1571 1487
1572 1488
1573 1499
1574 1489
1575 1490
1576 1491
1577 1492
1578 1493
1579 1494
1580 1495
1581 1496
1582 1497
1583 1498
1584 1499
1585 1500
1586 1501
1587 1502
1588 1503
1589 1504
1590 1505
1591 1506
1592 1507
1593 1508
1594 1509
1595 1510
1596 1511
1597 1512
1598 1513
1599 7
1600 1514
1601 1515
1602 1516
1603 1517
1604 1518
1605 1519
1606 1520
1607 1521
1608 1522
1609 7
1610 1523
1611 4128
1612 1524
1613 1525
1614 1526
1615 1527
1616 1528
1617 1529
1618 1530
1619 1531
1620 1532
1621 1533
1622 1534
1623 1535
1624 1536
1625 1537
1626 1538
1627 1539
1628 1540
1629 1541
1630 1542
1631 1543
1632 1544
1633 1545
1634 1546
1635 1547
1636 1548
1637 1549
1638 1550
1639 1551
1640 1552
1641 1553
1642 1554
1643 1555
1644 7
1645 1556
1646 1557
1647 1558
1648 1559
1649 1560
1650 1561
1651 1562
1652 1563
1653 1564
1654 1565
1655 1566
1656 1567
1657 1568
1658 1569
1659 1570
1660 1571
1661 1572
1662 1573
1663 1301
1664 1574
1665 7
1666 1575
1667 1576
1668 1577
1669 1578
1670 1579
1671 1580
1672 1581
1673 1582
1674 1583
1675 1584
1676 1585
1677 1586
1678 1587
1679 7
1680 1588
1681 1589
1682 1590
1683 1591
1684 1592
1685 1593
1686 1594
1687 1595
1688 1596
1689 1597
1690 1598
1691 1599
1692 1600
1693 1601
1694 1602
1695 1603
1696 1604
1697 1605
1698 1606
1699 1607
1700 1608
1701 1609
1702 1610
1703 1611
1704 1612
1705 1613
1706 1614
1707 1615
1708 1616
1709 1617
1710 1618
1711 1619
1712 1620
1713 1621
1714 1622
1715 1623
1716 1624
1717 1625
1718 1626
1719 1627
1720 1628
1721 1629
1722 1630
1723 1631
1724 1632
1725 1633
1726 1634
1727 1635
1728 1636
1729 1637
1730 1638
1731 1639
1732 1640
1733 1641
1734 1642
1735 1643
1736 1644
1737 1645
1738 1646
1739 1647
1740 1648
1741 1649
1742 1650
1743 1651
1744 1652
1745 1653
1746 1654
1747 1655
1748 1656
1749 3065
1750 1657
1751 1658
1752 1659
1753 1660
1754 1661
1755 1662
1756 1663
1757 1664
1758 1665
1759 1666
1760 1667
1761 1668
1762 1669
1763 1670
1764 1671
1765 1672
1766 1673
1767 1674
1768 1675
1769 1676
1770 1677
1771 1678
1772 1679
1773 1680
1774 1681
1775 1682
1776 1683
1777 1684
1778 1685
1779 1686
1780 1687
1781 2914
1782 1688
1783 1689
1784 1690
1785 1691
1786 1692
1787 1693
1788 1694
1789 1695
1790 1696
1791 7
1792 1697
1793 1698
1794 1699
1795 1700
1796 1701
1797 1702
1798 1703
1799 3471
1800 1704
1801 1705
1802 1706
1803 3471
1804 1707
1805 1708
1806 1709
1807 1710
1808 3065
1809 1711
1810 1712
1811 1713
1812 1714
1813 1715
1814 1716
1815 1717
1816 1718
1817 1719
1818 1720
1819 1721
1820 1722
1821 1723
1822 1724
1823 1725
1824 1726
1825 1727
1826 1728
1827 1729
1828 1730
1829 1731
1830 1732
1831 1733
1832 1734
1833 1735
1834 1736
1835 1737
1836 1738
1837 1739
1838 1740
1839 1741
1840 1742
1841 1743
1842 1744
1843 1745
1844 1746
1845 1747
1846 1748
1847 1749
1848 1750
1849 1751
1850 1752
1851 1753
1852 1754
1853 1755
1854 1756
1855 1757
1856 1758
1857 7
1858 1759
1859 1760
1860 1761
1861 1410
1862 1762
1863 1763
1864 1764
1865 1765
1866 1766
1867 1767
1868 1768
1869 1769
1870 1770
1871 1771
1872 1772
1873 1773
1874 1499
1875 1774
1876 1775
1877 1776
1878 1777
1879 1778
1880 1779
1881 3065
1882 1780
1883 1781
1884 1782
1885 1783
1886 1784
1887 1785
1888 1410
1889 1786
1890 3065
1891 1787
1892 1788
1893 1789
1894 1790
1895 1791
1896 1792
1897 1793
1898 1794
1899 1795
1900 1796
1901 1797
1902 1798
1903 4128
1904 1799
1905 1800
1906 1801
1907 1802
1908 1803
1909 1804
1910 1805
1911 1806
1912 1807
1913 1808
1914 1809
1915 1810
1916 1811
1917 1812
1918 1813
1919 1814
1920 1815
1921 1816
1922 1817
1923 1818
1924 1819
1925 1820
1926 1821
1927 1822
1928 1823
1929 1824
1930 1825
1931 1826
1932 1827
1933 1828
1934 1829
1935 1830
1936 1831
1937 1832
1938 1833
1939 1834
1940 1835
1941 1836
1942 1837
1943 1838
1944 1839
1945 1840
1946 1841
1947 1842
1948 1843
1949 1844
1950 1845
1951 1846
1952 1847
1953 1848
1954 3471
1955 1849
1956 1850
1957 1851
1958 1852
1959 1853
1960 1854
1961 1855
1962 1856
1963 1857
1964 1858
1965 1859
1966 1860
1967 1861
1968 1862
1969 4128
1970 1863
1971 1864
1972 1865
1973 1866
1974 1867
1975 1868
1976 1869
1977 1870
1978 1871
1979 1872
1980 1873
1981 1874
1982 1875
1983 7
1984 4128
1985 1876
1986 1877
1987 1878
1988 1879
1989 1880
1990 1881
1991 1882
1992 1883
1993 1884
1994 1885
1995 1886
1996 1887
1997 1888
1998 1889
1999 1890
2000 1891
2001 1892
2002 1893
2003 1894
2004 1895
2005 1896
2006 1897
2007 1898
2008 1899
2009 1900
2010 1901
2011 1902
2012 1903
2013 1904
2014 1905
2015 1906
2016 1499
2017 4128
2018 1907
2019 1908
2020 1909
2021 1910
2022 4128
2023 1911
2024 1912
2025 1913
2026 1914
2027 1915
2028 1916
2029 1917
2030 1918
2031 1919
2032 1920
2033 1921
2034 1922
2035 1923
2036 1924
2037 1925
2038 1926
2039 1927
2040 1928
2041 1929
2042 1930
2043 4128
2044 1931
2045 1932
2046 1933
2047 1934
2048 1935
2049 1936
2050 1937
2051 1938
2052 1939
2053 1940
2054 1941
2055 1942
2056 1943
2057 1944
2058 1945
2059 1946
2060 1947
2061 1948
2062 1949
2063 1950
2064 1951
2065 1952
2066 1953
2067 1954
2068 1955
2069 1956
2070 4128
2071 1957
2072 1958
2073 1959
2074 1960
2075 1961
2076 1962
2077 1963
2078 1964
2079 1965
2080 1966
2081 1967
2082 1968
2083 1969
2084 1970
2085 1971
2086 1972
2087 1973
2088 1974
2089 1975
2090 1976
2091 7
2092 1977
2093 1978
2094 1979
2095 1980
2096 1981
2097 1982
2098 1983
2099 1984
2100 1985
2101 1986
2102 1987
2103 1988
2104 1989
2105 1990
2106 1991
2107 1992
2108 7
2109 1993
2110 1994
2111 1995
2112 1996
2113 1997
2114 1998
2115 1999
2116 2000
2117 2001
2118 2002
2119 2003
2120 2004
2121 2005
2122 2006
2123 2007
2124 2008
2125 2009
2126 2010
2127 2011
2128 2012
2129 2013
2130 2014
2131 3471
2132 2015
2133 2016
2134 2017
2135 3065
2136 2018
2137 2019
2138 2020
2139 2021
2140 2022
2141 1410
2142 2023
2143 2024
2144 2025
2145 2026
2146 2027
2147 2028
2148 2029
2149 2030
2150 2031
2151 2032
2152 2033
2153 2034
2154 2035
2155 2036
2156 2037
2157 2038
2158 2039
2159 2040
2160 2041
2161 2042
2162 2043
2163 2044
2164 2045
2165 2046
2166 2047
2167 2048
2168 2049
2169 2050
2170 2051
2171 2052
2172 2053
2173 2054
2174 2055
2175 2056
2176 2057
2177 2058
2178 2059
2179 2060
2180 2061
2181 2062
2182 2063
2183 2064
2184 2065
2185 2066
2186 2067
2187 2068
2188 2069
2189 2070
2190 2071
2191 2072
2192 2073
2193 2074
2194 2075
2195 2076
2196 3471
2197 7
2198 2077
2199 2078
2200 2079
2201 2080
2202 2081
2203 2082
2204 2083
2205 2084
2206 2085
2207 2086
2208 2087
2209 2088
2210 2089
2211 3471
2212 2090
2213 2091
2214 2092
2215 2093
2216 2094
2217 2095
2218 2096
2219 2097
2220 2098
2221 2099
2222 2100
2223 2101
2224 2102
2225 2103
2226 2104
2227 2105
2228 2106
2229 2107
2230 2108
2231 2109
2232 2110
2233 2111
2234 4128
2235 2112
2236 2113
2237 2114
2238 2115
2239 2116
2240 1499
2241 2117
2242 3065
2243 2118
2244 2119
2245 2120
2246 2121
2247 1499
2248 2122
2249 2123
2250 2124
2251 2125
2252 2126
2253 2127
2254 2128
2255 2129
2256 2130
2257 2131
2258 2132
2259 2133
2260 4128
2261 2134
2262 2135
2263 2136
2264 2137
2265 2138
2266 2139
2267 2140
2268 2141
2269 2142
2270 2143
2271 2144
2272 2145
2273 2146
2274 2147
2275 4128
2276 2148
2277 2149
2278 2150
2279 2151
2280 4128
2281 2152
2282 2153
2283 2154
2284 2155
2285 2156
2286 2157
2287 2158
2288 2159
2289 2160
2290 2161
2291 7
2292 2162
2293 2163
2294 2164
2295 2165
2296 2166
2297 2167
2298 2168
2299 2169
2300 2170
2301 2171
2302 2172
2303 2173
2304 2174
2305 3065
2306 2175
2307 2176
2308 2177
2309 2178
2310 4128
2311 2179
2312 2180
2313 2181
2314 2182
2315 2183
2316 2184
2317 2185
2318 2186
2319 4128
2320 2187
2321 2188
2322 2189
2323 2190
2324 2191
2325 2192
2326 2193
2327 2194
2328 2195
2329 2196
2330 2197
2331 2198
2332 2199
2333 2200
2334 2201
2335 2202
2336 2203
2337 2204
2338 2205
2339 2206
2340 2207
2341 2208
2342 2209
2343 2210
2344 2211
2345 2212
2346 2213
2347 2214
2348 2215
2349 2216
2350 2217
2351 2218
2352 2219
2353 2220
2354 2221
2355 2222
2356 2223
2357 2224
2358 2225
2359 2226
2360 2227
2361 2228
2362 2229
2363 2230
2364 2231
2365 2232
2366 2233
2367 2234
2368 2235
2369 7
2370 2236
2371 2237
2372 2238
2373 2239
2374 2240
2375 2241
2376 2242
2377 2243
2378 2244
2379 2245
2380 2246
2381 2247
2382 2248
2383 2249
2384 2250
2385 2251
2386 2252
2387 2253
2388 2254
2389 2255
2390 2256
2391 7
2392 2257
2393 2258
2394 2259
2395 2260
2396 2261
2397 2914
2398 2262
2399 2263
2400 2264
2401 2265
2402 2266
2403 2267
2404 2268
2405 2269
2406 2270
2407 2271
2408 2272
2409 2273
2410 2274
2411 2275
2412 2276
2413 2277
2414 2278
2415 2279
2416 2280
2417 1499
2418 2281
2419 4128
2420 2282
2421 2283
2422 2284
2423 2285
2424 2286
2425 2287
2426 1499
2427 2288
2428 2289
2429 2290
2430 2291
2431 2292
2432 2293
2433 2294
2434 2295
2435 2296
2436 2297
2437 2298
2438 2299
2439 2300
2440 2301
2441 2302
2442 2303
2443 2304
2444 2305
2445 3065
2446 2306
2447 2307
2448 2308
2449 2309
2450 2310
2451 2311
2452 2312
2453 2313
2454 2314
2455 2315
2456 2316
2457 2317
2458 2318
2459 2319
2460 2320
2461 2321
2462 2322
2463 2323
2464 2324
2465 2325
2466 2326
2467 2327
2468 2328
2469 2329
2470 3065
2471 2330
2472 2331
2473 2332
2474 2333
2475 2334
2476 2335
2477 2336
2478 2337
2479 2338
2480 2339
2481 2340
2482 2341
2483 2342
2484 2343
2485 2344
2486 2345
2487 2346
2488 2347
2489 2348
2490 2349
2491 2350
2492 2351
2493 2352
2494 3471
2495 2353
2496 2354
2497 2355
2498 2356
2499 2357
2500 2358
2501 2359
2502 2360
2503 2361
2504 2362
2505 2363
2506 2364
2507 2365
2508 2366
2509 2367
2510 2368
2511 2369
2512 2370
2513 2371
2514 2372
2515 2373
2516 4128
2517 2374
2518 2375
2519 2376
2520 2377
2521 2378
2522 2379
2523 2380
2524 2381
2525 2382
2526 2383
2527 2384
2528 2385
2529 2386
2530 2387
2531 2388
2532 1499
2533 2389
2534 2390
2535 2391
2536 2392
2537 2393
2538 2394
2539 2395
2540 2396
2541 3065
2542 2397
2543 2398
2544 2399
2545 2400
2546 2401
2547 2402
2548 2403
2549 2404
2550 2405
2551 2406
2552 2407
2553 2408
2554 2409
2555 2410
2556 2411
2557 2412
2558 2413
2559 2414
2560 2415
2561 2416
2562 2417
2563 2418
2564 2419
2565 2420
2566 2421
2567 2422
2568 2423
2569 2424
2570 2425
2571 2426
2572 2427
2573 3065
2574 2428
2575 2429
2576 2430
2577 2431
2578 2432
2579 2433
2580 2434
2581 2435
2582 2436
2583 2437
2584 2438
2585 2439
2586 2440
2587 2441
2588 2442
2589 2443
2590 2444
2591 2445
2592 2446
2593 2447
2594 2448
2595 2449
2596 2450
2597 2451
2598 2452
2599 2453
2600 2454
2601 2455
2602 2456
2603 2457
2604 2458
2605 2459
2606 2460
2607 2461
2608 2462
2609 2463
2610 2464
2611 2465
2612 2466
2613 7
2614 2467
2615 2468
2616 2469
2617 2470
2618 2471
2619 2472
2620 2473
2621 2474
2622 2475
2623 2476
2624 2477
2625 2478
2626 2479
2627 2480
2628 2481
2629 2482
2630 2483
2631 2484
2632 2485
2633 2486
2634 2487
2635 3471
2636 2488
2637 2489
2638 2490
2639 2491
2640 2492
2641 2493
2642 2494
2643 2495
2644 2496
2645 2497
2646 2498
2647 2499
2648 2500
2649 2501
2650 2502
2651 2503
2652 2504
2653 2505
2654 2506
2655 2507
2656 2508
2657 2509
2658 2510
2659 2511
2660 2512
2661 2513
2662 2514
2663 2515
2664 2516
2665 2517
2666 2518
2667 2519
2668 2520
2669 2521
2670 2522
2671 2523
2672 2524
2673 2525
2674 2526
2675 2527
2676 2528
2677 2529
2678 2530
2679 2531
2680 2532
2681 2533
2682 2534
2683 2535
2684 2536
2685 2537
2686 2538
2687 2539
2688 2540
2689 2541
2690 2542
2691 2543
2692 2544
2693 2545
2694 2546
2695 2547
2696 2548
2697 2549
2698 2550
2699 2551
2700 2552
2701 2553
2702 2554
2703 2555
2704 2556
2705 2557
2706 2558
2707 2559
2708 2560
2709 2561
2710 2562
2711 2563
2712 2564
2713 2565
2714 2566
2715 3065
2716 2567
2717 2568
2718 2569
2719 2570
2720 2571
2721 2572
2722 2573
2723 2574
2724 2575
2725 2576
2726 2577
2727 2578
2728 2579
2729 2580
2730 2581
2731 2582
2732 2583
2733 2584
2734 2585
2735 2586
2736 2587
2737 2588
2738 2589
2739 2590
2740 2591
2741 2592
2742 2593
2743 2594
2744 2595
2745 2596
2746 2597
2747 2598
2748 2599
2749 2600
2750 2601
2751 2602
2752 2603
2753 4128
2754 2604
2755 2605
2756 2606
2757 2607
2758 2608
2759 2609
2760 2610
2761 4128
2762 2611
2763 2612
2764 2613
2765 2614
2766 2615
2767 2616
2768 2617
2769 2618
2770 2619
2771 2620
2772 2621
2773 2622
2774 2623
2775 2624
2776 2625
2777 2626
2778 2627
2779 2628
2780 2629
2781 2630
2782 2631
2783 2632
2784 2633
2785 2634
2786 2635
2787 2636
2788 2637
2789 2638
2790 2639
2791 2640
2792 2641
2793 2642
2794 2643
2795 2644
2796 2645
2797 2646
2798 2647
2799 2648
2800 2649
2801 2650
2802 2651
2803 2652
2804 2653
2805 2654
2806 2655
2807 2656
2808 2657
2809 2658
2810 2659
2811 2660
2812 2661
2813 2662
2814 2663
2815 2664
2816 2665
2817 2666
2818 2667
2819 2668
2820 2669
2821 2670
2822 2671
2823 3471
2824 2672
2825 4128
2826 2673
2827 2674
2828 2675
2829 2676
2830 2677
2831 4128
2832 2678
2833 2679
2834 2680
2835 2681
2836 2682
2837 2683
2838 2684
2839 2685
2840 2686
2841 2687
2842 2688
2843 2689
2844 2690
2845 2691
2846 2692
2847 2693
2848 2694
2849 2695
2850 2696
2851 2697
2852 7
2853 2698
2854 2699
2855 2700
2856 2701
2857 2702
2858 2703
2859 2704
2860 2705
2861 2706
2862 2707
2863 2708
2864 2709
2865 2710
2866 2711
2867 2712
2868 2713
2869 2714
2870 2715
2871 2716
2872 2717
2873 2718
2874 1499
2875 2719
2876 2720
2877 2721
2878 2722
2879 2723
2880 2724
2881 2725
2882 2726
2883 2727
2884 2728
2885 2729
2886 2730
2887 2731
2888 2732
2889 2733
2890 2734
2891 2735
2892 2736
2893 2737
2894 2738
2895 2739
2896 2740
2897 2741
2898 2742
2899 2743
2900 2744
2901 2745
2902 2746
2903 2747
2904 2748
2905 2749
2906 2750
2907 2751
2908 2752
2909 2753
2910 2754
2911 2755
2912 2756
2913 2757
2914 2758
2915 2759
2916 2760
2917 2761
2918 2762
2919 2763
2920 2764
2921 2765
2922 2766
2923 2767
2924 2768
2925 2769
2926 2770
2927 2771
2928 2772
2929 2773
2930 2774
2931 2775
2932 2776
2933 2777
2934 2778
2935 2779
2936 2780
2937 2781
2938 2782
2939 2783
2940 2784
2941 2785
2942 2786
2943 2787
2944 2788
2945 2789
2946 2790
2947 2791
2948 2792
2949 3065
2950 2793
2951 2794
2952 2795
2953 2796
2954 4128
2955 2797
2956 2798
2957 3065
2958 2799
2959 2800
2960 2801
2961 2802
2962 7
2963 2803
2964 2804
2965 2805
2966 7
2967 2806
2968 2807
2969 2808
2970 2809
2971 2810
2972 2811
2973 2812
2974 2813
2975 2814
2976 2815
2977 2816
2978 2817
2979 2818
2980 2819
2981 2820
2982 2821
2983 2822
2984 2823
2985 2824
2986 2825
2987 2826
2988 2827
2989 2828
2990 2829
2991 2830
2992 2831
2993 2832
2994 2833
2995 2834
2996 2835
2997 2836
2998 2837
2999 2838
3000 2839
3001 2840
3002 2841
3003 2842
3004 2843
3005 2844
3006 2845
3007 2846
3008 1410
3009 2847
3010 2848
3011 2849
3012 2850
3013 2851
3014 2852
3015 2853
3016 2854
3017 2855
3018 2856
3019 2857
3020 2858
3021 2859
3022 2860
3023 2861
3024 2862
3025 2863
3026 2864
3027 2865
3028 2866
3029 2867
3030 2868
3031 2869
3032 2870
3033 2871
3034 2872
3035 2873
3036 3065
3037 2874
3038 2875
3039 2876
3040 2877
3041 2878
3042 2879
3043 2880
3044 2881
3045 2882
3046 2883
3047 2884
3048 2885
3049 2886
3050 2887
3051 2888
3052 2889
3053 2914
3054 2890
3055 2891
3056 2892
3057 2893
3058 2894
3059 2895
3060 2896
3061 2897
3062 2898
3063 2899
3064 2900
3065 2901
3066 2902
3067 2903
3068 2904
3069 2905
3070 2906
3071 2907
3072 2908
3073 2909
3074 2910
3075 4128
3076 2911
3077 2912
3078 2913
3079 1499
3080 2915
3081 2916
3082 4128
3083 2917
3084 2918
3085 2919
3086 2920
3087 4128
3088 2921
3089 4128
3090 2922
3091 2923
3092 2924
3093 2925
3094 2926
3095 2927
3096 2928
3097 2929
3098 2930
3099 2931
3100 2932
3101 2933
3102 2934
3103 2935
3104 2936
3105 2937
3106 2938
3107 2939
3108 2940
3109 2941
3110 2942
3111 2943
3112 2944
3113 2945
3114 2946
3115 2947
3116 2948
3117 2949
3118 2950
3119 2951
3120 2952
3121 2953
3122 2954
3123 2955
3124 2956
3125 2957
3126 2958
3127 2959
3128 2960
3129 2961
3130 2962
3131 2963
3132 2964
3133 2965
3134 2966
3135 1301
3136 2967
3137 2968
3138 2969
3139 2970
3140 2971
3141 7
3142 2972
3143 2973
3144 2974
3145 2975
3146 2976
3147 2977
3148 2978
3149 4128
3150 2979
3151 2980
3152 2981
3153 2982
3154 2983
3155 2984
3156 2985
3157 2986
3158 2987
3159 2988
3160 2989
3161 2990
3162 2991
3163 2992
3164 2993
3165 2994
3166 2995
3167 2996
3168 2997
3169 2998
3170 2999
3171 3000
3172 3001
3173 3002
3174 3003
3175 3004
3176 3005
3177 3006
3178 3007
3179 3008
3180 3009
3181 3010
3182 4128
3183 4128
3184 3011
3185 3012
3186 3013
3187 3014
3188 3015
3189 3016
3190 3017
3191 3018
3192 3019
3193 3020
3194 3021
3195 3022
3196 3023
3197 1499
3198 3024
3199 3025
3200 3026
3201 3027
3202 3028
3203 4128
3204 3029
3205 3030
3206 3031
3207 3032
3208 3033
3209 3034
3210 3035
3211 3036
3212 3037
3213 3038
3214 3039
3215 3040
3216 1410
3217 3041
3218 3042
3219 3043
3220 3044
3221 3045
3222 3046
3223 3047
3224 3065
3225 3048
3226 3049
3227 3050
3228 3051
3229 3052
3230 3053
3231 3054
3232 3055
3233 3056
3234 3057
3235 3058
3236 3059
3237 3060
3238 3061
3239 3062
3240 3065
3241 3063
3242 3064
3243 3065
3244 3066
3245 3067
3246 3068
3247 3069
3248 3070
3249 3071
3250 3072
3251 3073
3252 3074
3253 3075
3254 3076
3255 3077
3256 3078
3257 3079
3258 3080
3259 3081
3260 3082
3261 3083
3262 3084
3263 3085
3264 3086
3265 3087
3266 3088
3267 3089
3268 3090
3269 3091
3270 3092
3271 3093
3272 3094
3273 3095
3274 3096
3275 3097
3276 3098
3277 3099
3278 3100
3279 3101
3280 3102
3281 3103
3282 3104
3283 3105
3284 3106
3285 3107
3286 3108
3287 3109
3288 3110
3289 3111
3290 4128
3291 3112
3292 3113
3293 3114
3294 3115
3295 3116
3296 3117
3297 3118
3298 3119
3299 3120
3300 3121
3301 3122
3302 3123
3303 3124
3304 3125
3305 3126
3306 3127
3307 3128
3308 3129
3309 3471
3310 3130
3311 3131
3312 3132
3313 3065
3314 3133
3315 3134
3316 3135
3317 3136
3318 3137
3319 3138
3320 3139
3321 3140
3322 3141
3323 4128
3324 3142
3325 3143
3326 3144
3327 1499
3328 3145
3329 3471
3330 3146
3331 3147
3332 3148
3333 3149
3334 3150
3335 3151
3336 3152
3337 3153
3338 3154
3339 3155
3340 3156
3341 3157
3342 3158
3343 3159
3344 3160
3345 3161
3346 3162
3347 3163
3348 1301
3349 3164
3350 3165
3351 3166
3352 3167
3353 3168
3354 3169
3355 3170
3356 3171
3357 1499
3358 3172
3359 3173
3360 7
3361 3174
3362 4128
3363 3175
3364 3176
3365 3177
3366 3178
3367 3179
3368 3180
3369 3181
3370 3182
3371 3183
3372 3184
3373 3185
3374 3186
3375 3187
3376 3188
3377 7
3378 3189
3379 3190
3380 3191
3381 3192
3382 3193
3383 3194
3384 3195
3385 3196
3386 3197
3387 3198
3388 3199
3389 3200
3390 3201
3391 3202
3392 3203
3393 3204
3394 3205
3395 3206
3396 3207
3397 3208
3398 3209
3399 3210
3400 3211
3401 3212
3402 3213
3403 3214
3404 3215
3405 3216
3406 3217
3407 3218
3408 3219
3409 3220
3410 3221
3411 3222
3412 3223
3413 4128
3414 3224
3415 3225
3416 3226
3417 3227
3418 3228
3419 3229
3420 1499
3421 3230
3422 3231
3423 3232
3424 3233
3425 3234
3426 3235
3427 3236
3428 3237
3429 3238
3430 3239
3431 3240
3432 3241
3433 3242
3434 3243
3435 3244
3436 3245
3437 3246
3438 3247
3439 3248
3440 3249
3441 3250
3442 3251
3443 3252
3444 3253
3445 3254
3446 3255
3447 3256
3448 7
3449 3257
3450 3258
3451 3259
3452 3260
3453 3261
3454 3262
3455 3263
3456 3264
3457 3265
3458 3266
3459 3267
3460 3268
3461 3269
3462 3065
3463 3270
3464 3271
3465 3272
3466 3273
3467 3274
3468 3275
3469 3276
3470 3277
3471 3278
3472 3279
3473 3280
3474 3281
3475 3282
3476 3283
3477 3284
3478 3285
3479 3286
3480 3287
3481 3288
3482 3289
3483 3290
3484 3291
3485 3292
3486 3293
3487 3294
3488 3295
3489 7
3490 3296
3491 3297
3492 3298
3493 3299
3494 3300
3495 3301
3496 3302
3497 3303
3498 3304
3499 3305
3500 3306
3501 3307
3502 3308
3503 3309
3504 3310
3505 3311
3506 3312
3507 3313
3508 3314
3509 3315
3510 3316
3511 3317
3512 3318
3513 3319
3514 3320
3515 3321
3516 3322
3517 3323
3518 3324
3519 3325
3520 3326
3521 3327
3522 1499
3523 3328
3524 3329
3525 3330
3526 3331
3527 3332
3528 3333
3529 3334
3530 3335
3531 3336
3532 3337
3533 3338
3534 3339
3535 4128
3536 3340
3537 3341
3538 3342
3539 3343
3540 3344
3541 3345
3542 3346
3543 3347
3544 3348
3545 3349
3546 3350
3547 3351
3548 3352
3549 3353
3550 3354
3551 3355
3552 3356
3553 3357
3554 3358
3555 3359
3556 3360
3557 3361
3558 3362
3559 3363
3560 3364
3561 3365
3562 3366
3563 3367
3564 3368
3565 3369
3566 3370
3567 3371
3568 3372
3569 3373
3570 3374
3571 3375
3572 3376
3573 3377
3574 3378
3575 1499
3576 3379
3577 3380
3578 3381
3579 3382
3580 3383
3581 3384
3582 3385
3583 3386
3584 3387
3585 3388
3586 3389
3587 3390
3588 7
3589 3391
3590 3392
3591 3393
3592 3394
3593 3395
3594 3396
3595 3397
3596 3398
3597 3399
3598 3400
3599 3401
3600 3402
3601 3403
3602 3404
3603 3405
3604 3406
3605 3407
3606 3408
3607 3409
3608 3410
3609 3411
3610 3412
3611 3413
3612 3414
3613 4128
3614 3415
3615 3416
3616 3417
3617 3418
3618 4128
3619 3419
3620 3420
3621 3421
3622 3422
3623 3423
3624 3424
3625 3425
3626 3426
3627 3427
3628 3428
3629 3429
3630 3430
3631 3431
3632 3432
3633 3433
3634 3434
3635 3435
3636 3436
3637 3437
3638 3438
3639 3439
3640 3440
3641 3441
3642 3442
3643 3443
3644 7
3645 3444
3646 3445
3647 3446
3648 3447
3649 3448
3650 3449
3651 3450
3652 3451
3653 3452
3654 3453
3655 3454
3656 3455
3657 3456
3658 3457
3659 3458
3660 3459
3661 3460
3662 3461
3663 3462
3664 3463
3665 3464
3666 3465
3667 3466
3668 3467
3669 3468
3670 3469
3671 3470
3672 7
3673 3472
3674 3473
3675 3474
3676 3475
3677 3476
3678 3477
3679 3478
3680 3479
3681 3480
3682 3481
3683 3482
3684 3483
3685 3484
3686 4128
3687 3485
3688 3486
3689 3487
3690 3488
3691 3489
3692 3490
3693 3491
3694 3492
3695 3493
3696 3494
3697 3495
3698 3496
3699 553
3700 3497
3701 3498
3702 3499
3703 3500
3704 3501
3705 3502
3706 3503
3707 3504
3708 3505
3709 3506
3710 3507
3711 3508
3712 3509
3713 3510
3714 3511
3715 3512
3716 3513
3717 3514
3718 3515
3719 3516
3720 3517
3721 3518
3722 3519
3723 3520
3724 3521
3725 3522
3726 3523
3727 3524
3728 3525
3729 3526
3730 3527
3731 3528
3732 3529
3733 3530
3734 3531
3735 3532
3736 3533
3737 3534
3738 3535
3739 3536
3740 3537
3741 3538
3742 3539
3743 3540
3744 3541
3745 3542
3746 3543
3747 3544
3748 3545
3749 3546
3750 3547
3751 3548
3752 3549
3753 3550
3754 3551
3755 3552
3756 3553
3757 3554
3758 3555
3759 3556
3760 3557
3761 3558
3762 3559
3763 3560
3764 3561
3765 3065
3766 3562
3767 3563
3768 3564
3769 3565
3770 3566
3771 3567
3772 1410
3773 3568
3774 3471
3775 3569
3776 3570
3777 3571
3778 3572
3779 3573
3780 3574
3781 3575
3782 3576
3783 3577
3784 3578
3785 3579
3786 3580
3787 3581
3788 3582
3789 2186
3790 3583
3791 3584
3792 3585
3793 3586
3794 3587
3795 3588
3796 3589
3797 3590
3798 3591
3799 3592
3800 3593
3801 3594
3802 3595
3803 3596
3804 3597
3805 3598
3806 3599
3807 3600
3808 3601
3809 3602
3810 3603
3811 3604
3812 3605
3813 3606
3814 3607
3815 3608
3816 3609
3817 3610
3818 3611
3819 3612
3820 3613
3821 3614
3822 3615
3823 3616
3824 3617
3825 4128
3826 3618
3827 3619
3828 3620
3829 3621
3830 3622
3831 1499
3832 3623
3833 3624
3834 3625
3835 3626
3836 3627
3837 3628
3838 3629
3839 3630
3840 3631
3841 3632
3842 3633
3843 3634
3844 3635
3845 3636
3846 3637
3847 3638
3848 3639
3849 3640
3850 2914
3851 3641
3852 3642
3853 3643
3854 3644
3855 3645
3856 3646
3857 3647
3858 7
3859 3648
3860 3649
3861 3650
3862 3651
3863 3652
3864 3653
3865 3654
3866 3655
3867 3656
3868 3657
3869 3658
3870 3659
3871 3660
3872 3661
3873 3662
3874 3663
3875 3664
3876 3665
3877 3666
3878 3667
3879 3668
3880 3669
3881 3670
3882 3671
3883 3672
3884 3673
3885 3674
3886 3675
3887 3676
3888 3677
3889 3678
3890 3679
3891 3680
3892 3681
3893 3682
3894 3683
3895 3684
3896 3685
3897 3686
3898 3687
3899 3688
3900 3689
3901 3690
3902 3691
3903 3692
3904 3693
3905 3694
3906 3695
3907 3696
3908 3697
3909 3698
3910 3699
3911 3700
3912 3701
3913 3702
3914 3703
3915 3704
3916 3705
3917 3706
3918 3707
3919 3708
3920 3709
3921 3710
3922 3711
3923 3712
3924 3713
3925 3714
3926 3715
3927 3716
3928 3717
3929 3718
3930 3719
3931 3720
3932 3721
3933 3722
3934 3723
3935 3724
3936 3725
3937 3726
3938 3727
3939 3728
3940 3729
3941 3730
3942 3731
3943 3732
3944 3733
3945 3734
3946 4128
3947 3735
3948 3736
3949 3737
3950 3738
3951 3739
3952 3740
3953 3741
3954 1301
3955 3742
3956 3743
3957 3744
3958 3745
3959 3746
3960 3747
3961 3748
3962 3749
3963 3750
3964 3751
3965 3752
3966 3753
3967 3754
3968 3755
3969 3756
3970 3757
3971 3758
3972 3759
3973 3760
3974 4128
3975 3761
3976 3762
3977 3763
3978 3764
3979 3765
3980 3766
3981 3767
3982 3768
3983 3769
3984 3770
3985 3771
3986 3772
3987 3773
3988 3774
3989 1410
3990 553
3991 3775
3992 4128
3993 3776
3994 3777
3995 3778
3996 3779
3997 3780
3998 3781
3999 3782
4000 3783
4001 3784
4002 3785
4003 3786
4004 3787
4005 3788
4006 3789
4007 3790
4008 3791
4009 3792
4010 3793
4011 3794
4012 7
4013 3795
4014 3796
4015 7
4016 3797
4017 3798
4018 3799
4019 3800
4020 3801
4021 3802
4022 3803
4023 3804
4024 3805
4025 4128
4026 3806
4027 3807
4028 3808
4029 3809
4030 3810
4031 3811
4032 3812
4033 3813
4034 3814
4035 3815
4036 1499
4037 3816
4038 3817
4039 3818
4040 3819
4041 3820
4042 3821
4043 3822
4044 3823
4045 3824
4046 3825
4047 3826
4048 3827
4049 3828
4050 3829
4051 3830
4052 3831
4053 3832
4054 3833
4055 7
4056 3834
4057 3835
4058 3836
4059 3065
4060 3837
4061 7
4062 3838
4063 3839
4064 3840
4065 1410
4066 7
4067 3841
4068 3842
4069 3843
4070 3844
4071 3845
4072 3846
4073 3847
4074 3848
4075 1301
4076 3849
4077 3850
4078 3851
4079 3852
4080 3853
4081 3854
4082 3855
4083 3856
4084 3857
4085 3858
4086 3859
4087 3860
4088 3861
4089 3862
4090 3863
4091 3864
4092 3865
4093 3866
4094 3867
4095 3868
4096 3869
4097 3870
4098 3871
4099 3872
4100 3873
4101 3874
4102 3875
4103 3876
4104 3877
4105 3878
4106 3879
4107 3880
4108 3881
4109 3882
4110 3883
4111 3884
4112 3885
4113 3886
4114 3887
4115 3888
4116 3889
4117 3890
4118 3891
4119 3892
4120 3893
4121 3894
4122 3895
4123 3896
4124 3897
4125 3898
4126 3899
4127 3900
4128 3901
4129 3902
4130 3903
4131 3904
4132 3905
4133 3906
4134 7
4135 7
4136 3907
4137 3908
4138 3909
4139 3910
4140 3911
4141 3912
4142 3913
4143 3914
4144 3915
4145 3916
4146 3917
4147 3918
4148 3919
4149 3920
4150 3921
4151 3922
4152 3923
4153 3924
4154 7
4155 3925
4156 3926
4157 3927
4158 3928
4159 3929
4160 3930
4161 3931
4162 3932
4163 3933
4164 3934
4165 3935
4166 3936
4167 3937
4168 3938
4169 3939
4170 3940
4171 3941
4172 3942
4173 3943
4174 3944
4175 3945
4176 3946
4177 3947
4178 3948
4179 3949
4180 3950
4181 3951
4182 3952
4183 4128
4184 3953
4185 3954
4186 3955
4187 3956
4188 3957
4189 3958
4190 3959
4191 3960
4192 3961
4193 3962
4194 3963
4195 3964
4196 3965
4197 3966
4198 3967
4199 3968
4200 3969
4201 3970
4202 3971
4203 3972
4204 3973
4205 3974
4206 3975
4207 3976
4208 3977
4209 3978
4210 3979
4211 3980
4212 3981
4213 3982
4214 3983
4215 3984
4216 3985
4217 3986
4218 3987
4219 3988
4220 3989
4221 3990
4222 3991
4223 3992
4224 3993
4225 3994
4226 3995
4227 3996
4228 3997
4229 3998
4230 3999
4231 4000
4232 4001
4233 4002
4234 4003
4235 4004
4236 4005
4237 4006
4238 4007
4239 4008
4240 4009
4241 4010
4242 4011
4243 4012
4244 4013
4245 4014
4246 4015
4247 4016
4248 7
4249 4017
4250 4018
4251 4128
4252 4019
4253 4020
4254 4021
4255 4022
4256 4023
4257 4024
4258 4025
4259 4026
4260 4027
4261 4028
4262 4029
4263 4030
4264 4031
4265 4032
4266 4033
4267 4034
4268 4035
4269 4036
4270 4037
4271 4038
4272 4039
4273 4040
4274 4041
4275 4042
4276 4128
4277 4043
4278 4044
4279 4045
4280 4046
4281 553
4282 4047
4283 4048
4284 4049
4285 4050
4286 7
4287 4051
4288 4052
4289 7
4290 4053
4291 4054
4292 4055
4293 4056
4294 4057
4295 4058
4296 4059
4297 4060
4298 7
4299 4061
4300 7
4301 4062
4302 4063
4303 4064
4304 4065
4305 4066
4306 4067
4307 4068
4308 4069
4309 4070
4310 4071
4311 4072
4312 4073
4313 4074
4314 4075
4315 4076
4316 4077
4317 4078
4318 4079
4319 4080
4320 4081
4321 4082
4322 4083
4323 3471
4324 4084
4325 4085
4326 4086
4327 4087
4328 4088
4329 4089
4330 4090
4331 4091
4332 4092
4333 4093
4334 4094
4335 4095
4336 4096
4337 4097
4338 4098
4339 4099
4340 4100
4341 4101
4342 4102
4343 4103
4344 4104
4345 4105
4346 4106
4347 4107
4348 4108
4349 4109
4350 4110
4351 4111
4352 4112
4353 4113
4354 4114
4355 4115
4356 7
4357 7
4358 4116
4359 4117
4360 4118
4361 4119
4362 4120
4363 4121
4364 4122
4365 4123
4366 4124
4367 4125
4368 4126
4369 4127
4370 4128
4371 4129
4372 4130
4373 4131
4374 4132
4375 4133
4376 3471
4377 4134
4378 4135
4379 4136
4380 4137
4381 4138
4382 4139
4383 4140
4384 4141
4385 4142
4386 4143
4387 4144
4388 4145
4389 4146
4390 4147
4391 4148
4392 4149
4393 4150
4394 3471
4395 4151
4396 4152
4397 4153
4398 4154
4399 4155
4400 4156
4401 4157
4402 4128
4403 4158
4404 4159
4405 4160
4406 4161
4407 4162
4408 4163
4409 4164
4410 4165
4411 4166
4412 4167
4413 4168
4414 4169
4415 4170
4416 4171
4417 4172
4418 4173
4419 4174
4420 4175
4421 4176
4422 4177
4423 4178
4424 4179
4425 4180
4426 4181
4427 4182
4428 4183
4429 4184
4430 4185
4431 4186
4432 4187
4433 4188
4434 2914
4435 4189
4436 4190
4437 4191
4438 4192
4439 4193
4440 4194
4441 4195
4442 4196
4443 4197
4444 4198
4445 4199
4446 4200
4447 4201
4448 4202
4449 4203
4450 4204
4451 4205
4452 4206
4453 4207
4454 4208
4455 4209
4456 4210
4457 4211
4458 4212
4459 4213
4460 4214
4461 4215
4462 4216
4463 4217
4464 4218
4465 4219
4466 4220
4467 4221
4468 4222
4469 4223
4470 4224
4471 4225
4472 4226
4473 4227
4474 4228
4475 4229
4476 4230
4477 4231
4478 4232
4479 4233
4480 4234
4481 4235
4482 4236
4483 4237
4484 4238
4485 4239
4486 4240
4487 4241
4488 4242
4489 4243
4490 4244
4491 4245
4492 1499
4493 4246
4494 4247
4495 4248
4496 4249
4497 4250
4498 4251
4499 4252
4500 4253
4501 4254
4502 4255
4503 4256
4504 4257
4505 4258
4506 4259
4507 4260
4508 4261
4509 4262
4510 4263
4511 4264
4512 4265
4513 4266
4514 4267
4515 4268
4516 4269
4517 4270
4518 4271
4519 4272
4520 4273
4521 4274
4522 4275
4523 4276
4524 1499
4525 4277
4526 4278
4527 4279
4528 4280
4529 4281
4530 7
4531 1301
4532 4282
4533 4283
4534 4284
4535 4285
4536 4286
4537 4287
4538 4288
4539 4289
4540 4290
4541 4291
4542 4292
4543 4293
4544 4294
4545 4295
4546 4296
4547 4297
4548 1499
4549 4298
4550 4299
4551 4300
4552 4301
4553 4302
4554 4303
4555 4304
4556 4305
4557 4306
4558 4307
4559 4308
4560 4309
4561 4310
4562 4311
4563 4312
4564 4313
4565 4314
4566 4315
4567 4316
4568 4317
4569 1499
4570 4318
4571 4319
4572 4320
4573 4321
4574 4322
4575 4128
4576 4323
4577 4324
4578 4325
4579 4326
4580 4327
4581 4328
4582 4329
4583 4330
4584 4331
4585 4332
4586 4333
4587 1499
4588 4334
4589 4335
4590 4336
4591 4337
4592 4338
4593 4339
4594 4340
4595 4341
4596 4342
4597 4343
4598 4344
4599 1301
4600 4345
4601 4346
4602 4347
4603 4348
4604 4349
4605 4350
4606 4351
4607 4352
4608 4353
4609 4354
4610 4355
4611 4356
4612 4357
4613 4358
4614 4359
4615 4360
4616 4361
4617 4362
4618 4363
4619 4364
4620 4365
4621 4366
4622 4367
4623 4368
4624 4369
4625 4370
4626 4371
4627 4372
4628 4373
4629 4374
4630 4375
4631 4376
4632 4377
4633 4378
4634 4379
4635 4380
4636 4381
4637 4382
4638 4383
4639 4384
4640 4385
4641 4386
4642 4387
4643 4388
4644 4389
4645 4390
4646 4391
4647 4392
4648 4393
4649 4394
4650 4395
4651 4396
4652 4397
4653 1499
4654 3065
4655 4398
4656 4399
4657 4400
4658 1499
4659 4401
4660 4402
4661 4403
4662 4404
4663 4405
4664 4406
4665 4407
4666 4408
4667 4409
4668 4410
4669 4411
4670 4412
4671 4413
4672 4414
4673 4415
4674 4416
4675 4417
4676 4418
4677 4419
4678 4420
4679 4421
4680 4422
4681 4423
4682 1499
4683 4424
4684 4425
4685 4426
4686 4427
4687 4428
4688 4429
4689 4430
4690 4431
4691 4432
4692 4433
4693 4434
4694 4435
4695 4436
4696 4437
4697 4438
4698 4439
4699 4440
4700 4441
4701 4442
4702 4443
4703 4444
4704 4445
4705 4446
4706 4447
4707 4448
4708 4449
4709 4450
4710 4451
4711 4452
4712 4453
4713 1301
4714 4454
4715 4455
4716 4456
4717 4457
4718 4458
4719 4459
4720 4460
4721 4461
4722 4462
4723 4463
4724 4464
4725 4465
4726 4466
4727 4467
4728 4468
4729 4469
4730 4470
4731 4471
4732 4472
4733 4473
4734 4474
4735 4475
4736 4476
4737 4477
4738 4478
4739 4479
4740 4480
4741 4481
4742 4482
4743 4483
4744 4484
4745 4485
4746 4486
4747 4487
4748 4488
4749 4489
4750 4490
4751 4491
4752 4492
4753 4493
4754 4494
4755 4495
4756 4496
4757 4497
4758 4498
4759 4499
4760 4500
4761 7
4762 4501
4763 4502
4764 4503
4765 4504
4766 4505
4767 4506
4768 4507
4769 4508
4770 4509
4771 4510
4772 4511
4773 4512
4774 4513
4775 4514
4776 4515
4777 4516
4778 4517
4779 4518
4780 4519
4781 4520
4782 4521
4783 4522
4784 4523
4785 4524
4786 4525
4787 4526
4788 4527
4789 4528
4790 4529
4791 4530
4792 4531
4793 4532
4794 4533
4795 4534
4796 4535
4797 4536
4798 4537
4799 4538
4800 4539
4801 4540
4802 4541
4803 4542
4804 4543
4805 4544
4806 4545
4807 4546
4808 4547
4809 4548
4810 4549
4811 4550
4812 4551
4813 4552
4814 4553
4815 4554
4816 4555
4817 4556
4818 4557
4819 4558
4820 7
4821 4559
4822 4560
4823 4561
4824 4562
4825 4563
4826 4564
4827 4565
4828 4566
4829 4567
4830 4568
4831 4569
4832 4570
4833 4571
4834 4572
4835 4573
4836 4574
4837 4575
4838 4576
4839 4577
4840 4578
4841 4579
4842 4580
4843 4581
4844 4582
4845 4583
4846 4584
4847 7
4848 4585
4849 4586
4850 1499
4851 4587
4852 4588
4853 4589
4854 4590
4855 4591
4856 4592
4857 4593
4858 4594
4859 4595
4860 4596
4861 4597
4862 3471
4863 4598
4864 7
4865 4599
4866 4600
4867 4601
4868 4602
4869 4603
4870 4604
4871 4605
4872 4606
4873 4607
4874 4608
4875 4609
4876 4610
4877 4611
4878 4612
4879 4613
4880 4614
4881 4615
4882 4616
4883 4617
4884 4618
4885 4619
4886 4620
4887 4621
4888 4622
4889 4623
4890 4624
4891 4625
4892 4626
4893 4627
4894 4628
4895 4629
4896 4630
4897 4631
4898 7
4899 4632
4900 4633
4901 4634
4902 4635
4903 4636
4904 4637
4905 4638
4906 4639
4907 4640
4908 7
4909 4641
4910 4642
4911 4643
4912 4644
4913 4645
4914 4646
4915 4647
4916 4648
4917 4649
4918 4650
4919 4651
4920 4652
4921 4653
4922 4654
4923 4655
4924 4656
4925 4657
4926 4658
4927 4659
4928 4660
4929 4128
4930 4661
4931 3471
4932 4662
4933 4663
4934 4128
4935 4664
4936 4665
4937 4666
4938 4667
4939 4668
4940 4669
4941 4670
4942 4671
4943 4672
4944 4673
4945 4674
4946 4675
4947 4676
4948 4677
4949 4678
4950 4679
4951 4680
4952 1499
4953 4681
4954 4682
4955 4683
4956 4684
4957 4685
4958 4686
4959 4687
4960 4688
4961 4689
4962 4690
4963 4691
4964 4692
4965 4693
4966 4694
4967 4695
4968 4696
4969 4697
4970 4698
4971 4699
4972 4700
4973 4701
4974 4128
4975 4702
4976 4703
4977 4704
4978 4705
4979 4706
4980 4128
4981 4707
4982 4708
4983 4709
4984 1499
4985 4710
4986 4711
4987 1301
4988 4712
4989 4713
4990 4128
4991 4714
4992 4715
4993 4716
4994 4717
4995 4718
4996 4719
4997 4720
4998 4721
4999 4722
5000 4723
5001 4724
5002 4725
5003 4726
5004 4727
5005 4728
5006 4729
5007 4730
5008 4731
5009 4732
5010 4733
5011 4734
5012 4735
5013 4736
5014 1499
5015 4737
5016 4738
5017 4739
5018 4740
5019 4741
5020 4742
5021 4743
5022 3065
5023 4744
5024 4745
5025 4746
5026 4747
5027 4748
5028 4749
5029 4750
5030 4751
5031 4752
5032 4753
5033 4754
5034 4755
5035 4756
5036 4757
5037 4758
5038 4759
5039 4760
5040 4761
5041 4762
5042 4763
5043 4764
5044 4765
5045 4766
5046 4767
5047 4768
5048 4769
5049 4770
5050 4771
5051 4772
5052 4773
5053 4774
5054 4775
5055 4776
5056 4777
5057 4778
5058 4779
5059 4780
5060 4781
5061 4782
5062 4783
5063 4784
5064 4785
5065 3065
5066 4786
5067 4787
5068 4788
5069 4789
5070 7
5071 4790
5072 4791
5073 4792
5074 4793
5075 4794
5076 4795
5077 4796
5078 4797
5079 4798
5080 4799
5081 4800
5082 4801
5083 4802
5084 4803
5085 4804
5086 4805
5087 4806
5088 4807
5089 4808
5090 4809
5091 4810
5092 4811
5093 4812
5094 4813
5095 4814
5096 4815
5097 4816
5098 4817
5099 4818
5100 4819
5101 4820
5102 4821
5103 4822
5104 4823
5105 4824
5106 4825
5107 4826
5108 4827
5109 4828
5110 4829
5111 4830
5112 4831
5113 4832
5114 4833
5115 4834
5116 4835
5117 4836
5118 4837
5119 4838
5120 4839
5121 4840
5122 4841
5123 4842
5124 4843
5125 4844
5126 4845
5127 4846
5128 4847
5129 4848
5130 4849
5131 4850
5132 4851
5133 4852
5134 4853
5135 4854
5136 1301
5137 4855
5138 4856
5139 4857
5140 4858
5141 4859
5142 4860
5143 4861
5144 4862
5145 4863
5146 4864
5147 4865
5148 4866
5149 1301
5150 4867
5151 4868
5152 4869
5153 4870
5154 4871
5155 4872
5156 4873
5157 4874
5158 4128
5159 4875
5160 4876
5161 4877
5162 4878
5163 4879
5164 4880
5165 4881
5166 4882
5167 4883
5168 4884
5169 4885
5170 4886
5171 4887
5172 4888
5173 4889
5174 4890
5175 4891
5176 4892
5177 4893
5178 4894
5179 1410
5180 4895
5181 1301
5182 4896
5183 4897
5184 4898
5185 4899
5186 4900
5187 4901
5188 4902
5189 1301
5190 4903
5191 4904
5192 4905
5193 4906
5194 4907
5195 4908
5196 4909
5197 2914
5198 4910
5199 4128
5200 4911
5201 4912
5202 7
5203 4913
5204 4914
5205 4915
5206 4128
5207 4916
5208 4917
5209 4918
5210 4919
5211 4920
5212 4921
5213 4922
5214 4923
5215 4924
5216 4925
5217 4926
5218 4128
5219 4927
5220 4928
5221 4929
5222 4930
5223 4931
5224 4932
5225 4933
5226 4934
5227 4935
5228 4936
5229 3065
