0 0
1 1
2 2
3 3
4 4
5 5
6 6
7 7
8 8
9 9
10 10
11 11
12 12
13 13
14 14
15 15
16 16
17 17
18 18
19 19
20 20
21 21
22 22
23 23
24 24
25 25
26 26
27 27
28 28
29 29
30 30
31 31
32 32
33 33
34 34
35 35
36 36
37 37
38 38
39 39
40 40
41 41
42 42
43 43
44 44
45 45
46 46
47 47
48 48
49 49
50 50
51 51
52 52
53 53
54 54
55 55
56 56
57 57
58 58
59 59
60 60
61 61
62 62
63 63
64 64
65 65
66 66
67 67
68 68
69 69
70 70
71 71
72 72
73 73
74 74
75 75
76 76
77 77
78 78
79 79
80 80
81 81
82 82
83 83
84 84
85 85
86 86
87 87
88 88
89 89
90 90
91 91
92 92
93 93
94 94
95 95
96 96
97 97
98 98
99 99
100 100
101 101
102 102
103 103
104 104
105 105
106 106
107 107
108 108
109 109
110 110
111 111
112 112
113 113
114 114
115 115
116 116
117 117
118 118
119 119
120 120
121 121
122 122
123 123
124 124
125 125
126 126
127 127
128 128
129 129
130 130
131 131
132 132
133 133
134 134
135 135
136 136
137 137
138 138
139 139
140 140
141 141
142 142
143 143
144 144
145 145
146 4872
147 146
148 147
149 148
150 149
151 150
152 151
153 152
154 153
155 154
156 155
157 156
158 4872
159 157
160 158
161 159
162 160
163 161
164 162
165 163
166 164
167 165
168 166
169 167
170 168
171 169
172 170
173 171
174 172
175 173
176 174
177 175
178 176
179 177
180 178
181 179
182 180
183 181
184 182
185 183
186 184
187 185
188 186
189 187
190 188
191 189
192 190
193 191
194 192
195 193
196 194
197 195
198 196
199 197
200 198
201 199
202 200
203 201
204 202
205 203
206 204
207 205
208 206
209 207
210 208
211 209
212 210
213 211
214 212
215 213
216 214
217 215
218 216
219 217
220 218
221 219
222 220
223 221
224 222
225 223
226 224
227 225
228 226
229 227
230 228
231 229
232 230
233 231
234 232
235 233
236 234
237 235
238 236
239 237
240 238
241 239
242 240
243 241
244 242
245 243
246 244
247 245
248 246
249 247
250 248
251 249
252 250
253 251
254 252
255 4872
256 253
257 254
258 255
259 256
260 257
261 258
262 259
263 260
264 261
265 262
266 263
267 264
268 265
269 266
270 267
271 268
272 269
273 270
274 271
275 272
276 273
277 274
278 275
279 276
280 277
281 278
282 279
283 280
284 281
285 282
286 283
287 284
288 285
289 286
290 287
291 288
292 289
293 290
294 291
295 292
296 293
297 294
298 295
299 296
300 297
301 298
302 299
303 300
304 301
305 302
306 303
307 304
308 305
309 2937
310 306
311 307
312 308
313 309
314 310
315 311
316 312
317 313
318 314
319 315
320 316
321 317
322 318
323 319
324 320
325 321
326 322
327 323
328 324
329 325
330 326
331 327
332 328
333 329
334 330
335 331
336 332
337 333
338 334
339 335
340 336
341 337
342 338
343 339
344 340
345 341
346 342
347 343
348 344
349 345
350 346
351 347
352 348
353 349
354 350
355 351
356 352
357 353
358 354
359 355
360 356
361 357
362 358
363 359
364 360
365 361
366 362
367 363
368 364
369 365
370 366
371 367
372 368
373 369
374 370
375 371
376 372
377 373
378 374
379 375
380 376
381 377
382 378
383 379
384 380
385 381
386 382
387 383
388 384
389 385
390 386
391 387
392 388
393 389
394 390
395 391
396 392
397 393
398 394
399 395
400 396
401 397
402 398
403 399
404 400
405 401
406 402
407 403
408 404
409 405
410 406
411 407
412 408
413 409
414 410
415 411
416 412
417 413
418 414
419 415
420 416
421 417
422 418
423 419
424 420
425 421
426 422
427 423
428 424
429 425
430 426
431 427
432 428
433 429
434 430
435 431
436 432
437 433
438 434
439 1976
440 435
441 436
442 437
443 438
444 439
445 440
446 441
447 442
448 443
449 444
450 445
451 446
452 447
453 448
454 449
455 450
456 451
457 452
458 453
459 454
460 455
461 456
462 457
463 458
464 459
465 460
466 461
467 462
468 463
469 464
470 465
471 466
472 467
473 468
474 469
475 470
476 471
477 472
478 473
479 474
480 475
481 476
482 477
483 478
484 479
485 480
486 481
487 482
488 483
489 484
490 485
491 486
492 487
493 488
494 489
495 490
496 491
497 492
498 493
499 494
500 495
501 496
502 497
503 498
504 2343
505 499
506 500
507 501
508 502
509 503
510 504
511 505
512 506
513 507
514 508
515 509
516 510
517 511
518 512
519 513
520 514
521 515
522 516
523 517
524 518
525 519
526 520
527 521
528 522
529 523
530 524
531 525
532 526
533 527
534 528
535 529
536 530
537 531
538 532
539 533
540 534
541 535
542 536
543 537
544 538
545 539
546 540
547 541
548 542
549 543
550 544
551 545
552 546
553 547
554 548
555 549
556 550
557 551
558 552
559 553
560 554
561 555
562 556
563 557
564 558
565 559
566 560
567 561
568 562
569 1976
570 564
571 565
572 566
573 567
574 568
575 569
576 570
577 571
578 572
579 573
580 574
581 575
582 576
583 577
584 578
585 579
586 580
587 581
588 582
589 4872
590 583
591 584
592 585
593 586
594 587
595 588
596 589
597 590
598 591
599 592
600 593
601 594
602 595
603 596
604 597
605 598
606 599
607 600
608 601
609 602
610 603
611 604
612 605
613 606
614 607
615 608
616 1976
617 609
618 610
619 611
620 612
621 613
622 614
623 615
624 616
625 617
626 618
627 619
628 620
629 621
630 622
631 623
632 624
633 625
634 626
635 627
636 628
637 629
638 630
639 631
640 632
641 633
642 634
643 635
644 636
645 637
646 4872
647 638
648 639
649 640
650 641
651 642
652 643
653 644
654 645
655 646
656 647
657 648
658 649
659 650
660 651
661 652
662 653
663 654
664 655
665 656
666 657
667 658
668 659
669 660
670 661
671 662
672 663
673 664
674 665
675 666
676 667
677 668
678 669
679 670
680 671
681 672
682 673
683 674
684 675
685 676
686 677
687 678
688 679
689 680
690 681
691 682
692 683
693 684
694 685
695 686
696 687
697 688
698 689
699 690
700 691
701 692
702 693
703 694
704 695
705 696
706 697
707 698
708 699
709 700
710 701
711 702
712 703
713 704
714 705
715 706
716 707
717 708
718 1976
719 709
720 710
721 711
722 712
723 713
724 714
725 715
726 716
727 717
728 718
729 719
730 720
731 721
732 722
733 723
734 724
735 725
736 726
737 727
738 728
739 729
740 730
741 731
742 732
743 733
744 734
745 735
746 736
747 4872
748 737
749 738
750 739
751 740
752 741
753 742
754 743
755 744
756 745
757 746
758 747
759 748
760 749
761 750
762 751
763 752
764 753
765 754
766 755
767 756
768 757
769 758
770 759
771 760
772 761
773 762
774 763
775 764
776 765
777 766
778 767
779 768
780 769
781 770
782 771
783 772
784 773
785 774
786 775
787 776
788 777
789 778
790 779
791 780
792 781
793 782
794 783
795 784
796 785
797 786
798 787
799 788
800 789
801 790
802 791
803 792
804 793
805 794
806 795
807 796
808 797
809 798
810 799
811 800
812 801
813 802
814 803
815 804
816 805
817 806
818 807
819 808
820 809
821 810
822 811
823 812
824 813
825 814
826 815
827 816
828 817
829 818
830 819
831 820
832 821
833 822
834 823
835 824
836 825
837 826
838 827
839 828
840 829
841 830
842 831
843 832
844 833
845 834
846 835
847 836
848 837
849 838
850 839
851 840
852 841
853 842
854 843
855 844
856 845
857 846
858 847
859 848
860 849
861 850
862 851
863 852
864 853
865 4872
866 854
867 855
868 856
869 857
870 858
871 859
872 860
873 861
874 862
875 863
876 864
877 865
878 866
879 867
880 868
881 869
882 870
883 871
884 872
885 873
886 874
887 875
888 876
889 877
890 878
891 879
892 880
893 881
894 882
895 883
896 884
897 885
898 886
899 887
900 888
901 889
902 890
903 891
904 892
905 893
906 894
907 895
908 896
909 897
910 898
911 899
912 900
913 901
914 902
915 903
916 904
917 1976
918 905
919 906
920 907
921 908
922 909
923 910
924 911
925 912
926 913
927 914
928 915
929 916
930 917
931 918
932 919
933 920
934 921
935 922
936 923
937 924
938 925
939 926
940 927
941 928
942 929
943 930
944 931
945 932
946 933
947 934
948 935
949 936
950 937
951 938
952 939
953 940
954 941
955 942
956 943
957 944
958 945
959 946
960 947
961 948
962 949
963 950
964 951
965 952
966 953
967 954
968 955
969 956
970 957
971 958
972 959
973 960
974 4872
975 961
976 962
977 963
978 964
979 965
980 966
981 967
982 968
983 969
984 970
985 971
986 972
987 973
988 974
989 975
990 2343
991 976
992 977
993 978
994 979
995 980
996 981
997 982
998 983
999 984
1000 985
1001 4872
1002 986
1003 987
1004 988
1005 989
1006 990
1007 991
1008 992
1009 993
1010 994
1011 995
1012 996
1013 997
1014 4872
1015 998
1016 999
1017 1000
1018 1001
1019 1002
1020 1003
1021 1004
1022 1005
1023 1006
1024 1007
1025 1008
1026 1009
1027 1010
1028 1011
1029 1012
1030 1013
1031 1014
1032 1015
1033 1016
1034 1017
1035 1018
1036 1019
1037 1020
1038 1021
1039 1022
1040 1023
1041 1024
1042 1025
1043 1026
1044 1027
1045 1028
1046 1029
1047 1030
1048 1031
1049 1032
1050 1033
1051 1034
1052 1035
1053 1036
1054 4872
1055 1037
1056 1038
1057 1039
1058 1040
1059 1041
1060 1042
1061 1043
1062 1044
1063 1045
1064 1046
1065 1047
1066 1048
1067 1049
1068 1050
1069 1051
1070 2343
1071 1052
1072 1053
1073 1054
1074 1055
1075 1056
1076 1057
1077 1058
1078 1059
1079 1060
1080 1061
1081 1062
1082 1063
1083 1064
1084 1065
1085 1066
1086 1067
1087 1068
1088 1069
1089 1070
1090 1071
1091 1072
1092 1073
1093 1074
1094 1075
1095 1076
1096 1077
1097 1078
1098 1079
1099 1080
1100 1081
1101 1082
1102 1083
1103 1084
1104 1085
1105 1086
1106 1087
1107 1088
1108 1089
1109 1090
1110 1091
1111 4872
1112 1092
1113 1093
1114 1094
1115 4872
1116 1095
1117 1096
1118 1097
1119 1098
1120 1099
1121 1100
1122 1101
1123 1102
1124 1103
1125 1104
1126 1105
1127 1106
1128 1107
1129 1108
1130 1109
1131 1110
1132 1111
1133 1112
1134 1113
1135 1114
1136 1115
1137 1116
1138 1117
1139 1118
1140 1119
1141 1120
1142 1121
1143 1122
1144 1123
1145 1124
1146 1125
1147 1126
1148 1127
1149 1128
1150 1129
1151 1130
1152 1131
1153 1132
1154 1133
1155 1134
1156 1135
1157 1136
1158 1137
1159 4872
1160 1138
1161 1139
1162 1140
1163 1141
1164 1142
1165 1143
1166 1144
1167 1145
1168 1146
1169 1147
1170 1148
1171 1149
1172 1150
1173 1151
1174 1152
1175 1153
1176 1154
1177 1155
1178 1156
1179 1157
1180 1158
1181 1159
1182 1160
1183 1161
1184 1162
1185 1163
1186 1164
1187 1165
1188 1166
1189 1167
1190 1168
1191 1169
1192 1170
1193 1171
1194 1172
1195 1173
1196 1174
1197 1175
1198 1176
1199 1177
1200 1178
1201 4872
1202 1179
1203 1180
1204 1181
1205 1182
1206 1183
1207 1184
1208 1185
1209 1186
1210 1187
1211 1188
1212 1189
1213 1190
1214 1191
1215 1192
1216 1193
1217 1194
1218 1195
1219 1196
1220 1197
1221 1198
1222 1199
1223 1200
1224 1201
1225 1202
1226 1203
1227 1204
1228 1205
1229 1206
1230 1207
1231 1208
1232 1209
1233 1210
1234 1211
1235 1212
1236 1213
1237 1214
1238 1215
1239 1216
1240 1217
1241 1218
1242 1219
1243 1220
1244 1221
1245 1222
1246 1223
1247 1224
1248 1225
1249 1226
1250 1227
1251 1228
1252 1229
1253 1230
1254 1231
1255 1232
1256 1233
1257 1234
1258 1235
1259 1236
1260 1237
1261 1238
1262 1239
1263 1240
1264 1241
1265 1242
1266 1243
1267 1244
1268 1245
1269 1246
1270 1247
1271 1248
1272 1249
1273 1250
1274 1251
1275 1252
1276 1253
1277 1254
1278 1255
1279 1256
1280 1257
1281 1258
1282 1259
1283 1260
1284 1261
1285 1262
1286 1263
1287 1264
1288 1265
1289 1266
1290 1267
1291 1268
1292 1269
1293 1270
1294 1271
1295 1272
1296 1273
1297 1274
1298 1275
1299 1276
1300 1277
1301 1278
1302 1279
1303 1280
1304 1281
1305 1282
1306 1283
1307 1284
1308 1285
1309 1286
1310 1287
1311 1288
1312 1289
1313 1290
1314 1291
1315 1292
1316 1293
1317 1294
1318 1295
1319 1296
1320 1297
1321 1298
1322 1299
1323 1300
1324 1301
1325 1302
1326 1303
1327 1304
1328 1305
1329 1306
1330 1307
1331 1308
1332 1309
1333 1310
1334 1311
1335 1312
1336 1313
1337 1314
1338 1315
1339 1316
1340 1317
1341 1318
1342 1319
1343 1320
1344 1321
1345 1322
1346 1323
1347 1324
1348 1325
1349 1326
1350 1327
1351 1328
1352 4872
1353 1329
1354 1330
1355 1331
1356 1332
1357 1333
1358 1334
1359 1335
1360 1336
1361 1337
1362 1338
1363 1339
1364 1340
1365 1341
1366 1342
1367 1343
1368 1344
1369 1345
1370 1346
1371 1347
1372 1348
1373 1349
1374 1350
1375 1351
1376 1352
1377 1353
1378 1354
1379 1355
1380 1356
1381 1357
1382 1358
1383 1359
1384 1360
1385 1361
1386 1362
1387 1363
1388 1364
1389 1365
1390 1366
1391 1367
1392 1368
1393 1369
1394 1370
1395 1371
1396 1372
1397 1373
1398 1374
1399 1375
1400 1376
1401 1377
1402 1378
1403 1379
1404 1380
1405 1381
1406 1382
1407 1383
1408 1384
1409 1385
1410 1386
1411 1387
1412 1388
1413 1389
1414 1390
1415 1391
1416 1392
1417 1393
1418 1394
1419 1395
1420 1396
1421 1397
1422 1398
1423 1399
1424 1400
1425 1401
1426 1402
1427 1403
1428 1404
1429 1405
1430 1406
1431 1407
1432 1408
1433 1409
1434 1410
1435 1411
1436 1412
1437 1413
1438 1414
1439 1415
1440 1416
1441 1417
1442 1418
1443 1419
1444 1420
1445 1421
1446 1422
1447 1423
1448 1424
1449 1425
1450 1426
1451 1427
1452 1428
1453 1429
1454 1430
1455 1431
1456 1432
1457 1433
1458 1434
1459 1435
1460 1436
1461 1437
1462 1438
1463 1439
1464 1440
1465 1441
1466 1442
1467 4872
1468 1443
1469 1444
1470 1445
1471 1446
1472 1447
1473 4872
1474 1448
1475 1449
1476 1450
1477 1451
1478 1452
1479 1453
1480 1454
1481 1455
1482 4872
1483 1456
1484 1457
1485 1458
1486 1459
1487 1460
1488 1461
1489 1462
1490 1463
1491 1464
1492 1465
1493 1466
1494 1467
1495 1468
1496 1469
1497 1470
1498 1471
1499 1472
1500 1473
1501 1474
1502 1475
1503 1476
1504 1477
1505 1478
1506 1479
1507 1480
1508 1481
1509 1482
1510 1483
1511 1484
1512 1485
1513 1486
1514 1487
1515 1488
1516 1489
1517 1490
1518 1491
1519 1492
1520 1493
1521 1494
1522 1495
1523 1496
1524 1497
1525 1498
1526 1499
1527 1500
1528 1501
1529 1502
1530 1503
1531 1504
1532 1505
1533 1506
1534 1507
1535 1508
1536 1509
1537 1510
1538 1511
1539 1512
1540 1513
1541 1514
1542 1515
1543 1516
1544 1517
1545 1518
1546 1519
1547 1520
1548 1521
1549 1522
1550 1523
1551 4872
1552 1524
1553 1525
1554 1526
1555 1527
1556 1528
1557 1529
1558 1530
1559 1531
1560 1532
1561 1533
1562 1534
1563 1535
1564 1536
1565 1537
1566 1538
1567 1539
1568 1540
1569 1541
1570 1542
1571 1543
1572 1544
1573 1545
1574 1546
1575 1547
1576 1548
1577 1549
1578 1550
1579 1551
1580 1552
1581 1553
1582 1554
1583 1555
1584 1556
1585 1557
1586 1558
1587 1559
1588 1560
1589 1561
1590 1562
1591 1563
1592 1564
1593 1565
1594 1566
1595 1567
1596 1568
1597 1569
1598 1570
1599 1571
1600 1572
1601 1573
1602 1574
1603 1575
1604 1576
1605 1577
1606 1578
1607 1579
1608 1580
1609 1581
1610 1582
1611 1583
1612 1584
1613 1585
1614 1586
1615 1587
1616 1588
1617 1589
1618 1590
1619 1591
1620 1592
1621 1593
1622 1594
1623 1595
1624 1596
1625 1597
1626 1598
1627 1599
1628 1600
1629 1601
1630 1602
1631 1603
1632 1604
1633 1605
1634 1606
1635 1607
1636 1608
1637 1609
1638 1610
1639 1611
1640 1612
1641 1613
1642 1614
1643 1615
1644 1616
1645 1617
1646 1618
1647 1619
1648 1620
1649 1621
1650 1622
1651 1623
1652 1624
1653 1625
1654 1626
1655 1627
1656 1628
1657 1629
1658 1630
1659 1631
1660 1632
1661 1633
1662 1634
1663 1635
1664 1636
1665 1637
1666 1638
1667 1639
1668 1640
1669 1641
1670 1642
1671 1643
1672 1644
1673 1645
1674 1646
1675 4872
1676 1647
1677 1648
1678 1649
1679 1650
1680 1651
1681 1652
1682 1653
1683 1654
1684 1655
1685 1656
1686 1657
1687 1658
1688 1659
1689 1660
1690 1661
1691 1662
1692 1663
1693 1664
1694 1665
1695 1666
1696 1667
1697 1668
1698 1669
1699 1670
1700 1671
1701 1672
1702 1673
1703 1674
1704 1675
1705 1676
1706 1677
1707 1678
1708 1679
1709 1680
1710 1681
1711 1682
1712 1683
1713 1684
1714 1685
1715 1686
1716 1687
1717 1688
1718 1689
1719 1690
1720 1691
1721 1692
1722 1693
1723 1694
1724 1695
1725 1696
1726 1697
1727 1698
1728 1699
1729 1700
1730 1701
1731 1702
1732 1703
1733 1704
1734 1705
1735 1706
1736 1707
1737 1708
1738 1709
1739 1710
1740 1711
1741 1712
1742 1713
1743 1714
1744 1715
1745 1716
1746 1717
1747 1718
1748 1719
1749 1720
1750 1721
1751 1722
1752 1723
1753 1724
1754 1725
1755 1726
1756 1727
1757 1728
1758 1729
1759 1730
1760 1731
1761 1732
1762 1733
1763 1734
1764 1735
1765 1736
1766 1737
1767 1738
1768 1739
1769 1740
1770 1741
1771 1742
1772 1743
1773 1744
1774 1745
1775 1746
1776 1747
1777 1748
1778 1749
1779 1750
1780 1751
1781 1752
1782 1753
1783 1754
1784 1755
1785 1756
1786 1757
1787 1758
1788 1759
1789 1760
1790 1761
1791 1762
1792 1771
1793 1763
1794 1764
1795 1765
1796 1766
1797 1767
1798 1768
1799 1769
1800 1770
1801 1771
1802 1772
1803 1773
1804 1774
1805 1775
1806 1776
1807 1777
1808 1778
1809 1779
1810 1780
1811 1781
1812 1782
1813 1783
1814 1784
1815 1785
1816 1786
1817 1787
1818 1788
1819 1789
1820 1790
1821 1791
1822 1792
1823 1793
1824 1794
1825 1795
1826 1796
1827 1797
1828 1798
1829 1799
1830 1800
1831 1801
1832 1802
1833 1803
1834 1804
1835 1805
1836 1806
1837 1807
1838 1808
1839 4872
1840 1809
1841 1810
1842 1811
1843 1812
1844 1813
1845 1814
1846 1815
1847 1816
1848 1817
1849 1818
1850 1819
1851 1820
1852 1821
1853 1822
1854 1823
1855 1824
1856 1825
1857 1826
1858 1827
1859 1828
1860 1829
1861 1830
1862 1831
1863 1832
1864 1833
1865 1834
1866 1835
1867 1836
1868 1837
1869 1838
1870 1839
1871 1840
1872 1841
1873 1842
1874 1843
1875 1844
1876 1845
1877 1846
1878 1847
1879 1848
1880 1849
1881 1850
1882 1851
1883 1852
1884 1853
1885 1854
1886 1855
1887 1856
1888 1857
1889 1858
1890 1859
1891 1860
1892 1861
1893 1862
1894 1863
1895 1864
1896 1865
1897 1866
1898 1867
1899 1868
1900 1869
1901 1870
1902 1871
1903 1872
1904 1873
1905 1874
1906 1875
1907 1876
1908 1877
1909 1878
1910 1879
1911 4872
1912 1880
1913 1881
1914 1882
1915 1883
1916 1884
1917 1885
1918 1886
1919 1887
1920 1888
1921 1889
1922 1890
1923 1891
1924 1892
1925 1893
1926 1894
1927 1895
1928 1896
1929 1897
1930 1898
1931 1899
1932 4872
1933 1900
1934 1901
1935 1902
1936 1903
1937 1904
1938 1905
1939 1906
1940 1907
1941 1908
1942 1909
1943 1910
1944 1911
1945 1912
1946 1913
1947 1914
1948 1915
1949 1916
1950 1917
1951 1918
1952 1919
1953 1920
1954 1921
1955 1922
1956 1923
1957 1924
1958 1925
1959 1926
1960 1927
1961 1928
1962 1929
1963 1930
1964 1931
1965 1932
1966 1933
1967 1934
1968 1935
1969 1936
1970 1937
1971 1938
1972 1939
1973 1940
1974 1941
1975 1942
1976 1943
1977 1944
1978 1945
1979 1946
1980 1947
1981 1948
1982 1949
1983 1950
1984 1951
1985 1952
1986 1953
1987 1954
1988 1955
1989 1956
1990 1957
1991 1958
1992 1959
1993 1960
1994 1961
1995 1962
1996 1963
1997 1964
1998 1965
1999 1966
2000 1967
2001 1968
2002 1969
2003 1970
2004 1971
2005 1972
2006 1973
2007 1974
2008 1975
2009 1976
2010 1977
2011 1978
2012 1979
2013 1980
2014 1981
2015 1982
2016 1983
2017 1984
2018 1985
2019 1986
2020 1987
2021 1988
2022 1989
2023 1990
2024 1991
2025 1992
2026 1993
2027 4872
2028 1995
2029 1996
2030 1997
2031 1998
2032 1999
2033 2000
2034 2001
2035 2002
2036 2003
2037 4872
2038 2004
2039 2005
2040 2006
2041 2007
2042 2008
2043 2009
2044 2010
2045 2011
2046 2012
2047 2013
2048 2014
2049 2015
2050 2016
2051 2017
2052 2018
2053 2019
2054 2343
2055 2020
2056 2021
2057 2022
2058 2023
2059 2024
2060 2025
2061 2026
2062 2027
2063 2028
2064 2029
2065 2030
2066 2031
2067 2032
2068 2033
2069 2034
2070 2035
2071 2036
2072 2037
2073 2038
2074 2039
2075 2040
2076 2041
2077 2042
2078 2043
2079 2044
2080 2045
2081 2046
2082 2047
2083 2048
2084 2049
2085 2050
2086 2051
2087 2052
2088 2053
2089 2054
2090 2055
2091 2056
2092 2057
2093 2058
2094 2059
2095 2060
2096 2061
2097 2062
2098 2063
2099 2064
2100 2065
2101 2066
2102 2067
2103 2068
2104 2069
2105 2070
2106 2071
2107 2072
2108 2073
2109 2074
2110 2075
2111 2076
2112 2077
2113 2078
2114 2079
2115 2080
2116 2081
2117 2082
2118 2083
2119 2084
2120 2085
2121 2086
2122 2087
2123 2088
2124 2089
2125 2090
2126 2091
2127 2092
2128 2093
2129 2094
2130 2095
2131 2096
2132 2097
2133 2098
2134 2099
2135 2100
2136 4872
2137 2101
2138 2102
2139 2103
2140 2104
2141 2105
2142 2106
2143 2107
2144 2108
2145 2109
2146 2110
2147 2111
2148 2112
2149 2113
2150 2114
2151 2115
2152 2116
2153 2117
2154 2118
2155 2119
2156 2120
2157 2121
2158 2122
2159 2123
2160 2124
2161 2125
2162 2126
2163 2127
2164 2128
2165 2129
2166 2130
2167 2131
2168 2132
2169 2133
2170 2134
2171 2135
2172 2136
2173 2137
2174 2138
2175 2139
2176 2140
2177 2141
2178 2142
2179 2143
2180 2144
2181 2145
2182 2146
2183 2147
2184 2148
2185 2149
2186 2150
2187 2151
2188 2152
2189 2343
2190 2153
2191 2154
2192 2155
2193 2156
2194 2157
2195 2158
2196 2159
2197 2160
2198 2161
2199 2162
2200 2163
2201 2164
2202 2165
2203 2166
2204 2167
2205 2168
2206 2169
2207 2170
2208 2171
2209 2172
2210 2173
2211 2174
2212 2175
2213 2176
2214 2177
2215 2178
2216 2179
2217 2180
2218 2181
2219 2182
2220 2183
2221 2184
2222 2185
2223 2186
2224 2187
2225 2188
2226 2189
2227 2190
2228 2191
2229 2192
2230 2193
2231 2194
2232 2195
2233 2196
2234 2197
2235 2198
2236 2199
2237 2200
2238 2201
2239 2202
2240 2203
2241 2204
2242 2205
2243 2206
2244 2207
2245 2208
2246 2209
2247 2210
2248 2211
2249 2212
2250 2213
2251 2214
2252 2215
2253 2216
2254 2217
2255 2218
2256 2219
2257 2220
2258 2221
2259 2222
2260 2223
2261 2224
2262 2225
2263 2226
2264 2227
2265 2228
2266 2229
2267 2230
2268 2231
2269 2232
2270 2233
2271 2234
2272 2235
2273 2236
2274 2237
2275 2238
2276 2239
2277 2240
2278 2241
2279 2242
2280 2243
2281 1771
2282 2244
2283 2245
2284 2246
2285 2247
2286 2248
2287 2249
2288 2250
2289 2251
2290 2252
2291 2253
2292 2254
2293 2255
2294 2256
2295 2257
2296 2258
2297 2259
2298 2260
2299 2261
2300 2262
2301 2263
2302 2264
2303 2265
2304 2266
2305 2267
2306 2268
2307 2269
2308 2270
2309 2271
2310 2272
2311 2273
2312 2274
2313 2275
2314 2276
2315 2277
2316 2278
2317 2279
2318 2280
2319 2281
2320 2282
2321 2283
2322 2284
2323 2285
2324 2286
2325 4872
2326 2287
2327 2288
2328 2289
2329 2290
2330 2291
2331 2292
2332 2293
2333 2294
2334 2295
2335 2296
2336 2297
2337 2298
2338 2299
2339 2300
2340 2301
2341 2302
2342 2303
2343 2304
2344 2305
2345 2306
2346 2307
2347 2308
2348 2309
2349 2310
2350 2311
2351 2312
2352 2313
2353 2314
2354 2315
2355 2316
2356 2317
2357 2318
2358 2319
2359 2320
2360 2321
2361 2322
2362 2323
2363 2324
2364 2325
2365 2326
2366 2327
2367 2328
2368 2329
2369 2330
2370 2331
2371 2332
2372 2333
2373 2334
2374 2335
2375 2336
2376 2337
2377 2338
2378 2339
2379 2340
2380 2341
2381 2342
2382 2343
2383 2344
2384 2345
2385 2346
2386 2347
2387 2348
2388 2349
2389 2350
2390 2351
2391 2352
2392 2353
2393 2354
2394 2355
2395 2356
2396 2357
2397 2358
2398 2359
2399 2360
2400 2361
2401 2362
2402 2363
2403 2364
2404 2365
2405 2366
2406 2367
2407 2368
2408 2369
2409 2370
2410 2371
2411 2372
2412 2373
2413 2374
2414 2375
2415 2376
2416 2377
2417 2378
2418 2379
2419 2380
2420 2381
2421 2382
2422 2383
2423 2384
2424 2385
2425 2386
2426 2387
2427 2388
2428 2389
2429 2390
2430 2391
2431 2392
2432 2393
2433 2394
2434 2395
2435 2396
2436 2397
2437 2398
2438 2399
2439 2400
2440 2401
2441 2402
2442 2403
2443 2404
2444 2405
2445 2406
2446 2407
2447 2408
2448 2409
2449 2410
2450 2411
2451 2412
2452 2413
2453 2414
2454 2415
2455 2416
2456 2417
2457 2418
2458 2419
2459 2420
2460 2421
2461 2422
2462 2423
2463 2424
2464 2425
2465 2426
2466 2427
2467 2428
2468 2429
2469 2430
2470 2431
2471 2432
2472 2433
2473 2434
2474 4872
2475 2435
2476 2436
2477 2437
2478 2438
2479 2439
2480 2440
2481 2441
2482 2442
2483 2443
2484 2444
2485 2445
2486 2446
2487 2447
2488 2448
2489 2449
2490 2450
2491 2451
2492 2452
2493 2453
2494 2454
2495 2455
2496 2456
2497 2457
2498 2458
2499 2459
2500 2460
2501 2461
2502 2462
2503 2463
2504 2464
2505 2465
2506 2466
2507 2467
2508 2468
2509 2469
2510 2470
2511 2471
2512 2472
2513 2473
2514 2474
2515 2475
2516 2476
2517 2477
2518 2478
2519 2479
2520 2480
2521 2481
2522 2482
2523 2483
2524 2484
2525 2485
2526 2486
2527 2487
2528 2488
2529 2489
2530 2490
2531 2491
2532 2492
2533 2493
2534 2494
2535 2495
2536 2496
2537 2497
2538 2498
2539 2499
2540 2500
2541 2501
2542 2502
2543 2503
2544 2504
2545 2505
2546 2506
2547 2507
2548 2508
2549 2509
2550 2510
2551 2511
2552 2512
2553 2513
2554 2514
2555 4872
2556 2515
2557 2516
2558 2517
2559 2518
2560 2519
2561 2520
2562 2521
2563 2522
2564 2523
2565 2524
2566 2525
2567 2526
2568 2527
2569 2528
2570 2529
2571 2530
2572 2531
2573 2532
2574 2533
2575 2534
2576 2535
2577 2536
2578 2537
2579 2538
2580 2539
2581 2540
2582 2541
2583 2542
2584 2543
2585 2544
2586 2545
2587 2546
2588 2547
2589 2548
2590 2549
2591 2550
2592 2551
2593 2552
2594 2553
2595 2554
2596 2555
2597 2556
2598 2557
2599 2558
2600 2559
2601 4872
2602 2560
2603 2561
2604 2562
2605 2563
2606 2564
2607 2565
2608 2566
2609 2567
2610 2568
2611 2569
2612 2570
2613 2571
2614 2572
2615 2573
2616 2574
2617 2575
2618 2576
2619 2577
2620 2578
2621 2579
2622 2580
2623 2581
2624 2582
2625 2583
2626 2584
2627 2585
2628 2586
2629 2587
2630 2588
2631 2589
2632 2590
2633 2591
2634 2592
2635 2593
2636 2594
2637 2595
2638 2596
2639 2597
2640 2598
2641 2599
2642 2600
2643 2601
2644 2602
2645 2603
2646 2604
2647 2605
2648 2606
2649 2607
2650 2608
2651 2609
2652 2610
2653 2611
2654 2612
2655 2613
2656 2614
2657 2615
2658 2616
2659 2617
2660 2618
2661 2619
2662 2620
2663 2621
2664 2622
2665 2623
2666 2624
2667 2625
2668 2626
2669 2627
2670 2628
2671 2629
2672 2630
2673 2631
2674 2632
2675 2633
2676 2634
2677 2635
2678 2636
2679 2637
2680 2638
2681 2639
2682 2640
2683 2641
2684 2642
2685 2643
2686 2644
2687 2645
2688 2646
2689 2647
2690 2648
2691 2649
2692 2650
2693 2651
2694 2652
2695 2653
2696 2654
2697 2655
2698 2656
2699 2657
2700 2658
2701 2659
2702 2660
2703 2661
2704 2662
2705 2663
2706 2664
2707 2665
2708 2666
2709 2667
2710 2937
2711 2668
2712 2669
2713 2670
2714 2671
2715 2672
2716 2673
2717 2674
2718 2675
2719 2676
2720 2677
2721 2678
2722 2679
2723 2680
2724 2681
2725 2682
2726 2683
2727 2684
2728 2685
2729 2686
2730 2687
2731 2688
2732 2689
2733 2690
2734 2691
2735 2692
2736 2693
2737 2694
2738 2695
2739 2696
2740 2697
2741 2698
2742 2699
2743 2700
2744 2701
2745 2702
2746 2703
2747 2704
2748 2705
2749 2706
2750 2707
2751 2708
2752 2709
2753 2710
2754 2711
2755 2712
2756 2713
2757 2714
2758 2715
2759 2716
2760 2717
2761 2718
2762 2719
2763 2720
2764 2721
2765 2722
2766 2723
2767 2724
2768 2725
2769 2726
2770 2727
2771 2728
2772 2729
2773 2730
2774 2731
2775 2732
2776 2733
2777 2734
2778 2735
2779 2736
2780 2737
2781 2738
2782 2739
2783 2740
2784 2741
2785 2742
2786 2743
2787 2744
2788 2745
2789 2746
2790 2747
2791 2748
2792 2749
2793 2750
2794 2751
2795 2752
2796 2753
2797 2754
2798 2755
2799 2756
2800 2757
2801 2758
2802 2759
2803 2760
2804 2761
2805 2762
2806 2763
2807 2764
2808 2765
2809 2766
2810 2767
2811 2768
2812 2769
2813 2770
2814 2771
2815 2772
2816 2773
2817 2774
2818 2775
2819 2776
2820 2777
2821 2778
2822 2779
2823 2780
2824 2781
2825 2782
2826 2783
2827 2784
2828 2785
2829 2786
2830 2787
2831 2788
2832 2789
2833 2790
2834 2791
2835 2792
2836 2793
2837 2794
2838 2795
2839 2796
2840 2797
2841 2798
2842 2799
2843 1771
2844 2800
2845 2801
2846 2802
2847 2803
2848 2804
2849 2805
2850 2806
2851 2807
2852 2808
2853 2809
2854 2810
2855 2811
2856 2812
2857 2813
2858 2814
2859 2815
2860 2816
2861 2817
2862 2818
2863 2819
2864 2820
2865 2821
2866 2822
2867 2823
2868 2824
2869 2825
2870 2826
2871 2827
2872 2828
2873 2829
2874 2830
2875 2831
2876 2832
2877 2833
2878 2834
2879 2835
2880 2836
2881 2837
2882 2838
2883 2839
2884 2840
2885 2841
2886 2842
2887 2843
2888 2844
2889 2845
2890 2846
2891 2847
2892 2848
2893 2849
2894 2850
2895 4872
2896 2851
2897 2852
2898 2853
2899 2854
2900 2855
2901 2856
2902 2857
2903 2937
2904 2858
2905 2859
2906 2860
2907 2861
2908 2862
2909 2863
2910 2864
2911 2865
2912 2866
2913 2867
2914 2868
2915 2869
2916 2870
2917 2871
2918 2872
2919 2873
2920 2874
2921 2875
2922 2876
2923 2877
2924 2878
2925 2879
2926 2880
2927 2881
2928 2882
2929 2883
2930 2884
2931 2885
2932 2886
2933 2887
2934 2888
2935 2889
2936 2890
2937 2891
2938 2892
2939 2893
2940 2894
2941 2895
2942 2896
2943 2897
2944 2898
2945 4872
2946 2899
2947 2900
2948 2901
2949 2902
2950 2903
2951 2904
2952 2905
2953 2906
2954 2907
2955 2908
2956 2909
2957 2910
2958 2911
2959 2912
2960 2913
2961 2914
2962 2915
2963 2916
2964 2917
2965 2918
2966 2919
2967 2920
2968 2921
2969 2922
2970 4872
2971 2923
2972 2924
2973 2925
2974 2926
2975 4872
2976 2927
2977 2928
2978 2929
2979 2930
2980 2931
2981 2932
2982 2933
2983 2934
2984 2935
2985 2936
2986 1976
2987 2938
2988 2939
2989 2940
2990 2941
2991 2942
2992 2943
2993 2944
2994 2945
2995 2946
2996 2947
2997 2948
2998 2949
2999 2950
3000 2951
3001 2952
3002 2953
3003 2954
3004 2955
3005 2956
3006 2957
3007 2958
3008 2959
3009 2960
3010 2961
3011 2962
3012 2963
3013 2964
3014 2965
3015 2966
3016 2967
3017 2968
3018 2969
3019 2970
3020 2971
3021 2972
3022 2973
3023 2974
3024 2975
3025 2976
3026 2977
3027 2978
3028 2979
3029 2980
3030 2981
3031 2982
3032 2983
3033 2984
3034 2985
3035 2986
3036 2987
3037 2988
3038 2989
3039 2990
3040 2991
3041 2992
3042 2993
3043 2994
3044 2995
3045 2996
3046 2997
3047 2998
3048 2999
3049 3000
3050 3001
3051 3002
3052 3003
3053 3004
3054 1976
3055 3005
3056 3006
3057 3007
3058 3008
3059 3009
3060 3010
3061 3011
3062 3012
3063 3013
3064 3014
3065 3015
3066 3016
3067 3017
3068 3018
3069 3019
3070 3020
3071 3021
3072 3022
3073 3023
3074 3024
3075 3025
3076 3026
3077 3027
3078 3028
3079 3029
3080 3030
3081 3031
3082 3032
3083 3033
3084 3034
3085 3035
3086 3036
3087 3037
3088 3038
3089 3039
3090 3040
3091 3041
3092 3042
3093 3043
3094 3044
3095 3045
3096 3046
3097 3047
3098 3048
3099 3049
3100 3050
3101 3051
3102 3052
3103 3053
3104 3054
3105 3055
3106 3056
3107 3057
3108 3058
3109 3059
3110 3060
3111 3061
3112 3062
3113 3063
3114 3064
3115 3065
3116 3066
3117 3067
3118 3068
3119 3069
3120 3070
3121 3071
3122 3072
3123 3073
3124 3074
3125 3075
3126 3076
3127 3077
3128 3078
3129 3079
3130 3080
3131 3081
3132 3082
3133 3083
3134 3084
3135 3085
3136 3086
3137 3087
3138 3088
3139 3089
3140 3090
3141 3091
3142 3092
3143 3093
3144 3094
3145 3095
3146 3096
3147 3097
3148 3098
3149 3099
3150 4872
3151 3100
3152 3101
3153 3102
3154 3103
3155 3104
3156 3105
3157 3106
3158 3107
3159 3108
3160 3109
3161 1976
3162 3110
3163 3111
3164 3112
3165 3113
3166 3114
3167 3115
3168 3116
3169 3117
3170 3118
3171 3119
3172 3120
3173 3121
3174 3122
3175 3123
3176 3124
3177 3125
3178 1994
3179 3126
3180 3127
3181 3128
3182 3129
3183 3130
3184 3131
3185 3132
3186 3133
3187 3134
3188 3135
3189 2937
3190 3136
3191 3137
3192 3138
3193 3139
3194 3140
3195 3141
3196 3142
3197 3143
3198 3144
3199 3145
3200 3146
3201 3147
3202 3148
3203 3149
3204 3150
3205 3151
3206 3152
3207 3153
3208 4872
3209 3154
3210 3155
3211 3156
3212 3157
3213 3158
3214 3159
3215 3160
3216 3161
3217 3162
3218 3163
3219 3164
3220 3165
3221 3166
3222 3167
3223 3168
3224 3169
3225 3170
3226 3171
3227 3172
3228 3173
3229 3174
3230 3175
3231 3176
3232 3177
3233 3178
3234 3179
3235 3180
3236 3181
3237 3182
3238 3183
3239 3184
3240 3185
3241 3186
3242 3187
3243 3188
3244 3189
3245 3190
3246 3191
3247 3192
3248 3193
3249 3194
3250 3195
3251 3196
3252 3197
3253 3198
3254 3199
3255 3200
3256 3201
3257 3202
3258 3203
3259 3204
3260 3205
3261 3206
3262 3207
3263 3208
3264 3209
3265 3210
3266 3211
3267 3212
3268 3213
3269 3214
3270 3215
3271 3216
3272 3217
3273 3218
3274 3219
3275 3220
3276 3221
3277 3222
3278 3223
3279 3224
3280 3225
3281 3226
3282 3227
3283 3228
3284 3229
3285 3230
3286 3231
3287 3232
3288 3233
3289 3234
3290 3235
3291 3236
3292 3237
3293 3238
3294 3239
3295 3240
3296 3241
3297 3242
3298 3243
3299 3244
3300 3245
3301 3246
3302 3247
3303 3248
3304 3249
3305 3250
3306 3251
3307 3252
3308 3253
3309 3254
3310 3255
3311 3256
3312 3257
3313 3258
3314 3259
3315 563
3316 3260
3317 3261
3318 3262
3319 3263
3320 3264
3321 3265
3322 3266
3323 3267
3324 3268
3325 3269
3326 3270
3327 3271
3328 3272
3329 3273
3330 3274
3331 3275
3332 3276
3333 3277
3334 3278
3335 3279
3336 3280
3337 3281
3338 3282
3339 3283
3340 3284
3341 3285
3342 3286
3343 3287
3344 3288
3345 3289
3346 3290
3347 3291
3348 3292
3349 3293
3350 3294
3351 3295
3352 3296
3353 3297
3354 3298
3355 3299
3356 3300
3357 3301
3358 3302
3359 3303
3360 3304
3361 3305
3362 3306
3363 3307
3364 3308
3365 3309
3366 3310
3367 3311
3368 3312
3369 3313
3370 3314
3371 3315
3372 3316
3373 3317
3374 3318
3375 3319
3376 3320
3377 3321
3378 3322
3379 3323
3380 3324
3381 3325
3382 3326
3383 3327
3384 3328
3385 3329
3386 3330
3387 2343
3388 3331
3389 3332
3390 3333
3391 3334
3392 3335
3393 3336
3394 3337
3395 3338
3396 3339
3397 3340
3398 3341
3399 3342
3400 3343
3401 3344
3402 3345
3403 3346
3404 3347
3405 3348
3406 3349
3407 3350
3408 3351
3409 3352
3410 3353
3411 3354
3412 3355
3413 3356
3414 3357
3415 3358
3416 3359
3417 3360
3418 3361
3419 3362
3420 3363
3421 3364
3422 3365
3423 3366
3424 3367
3425 3368
3426 3369
3427 3370
3428 3371
3429 3372
3430 3373
3431 3374
3432 3375
3433 3376
3434 3377
3435 3378
3436 3379
3437 3380
3438 3381
3439 3382
3440 3383
3441 3384
3442 3385
3443 3386
3444 3387
3445 3388
3446 3389
3447 3390
3448 3391
3449 3392
3450 3393
3451 3394
3452 3395
3453 3396
3454 3397
3455 3398
3456 3399
3457 3400
3458 3401
3459 3402
3460 3403
3461 3404
3462 3405
3463 3406
3464 3407
3465 3408
3466 3409
3467 3410
3468 3411
3469 3412
3470 3413
3471 3414
3472 3415
3473 3416
3474 3417
3475 3418
3476 3419
3477 3420
3478 3421
3479 3422
3480 3423
3481 3424
3482 3425
3483 3426
3484 3427
3485 3428
3486 3429
3487 3430
3488 3431
3489 3432
3490 3433
3491 3434
3492 3435
3493 3436
3494 3437
3495 3438
3496 3439
3497 3440
3498 3441
3499 3442
3500 3443
3501 3444
3502 3445
3503 3446
3504 3447
3505 3448
3506 3449
3507 3450
3508 3451
3509 3452
3510 3453
3511 3454
3512 3455
3513 3456
3514 3457
3515 3458
3516 3459
3517 3460
3518 3461
3519 3462
3520 3463
3521 3464
3522 3465
3523 3466
3524 3467
3525 3468
3526 3469
3527 3470
3528 3471
3529 3472
3530 3473
3531 3474
3532 3475
3533 3476
3534 4872
3535 3477
3536 3478
3537 3479
3538 3480
3539 3481
3540 3482
3541 3483
3542 3484
3543 4872
3544 3485
3545 4872
3546 3486
3547 3487
3548 3488
3549 3489
3550 3490
3551 3491
3552 3492
3553 3493
3554 3494
3555 3495
3556 3496
3557 3497
3558 3498
3559 3499
3560 3500
3561 3501
3562 3502
3563 3503
3564 3504
3565 3505
3566 3506
3567 3507
3568 3508
3569 3509
3570 3510
3571 3511
3572 3512
3573 3513
3574 3514
3575 3515
3576 3516
3577 3517
3578 3518
3579 3519
3580 3520
3581 3521
3582 3522
3583 3523
3584 3524
3585 3525
3586 3526
3587 3527
3588 3528
3589 3529
3590 3530
3591 3531
3592 3532
3593 3533
3594 3534
3595 3535
3596 3536
3597 3537
3598 3538
3599 4872
3600 3539
3601 3540
3602 3541
3603 3542
3604 3543
3605 3544
3606 3545
3607 3546
3608 3547
3609 3548
3610 3549
3611 3550
3612 3551
3613 3552
3614 3553
3615 3554
3616 3555
3617 3556
3618 3557
3619 3558
3620 3559
3621 3560
3622 3561
3623 3562
3624 3563
3625 3564
3626 3565
3627 3566
3628 3567
3629 3568
3630 3569
3631 3570
3632 3571
3633 3572
3634 3573
3635 3574
3636 3575
3637 1976
3638 3576
3639 3577
3640 3578
3641 3579
3642 3580
3643 3581
3644 3582
3645 3583
3646 3584
3647 3585
3648 3586
3649 3587
3650 3588
3651 3589
3652 3590
3653 3591
3654 4872
3655 3592
3656 3593
3657 3594
3658 3595
3659 3596
3660 3597
3661 3598
3662 3599
3663 3600
3664 3601
3665 3602
3666 3603
3667 3604
3668 3605
3669 3606
3670 3607
3671 3608
3672 3609
3673 3610
3674 3611
3675 3612
3676 3613
3677 3614
3678 3615
3679 3616
3680 3617
3681 3618
3682 3619
3683 3620
3684 3621
3685 3622
3686 3623
3687 3624
3688 3625
3689 3626
3690 3627
3691 3628
3692 3629
3693 3630
3694 3631
3695 3632
3696 3633
3697 3634
3698 3635
3699 3636
3700 3637
3701 3638
3702 3639
3703 3640
3704 3641
3705 3642
3706 3643
3707 3644
3708 3645
3709 3646
3710 3647
3711 3648
3712 3649
3713 3650
3714 3651
3715 3652
3716 3653
3717 3654
3718 3655
3719 3656
3720 3657
3721 3658
3722 3659
3723 3660
3724 3661
3725 3662
3726 3663
3727 3664
3728 3665
3729 3666
3730 3667
3731 3668
3732 3669
3733 3670
3734 3671
3735 3672
3736 3673
3737 3674
3738 3675
3739 3676
3740 3677
3741 3678
3742 3679
3743 3680
3744 3681
3745 3682
3746 3683
3747 3684
3748 3685
3749 3686
3750 3687
3751 3688
3752 3689
3753 3690
3754 3691
3755 3692
3756 3693
3757 3694
3758 3695
3759 3696
3760 3697
3761 3698
3762 3699
3763 3700
3764 3701
3765 3702
3766 3703
3767 3704
3768 3705
3769 3706
3770 3707
3771 3708
3772 3709
3773 3710
3774 3711
3775 3712
3776 3713
3777 3714
3778 3715
3779 3716
3780 3717
3781 3718
3782 3719
3783 3720
3784 3721
3785 3722
3786 3723
3787 3724
3788 3725
3789 3726
3790 3727
3791 3728
3792 3729
3793 3730
3794 3731
3795 3732
3796 3733
3797 3734
3798 3735
3799 3736
3800 3737
3801 3738
3802 3739
3803 3740
3804 3741
3805 3742
3806 3743
3807 3744
3808 3745
3809 3746
3810 3747
3811 3748
3812 3749
3813 3750
3814 3751
3815 3752
3816 3753
3817 3754
3818 3755
3819 3756
3820 3757
3821 3758
3822 3759
3823 3760
3824 3761
3825 3762
3826 3763
3827 1771
3828 3764
3829 3765
3830 3766
3831 3767
3832 3768
3833 3769
3834 3770
3835 3771
3836 3772
3837 3773
3838 3774
3839 3775
3840 3776
3841 3777
3842 3778
3843 3779
3844 3780
3845 3781
3846 3782
3847 3783
3848 3784
3849 3785
3850 3786
3851 3787
3852 3788
3853 3789
3854 3790
3855 3791
3856 3792
3857 3793
3858 3794
3859 3795
3860 3796
3861 3797
3862 3798
3863 3799
3864 3800
3865 3801
3866 3802
3867 3803
3868 3804
3869 3805
3870 3806
3871 3807
3872 3808
3873 3809
3874 3810
3875 3811
3876 3812
3877 3813
3878 4872
3879 3814
3880 3815
3881 3816
3882 3817
3883 3818
3884 3819
3885 3820
3886 3821
3887 3822
3888 3823
3889 1994
3890 3824
3891 3825
3892 3826
3893 3827
3894 3828
3895 3829
3896 3830
3897 3831
3898 3832
3899 3833
3900 3834
3901 3835
3902 3836
3903 3837
3904 3838
3905 3839
3906 3840
3907 3841
3908 3842
3909 3843
3910 3844
3911 3845
3912 3846
3913 3847
3914 3848
3915 3849
3916 3850
3917 3851
3918 3852
3919 3853
3920 3854
3921 3855
3922 3856
3923 3857
3924 3858
3925 3859
3926 3860
3927 3861
3928 3862
3929 3863
3930 3864
3931 3865
3932 3866
3933 3867
3934 3868
3935 3869
3936 3870
3937 3871
3938 3872
3939 3873
3940 3874
3941 3875
3942 3876
3943 3877
3944 3878
3945 3879
3946 3880
3947 3881
3948 3882
3949 3883
3950 3884
3951 3885
3952 3886
3953 3887
3954 3888
3955 3889
3956 3890
3957 3891
3958 3892
3959 3893
3960 3894
3961 3895
3962 3896
3963 3897
3964 3898
3965 3899
3966 3900
3967 3901
3968 3902
3969 3903
3970 3904
3971 3905
3972 3906
3973 3907
3974 3908
3975 3909
3976 3910
3977 3911
3978 3912
3979 3913
3980 3914
3981 3915
3982 3916
3983 3917
3984 3918
3985 3919
3986 3920
3987 3921
3988 3922
3989 3923
3990 3924
3991 3925
3992 3926
3993 3927
3994 3928
3995 3929
3996 3930
3997 3931
3998 3932
3999 3933
4000 3934
4001 4872
4002 3935
4003 3936
4004 3937
4005 3938
4006 3939
4007 3940
4008 3941
4009 3942
4010 3943
4011 3944
4012 3945
4013 3946
4014 3947
4015 3948
4016 3949
4017 3950
4018 3951
4019 3952
4020 3953
4021 3954
4022 3955
4023 3956
4024 3957
4025 3958
4026 3959
4027 3960
4028 3961
4029 3962
4030 3963
4031 3964
4032 3965
4033 3966
4034 3967
4035 3968
4036 3969
4037 3970
4038 2343
4039 3971
4040 3972
4041 3973
4042 3974
4043 3975
4044 3976
4045 3977
4046 3978
4047 3979
4048 3980
4049 3981
4050 3982
4051 3983
4052 3984
4053 3985
4054 3986
4055 3987
4056 3988
4057 3989
4058 3990
4059 3991
4060 3992
4061 3993
4062 3994
4063 3995
4064 3996
4065 3997
4066 3998
4067 3999
4068 4000
4069 4001
4070 4002
4071 4003
4072 4004
4073 4005
4074 4006
4075 4007
4076 4008
4077 4009
4078 4010
4079 4011
4080 4012
4081 4013
4082 4014
4083 4015
4084 4016
4085 4017
4086 4018
4087 4019
4088 4020
4089 4021
4090 4022
4091 4023
4092 4024
4093 4025
4094 4026
4095 4027
4096 4028
4097 4029
4098 4030
4099 4031
4100 4032
4101 4033
4102 4034
4103 4035
4104 4036
4105 4037
4106 4038
4107 4039
4108 4040
4109 4041
4110 4042
4111 4043
4112 4044
4113 4045
4114 4046
4115 4047
4116 4048
4117 4049
4118 4050
4119 4051
4120 4052
4121 4053
4122 4054
4123 4055
4124 4056
4125 4057
4126 4058
4127 4059
4128 4060
4129 4061
4130 4062
4131 4063
4132 4064
4133 4065
4134 4066
4135 4067
4136 4068
4137 4069
4138 4070
4139 4071
4140 4072
4141 4073
4142 4872
4143 4074
4144 4075
4145 4076
4146 4077
4147 4078
4148 4079
4149 4080
4150 4081
4151 4082
4152 4083
4153 4084
4154 4085
4155 4086
4156 4087
4157 4088
4158 4089
4159 4090
4160 4091
4161 4092
4162 4093
4163 4094
4164 4095
4165 4096
4166 4097
4167 4098
4168 4099
4169 4100
4170 4101
4171 4102
4172 4103
4173 4104
4174 4105
4175 4106
4176 4107
4177 4108
4178 4109
4179 4110
4180 4111
4181 4112
4182 4113
4183 4114
4184 4115
4185 4116
4186 4117
4187 4118
4188 4119
4189 4120
4190 4121
4191 4122
4192 4123
4193 4124
4194 4125
4195 4126
4196 4127
4197 4128
4198 4129
4199 4130
4200 4131
4201 4132
4202 4133
4203 4134
4204 4135
4205 4136
4206 4137
4207 4138
4208 4139
4209 4140
4210 4141
4211 4142
4212 4143
4213 4144
4214 4145
4215 4146
4216 4147
4217 4148
4218 4149
4219 4150
4220 4151
4221 4152
4222 4153
4223 4154
4224 4155
4225 4156
4226 4157
4227 4158
4228 4159
4229 4160
4230 4161
4231 4162
4232 4163
4233 4164
4234 4165
4235 4166
4236 4167
4237 4168
4238 4169
4239 4170
4240 4171
4241 4172
4242 4173
4243 4174
4244 4175
4245 4176
4246 4177
4247 4178
4248 4179
4249 4180
4250 4181
4251 4182
4252 4183
4253 4184
4254 4185
4255 4186
4256 4187
4257 4188
4258 4189
4259 4190
4260 4191
4261 4192
4262 4193
4263 4194
4264 4195
4265 4196
4266 4197
4267 4198
4268 4199
4269 4200
4270 4201
4271 4202
4272 4203
4273 4204
4274 4205
4275 4206
4276 4207
4277 4208
4278 4209
4279 4210
4280 4211
4281 4212
4282 4213
4283 1976
4284 4214
4285 4215
4286 4216
4287 4217
4288 4218
4289 4219
4290 4220
4291 4221
4292 4222
4293 4223
4294 4224
4295 4225
4296 4226
4297 4227
4298 4228
4299 4229
4300 4230
4301 4231
4302 4232
4303 4233
4304 4234
4305 4235
4306 4236
4307 4237
4308 4238
4309 4239
4310 4240
4311 4241
4312 4242
4313 4243
4314 4244
4315 4245
4316 4246
4317 4247
4318 4248
4319 4249
4320 4250
4321 4251
4322 4252
4323 4253
4324 4254
4325 4255
4326 4256
4327 4257
4328 4258
4329 4259
4330 4260
4331 4261
4332 4262
4333 4263
4334 4264
4335 4265
4336 4266
4337 4267
4338 4268
4339 4269
4340 4270
4341 4271
4342 4272
4343 4273
4344 4274
4345 4275
4346 4276
4347 4277
4348 4278
4349 4279
4350 4280
4351 4281
4352 4282
4353 4283
4354 4284
4355 4285
4356 4286
4357 4287
4358 4288
4359 4289
4360 4290
4361 4291
4362 4292
4363 4293
4364 4294
4365 4295
4366 4296
4367 4297
4368 4298
4369 4299
4370 4300
4371 4301
4372 4302
4373 4303
4374 4304
4375 4305
4376 4306
4377 4307
4378 4872
4379 4308
4380 4309
4381 4310
4382 4311
4383 4312
4384 4313
4385 4314
4386 4315
4387 4316
4388 4317
4389 4318
4390 4319
4391 4320
4392 4321
4393 4322
4394 4323
4395 4324
4396 4325
4397 4326
4398 4327
4399 4872
4400 4328
4401 4329
4402 4330
4403 4331
4404 4332
4405 4333
4406 4334
4407 4335
4408 4336
4409 4337
4410 4338
4411 4339
4412 4340
4413 4341
4414 4342
4415 4343
4416 4344
4417 4345
4418 4346
4419 4347
4420 4348
4421 4349
4422 4350
4423 4351
4424 4352
4425 4353
4426 4354
4427 4355
4428 4356
4429 4357
4430 4358
4431 4359
4432 4360
4433 4361
4434 4362
4435 4363
4436 4364
4437 4365
4438 4366
4439 4367
4440 4368
4441 4369
4442 4370
4443 4371
4444 4372
4445 4373
4446 4374
4447 4375
4448 4376
4449 4377
4450 4378
4451 4379
4452 4380
4453 4381
4454 4382
4455 4383
4456 4384
4457 4385
4458 4386
4459 4387
4460 4388
4461 4389
4462 4390
4463 4391
4464 4392
4465 4393
4466 4394
4467 4395
4468 4396
4469 4397
4470 4398
4471 4399
4472 4400
4473 4401
4474 4402
4475 4403
4476 4404
4477 4405
4478 4406
4479 4407
4480 4408
4481 4409
4482 4410
4483 4411
4484 4412
4485 4413
4486 4414
4487 4415
4488 4416
4489 4417
4490 4418
4491 4419
4492 4420
4493 4421
4494 4422
4495 4423
4496 4424
4497 4425
4498 4426
4499 4427
4500 4428
4501 4429
4502 4430
4503 4431
4504 4432
4505 4433
4506 4434
4507 4435
4508 1976
4509 4436
4510 4437
4511 4438
4512 4439
4513 4440
4514 4441
4515 4442
4516 4443
4517 4444
4518 4445
4519 4446
4520 4447
4521 4448
4522 4449
4523 4450
4524 4451
4525 4452
4526 4453
4527 4454
4528 4455
4529 4456
4530 4457
4531 4458
4532 4459
4533 4460
4534 4461
4535 4462
4536 4463
4537 4464
4538 4465
4539 4466
4540 4467
4541 4468
4542 4469
4543 4470
4544 4471
4545 4472
4546 4473
4547 4474
4548 4475
4549 4476
4550 4477
4551 4478
4552 4479
4553 4480
4554 4481
4555 4482
4556 4483
4557 4484
4558 4485
4559 4486
4560 4487
4561 4488
4562 4489
4563 4490
4564 4491
4565 4492
4566 4493
4567 4494
4568 4495
4569 4496
4570 4497
4571 4498
4572 4499
4573 4500
4574 4501
4575 4502
4576 4503
4577 4504
4578 4505
4579 4506
4580 4507
4581 4508
4582 4509
4583 4510
4584 4511
4585 4512
4586 4513
4587 4514
4588 4515
4589 4516
4590 4517
4591 4518
4592 4519
4593 4520
4594 4521
4595 4522
4596 4523
4597 4524
4598 4525
4599 4526
4600 4527
4601 4528
4602 4529
4603 4530
4604 4531
4605 4532
4606 4533
4607 4534
4608 4535
4609 4536
4610 4537
4611 4538
4612 4539
4613 4540
4614 4541
4615 4542
4616 4543
4617 4544
4618 4545
4619 4546
4620 4547
4621 4548
4622 4549
4623 4550
4624 4551
4625 4552
4626 4553
4627 4554
4628 4555
4629 4556
4630 4557
4631 4558
4632 4559
4633 4560
4634 4561
4635 4562
4636 4563
4637 4564
4638 4565
4639 4566
4640 4567
4641 4568
4642 4569
4643 4570
4644 4571
4645 4572
4646 4573
4647 4574
4648 4575
4649 4576
4650 4577
4651 4578
4652 4579
4653 4580
4654 4581
4655 4582
4656 4583
4657 4584
4658 4585
4659 4586
4660 4587
4661 4588
4662 4589
4663 4590
4664 4591
4665 4592
4666 4593
4667 4594
4668 4595
4669 4596
4670 4597
4671 4598
4672 4599
4673 4600
4674 4601
4675 4602
4676 4603
4677 4604
4678 1771
4679 4605
4680 4606
4681 4607
4682 4608
4683 4609
4684 4610
4685 4611
4686 4612
4687 4613
4688 4614
4689 4615
4690 4616
4691 4617
4692 4618
4693 4619
4694 4620
4695 4621
4696 4622
4697 4623
4698 4624
4699 4625
4700 4626
4701 4627
4702 4628
4703 4629
4704 4630
4705 4631
4706 4632
4707 4633
4708 4634
4709 4635
4710 4636
4711 4637
4712 4638
4713 4639
4714 4640
4715 4641
4716 4642
4717 4643
4718 4644
4719 4645
4720 4646
4721 4647
4722 4648
4723 4649
4724 4650
4725 4872
4726 4651
4727 4652
4728 4653
4729 4654
4730 4655
4731 4656
4732 4657
4733 4658
4734 4659
4735 4660
4736 4661
4737 4662
4738 4663
4739 4664
4740 4665
4741 4666
4742 4667
4743 4668
4744 4669
4745 4670
4746 4671
4747 4672
4748 4673
4749 4674
4750 4675
4751 4676
4752 4677
4753 4678
4754 4679
4755 4680
4756 4681
4757 4682
4758 4683
4759 4684
4760 4685
4761 4686
4762 4687
4763 4688
4764 4689
4765 4690
4766 4691
4767 4692
4768 4693
4769 4694
4770 4695
4771 4696
4772 4697
4773 4698
4774 4699
4775 4700
4776 4701
4777 4702
4778 4703
4779 4704
4780 4705
4781 4706
4782 4707
4783 4708
4784 4709
4785 4710
4786 4711
4787 4712
4788 4713
4789 4714
4790 4715
4791 4716
4792 4717
4793 4718
4794 4719
4795 4720
4796 4721
4797 4722
4798 4723
4799 4724
4800 4725
4801 4726
4802 4727
4803 4728
4804 4729
4805 4730
4806 4731
4807 4732
4808 4733
4809 4734
4810 4735
4811 4736
4812 4737
4813 4738
4814 4739
4815 4740
4816 4741
4817 4742
4818 4743
4819 4744
4820 4745
4821 4746
4822 4747
4823 4748
4824 4749
4825 4750
4826 4751
4827 4752
4828 2343
4829 4753
4830 4754
4831 4755
4832 4756
4833 4757
4834 4758
4835 4759
4836 4760
4837 4761
4838 1976
4839 4762
4840 4763
4841 4764
4842 4765
4843 4766
4844 4767
4845 4768
4846 4769
4847 4770
4848 4771
4849 4772
4850 4773
4851 4774
4852 4775
4853 4776
4854 4777
4855 4778
4856 4779
4857 4780
4858 4781
4859 4782
4860 4783
4861 4784
4862 4785
4863 4786
4864 4787
4865 4788
4866 4789
4867 4790
4868 4791
4869 4792
4870 4793
4871 4794
4872 4795
4873 4796
4874 4797
4875 4798
4876 4799
4877 4800
4878 4801
4879 4802
4880 4803
4881 4804
4882 4805
4883 4806
4884 4807
4885 4808
4886 4809
4887 4810
4888 4811
4889 4812
4890 4813
4891 4814
4892 4815
4893 4816
4894 4817
4895 4818
4896 4819
4897 4820
4898 4821
4899 4822
4900 4823
4901 4824
4902 4825
4903 4826
4904 4827
4905 4828
4906 4829
4907 4830
4908 4831
4909 4832
4910 4833
4911 4834
4912 4835
4913 4836
4914 4837
4915 4838
4916 4839
4917 4840
4918 4841
4919 4842
4920 4843
4921 4844
4922 4845
4923 4846
4924 4847
4925 4848
4926 4849
4927 4850
4928 4851
4929 4852
4930 4853
4931 4854
4932 4855
4933 4856
4934 4857
4935 4858
4936 4859
4937 4860
4938 4861
4939 4862
4940 4863
4941 4864
4942 4865
4943 4866
4944 4867
4945 4868
4946 4869
4947 4870
4948 4871
4949 4872
4950 4873
4951 4874
4952 4875
4953 4876
4954 4877
4955 4878
4956 4879
4957 4880
4958 4881
4959 4882
4960 4883
4961 4884
4962 4885
4963 4886
4964 4887
4965 4888
4966 4889
4967 4890
4968 4891
4969 1771
4970 4892
4971 4893
4972 4894
4973 4895
4974 4896
4975 4897
4976 4898
4977 4899
4978 4900
4979 4901
4980 4902
4981 4903
4982 4904
4983 4905
4984 4906
4985 4907
4986 4908
4987 4909
4988 4910
4989 4911
4990 4912
4991 563
4992 4913
4993 4914
4994 4915
4995 4916
4996 4917
4997 4918
4998 4919
4999 4920
5000 4921
5001 4922
5002 4923
5003 4924
5004 4925
5005 4926
5006 4927
5007 4928
5008 4929
5009 4930
5010 4931
5011 4932
5012 4933
5013 4934
5014 4935
5015 4936
5016 4937
5017 4938
5018 1976
5019 4939
5020 4940
5021 4941
5022 4942
5023 4943
5024 4944
5025 4945
5026 4946
5027 4947
5028 4948
5029 4949
5030 4950
5031 4951
5032 4952
5033 4953
5034 4954
5035 4955
5036 4956
5037 4957
5038 4958
5039 4959
5040 4960
5041 4961
5042 4962
5043 4963
5044 4964
5045 4965
5046 4966
5047 4967
5048 4968
5049 4969
5050 4970
5051 4971
5052 4972
5053 4973
5054 4974
5055 4975
5056 4976
5057 4977
5058 4978
5059 4979
5060 4980
5061 4981
5062 4982
5063 4983
5064 4984
5065 4985
5066 4986
5067 4987
5068 4988
5069 4989
5070 4990
5071 4991
5072 4992
5073 4993
5074 4994
5075 4995
5076 4996
5077 4997
5078 4998
5079 4999
5080 5000
5081 4872
5082 5001
5083 5002
5084 5003
5085 4872
5086 5004
5087 5005
5088 5006
5089 5007
5090 5008
5091 5009
5092 4872
5093 5010
5094 5011
5095 4872
5096 5012
5097 5013
5098 5014
5099 5015
5100 5016
5101 5017
5102 5018
5103 5019
5104 5020
5105 5021
5106 5022
5107 5023
5108 5024
5109 5025
5110 5026
5111 5027
5112 5028
5113 5029
5114 4872
5115 5030
5116 5031
5117 5032
5118 5033
5119 5034
5120 5035
5121 5036
5122 5037
5123 5038
5124 5039
5125 5040
5126 5041
5127 5042
5128 5043
5129 5044
5130 5045
5131 5046
5132 5047
5133 5048
5134 5049
5135 5050
5136 5051
5137 5052
5138 5053
5139 5054
5140 5055
5141 5056
5142 5057
5143 5058
5144 5059
5145 5060
5146 5061
5147 5062
5148 5063
5149 5064
5150 5065
5151 5066
5152 5067
5153 5068
5154 5069
5155 5070
5156 5071
5157 4872
5158 5072
5159 5073
5160 5074
5161 5075
5162 5076
5163 5077
5164 5078
5165 5079
5166 5080
5167 5081
5168 4872
5169 5082
5170 5083
5171 5084
5172 563
