0 0
1 1
2 2
3 3
4 3726
5 4
6 5
7 6
8 7
9 8
10 9
11 10
12 11
13 12
14 13
15 14
16 15
17 16
18 17
19 18
20 19
21 20
22 3726
23 21
24 22
25 23
26 24
27 25
28 26
29 27
30 28
31 29
32 30
33 31
34 32
35 33
36 34
37 35
38 36
39 3726
40 37
41 38
42 39
43 40
44 41
45 42
46 43
47 44
48 45
49 46
50 47
51 48
52 49
53 50
54 51
55 52
56 53
57 54
58 55
59 56
60 1373
61 2544
62 57
63 58
64 59
65 60
66 61
67 62
68 4663
69 63
70 64
71 65
72 66
73 67
74 68
75 69
76 70
77 71
78 72
79 73
80 74
81 75
82 76
83 77
84 78
85 79
86 80
87 81
88 718
89 82
90 83
91 84
92 85
93 86
94 87
95 88
96 89
97 90
98 91
99 92
100 93
101 94
102 95
103 3944
104 96
105 97
106 98
107 99
108 100
109 101
110 102
111 103
112 104
113 105
114 106
115 107
116 108
117 109
118 110
119 111
120 112
121 113
122 114
123 115
124 116
125 117
126 118
127 119
128 120
129 121
130 3196
131 122
132 123
133 124
134 125
135 126
136 127
137 128
138 129
139 130
140 131
141 132
142 133
143 134
144 135
145 136
146 137
147 138
148 139
149 140
150 141
151 142
152 143
153 144
154 145
155 146
156 718
157 147
158 148
159 149
160 150
161 151
162 152
163 153
164 154
165 155
166 846
167 1373
168 156
169 718
170 157
171 158
172 159
173 3726
174 160
175 161
176 162
177 163
178 164
179 165
180 166
181 167
182 168
183 169
184 170
185 171
186 4663
187 172
188 173
189 174
190 175
191 176
192 177
193 178
194 179
195 180
196 181
197 182
198 183
199 184
200 185
201 186
202 187
203 188
204 189
205 190
206 191
207 192
208 193
209 194
210 195
211 1373
212 196
213 197
214 4663
215 198
216 199
217 200
218 1373
219 201
220 202
221 203
222 204
223 205
224 206
225 207
226 208
227 209
228 210
229 211
230 212
231 213
232 214
233 215
234 216
235 217
236 218
237 219
238 220
239 221
240 222
241 223
242 224
243 225
244 226
245 227
246 228
247 229
248 230
249 231
250 718
251 232
252 233
253 234
254 235
255 236
256 237
257 238
258 239
259 240
260 241
261 242
262 243
263 244
264 245
265 246
266 247
267 248
268 249
269 250
270 251
271 252
272 253
273 254
274 255
275 256
276 257
277 258
278 259
279 260
280 261
281 262
282 263
283 264
284 3726
285 265
286 266
287 267
288 268
289 269
290 270
291 271
292 272
293 273
294 274
295 1373
296 275
297 276
298 277
299 278
300 279
301 280
302 281
303 282
304 283
305 284
306 285
307 286
308 1373
309 287
310 288
311 289
312 290
313 291
314 292
315 293
316 294
317 295
318 296
319 297
320 298
321 299
322 300
323 301
324 302
325 303
326 304
327 305
328 306
329 307
330 308
331 309
332 310
333 1373
334 311
335 312
336 313
337 314
338 315
339 316
340 317
341 318
342 319
343 320
344 321
345 322
346 323
347 324
348 325
349 326
350 327
351 328
352 329
353 3196
354 330
355 331
356 332
357 333
358 334
359 335
360 336
361 337
362 338
363 339
364 340
365 341
366 342
367 343
368 344
369 345
370 346
371 347
372 348
373 349
374 350
375 351
376 352
377 353
378 354
379 355
380 356
381 357
382 358
383 359
384 360
385 361
386 362
387 363
388 364
389 365
390 366
391 367
392 368
393 369
394 370
395 371
396 372
397 373
398 374
399 375
400 1373
401 376
402 377
403 378
404 379
405 380
406 381
407 382
408 383
409 3726
410 384
411 385
412 386
413 387
414 388
415 389
416 390
417 391
418 392
419 393
420 394
421 395
422 396
423 397
424 398
425 399
426 400
427 401
428 402
429 1373
430 403
431 404
432 405
433 1373
434 406
435 407
436 408
437 409
438 410
439 411
440 412
441 413
442 3196
443 414
444 415
445 416
446 417
447 418
448 419
449 420
450 421
451 422
452 423
453 424
454 425
455 426
456 427
457 428
458 429
459 430
460 431
461 432
462 433
463 434
464 435
465 436
466 437
467 438
468 439
469 440
470 441
471 442
472 443
473 444
474 445
475 446
476 447
477 448
478 449
479 450
480 3540
481 451
482 452
483 453
484 454
485 455
486 456
487 457
488 458
489 459
490 460
491 461
492 462
493 463
494 464
495 465
496 466
497 467
498 468
499 469
500 470
501 471
502 472
503 473
504 474
505 475
506 476
507 477
508 478
509 479
510 480
511 1373
512 481
513 482
514 483
515 484
516 485
517 486
518 487
519 488
520 489
521 490
522 491
523 492
524 493
525 494
526 495
527 496
528 497
529 498
530 499
531 500
532 501
533 502
534 503
535 504
536 505
537 506
538 507
539 508
540 1373
541 509
542 510
543 511
544 512
545 513
546 514
547 515
548 516
549 517
550 518
551 519
552 520
553 521
554 522
555 523
556 1373
557 524
558 525
559 526
560 527
561 528
562 529
563 530
564 531
565 532
566 533
567 534
568 535
569 536
570 537
571 538
572 539
573 540
574 2152
575 541
576 542
577 543
578 544
579 545
580 546
581 547
582 548
583 549
584 550
585 551
586 1373
587 552
588 553
589 554
590 555
591 556
592 557
593 558
594 559
595 560
596 561
597 562
598 563
599 564
600 565
601 566
602 567
603 568
604 569
605 570
606 571
607 572
608 573
609 574
610 575
611 3540
612 576
613 577
614 578
615 579
616 580
617 581
618 582
619 583
620 584
621 585
622 586
623 587
624 588
625 589
626 590
627 591
628 592
629 593
630 594
631 595
632 596
633 597
634 598
635 599
636 600
637 601
638 602
639 603
640 604
641 605
642 606
643 607
644 608
645 609
646 610
647 611
648 612
649 613
650 614
651 615
652 616
653 617
654 618
655 619
656 620
657 621
658 3900
659 622
660 623
661 624
662 625
663 846
664 626
665 627
666 628
667 629
668 630
669 631
670 632
671 633
672 634
673 635
674 636
675 637
676 638
677 639
678 640
679 641
680 642
681 643
682 644
683 645
684 646
685 647
686 648
687 649
688 1775
689 650
690 651
691 652
692 653
693 654
694 655
695 656
696 657
697 658
698 659
699 660
700 1775
701 661
702 662
703 663
704 664
705 665
706 666
707 667
708 668
709 669
710 670
711 671
712 672
713 673
714 674
715 675
716 676
717 677
718 678
719 1373
720 679
721 680
722 1775
723 681
724 682
725 683
726 684
727 685
728 686
729 687
730 1373
731 1373
732 688
733 689
734 690
735 691
736 692
737 693
738 718
739 694
740 695
741 696
742 697
743 698
744 699
745 700
746 701
747 702
748 703
749 704
750 705
751 706
752 707
753 3726
754 708
755 709
756 710
757 711
758 712
759 713
760 714
761 715
762 716
763 717
764 1373
765 719
766 720
767 721
768 722
769 723
770 724
771 725
772 726
773 727
774 728
775 729
776 730
777 731
778 732
779 4663
780 733
781 734
782 735
783 736
784 737
785 738
786 739
787 740
788 741
789 3726
790 742
791 743
792 744
793 745
794 746
795 747
796 748
797 749
798 750
799 751
800 752
801 753
802 754
803 755
804 756
805 757
806 758
807 759
808 760
809 761
810 762
811 763
812 764
813 765
814 1373
815 766
816 767
817 768
818 769
819 770
820 771
821 772
822 773
823 2152
824 774
825 775
826 776
827 777
828 778
829 1775
830 779
831 780
832 781
833 782
834 3726
835 783
836 784
837 785
838 786
839 787
840 788
841 789
842 790
843 1373
844 791
845 792
846 793
847 794
848 795
849 796
850 797
851 798
852 799
853 800
854 801
855 802
856 803
857 804
858 805
859 806
860 807
861 808
862 809
863 810
864 811
865 812
866 813
867 814
868 815
869 816
870 817
871 818
872 819
873 820
874 821
875 822
876 823
877 824
878 825
879 826
880 827
881 828
882 829
883 830
884 831
885 832
886 833
887 4663
888 834
889 835
890 836
891 837
892 838
893 839
894 1775
895 840
896 841
897 842
898 843
899 844
900 3485
901 845
902 846
903 847
904 848
905 849
906 850
907 851
908 852
909 853
910 854
911 855
912 856
913 857
914 858
915 859
916 860
917 861
918 1373
919 862
920 863
921 864
922 865
923 866
924 867
925 868
926 869
927 870
928 871
929 872
930 873
931 874
932 875
933 876
934 877
935 878
936 1373
937 879
938 880
939 881
940 882
941 883
942 884
943 885
944 886
945 887
946 888
947 889
948 1373
949 890
950 891
951 1373
952 892
953 893
954 894
955 895
956 3726
957 896
958 897
959 898
960 899
961 900
962 901
963 902
964 903
965 904
966 905
967 906
968 907
969 908
970 909
971 910
972 911
973 912
974 913
975 914
976 915
977 916
978 917
979 918
980 919
981 920
982 921
983 922
984 923
985 924
986 925
987 926
988 927
989 928
990 929
991 930
992 931
993 932
994 933
995 934
996 935
997 936
998 937
999 938
1000 939
1001 940
1002 941
1003 942
1004 943
1005 944
1006 945
1007 946
1008 947
1009 948
1010 949
1011 950
1012 951
1013 952
1014 953
1015 954
1016 955
1017 956
1018 957
1019 958
1020 959
1021 960
1022 961
1023 962
1024 963
1025 964
1026 965
1027 966
1028 967
1029 968
1030 969
1031 970
1032 971
1033 972
1034 973
1035 974
1036 975
1037 976
1038 977
1039 978
1040 979
1041 980
1042 981
1043 982
1044 983
1045 984
1046 985
1047 1373
1048 986
1049 987
1050 988
1051 989
1052 990
1053 991
1054 992
1055 993
1056 994
1057 995
1058 996
1059 997
1060 998
1061 999
1062 1000
1063 1001
1064 1002
1065 1003
1066 1004
1067 1373
1068 1005
1069 1006
1070 1007
1071 1008
1072 1009
1073 1010
1074 1011
1075 4663
1076 1012
1077 1013
1078 1014
1079 1015
1080 1016
1081 1017
1082 2152
1083 1018
1084 1019
1085 1020
1086 1021
1087 1022
1088 1023
1089 1024
1090 1025
1091 1026
1092 1027
1093 1028
1094 1029
1095 1030
1096 1031
1097 1032
1098 1033
1099 1034
1100 1035
1101 1036
1102 1037
1103 1038
1104 1039
1105 1040
1106 1041
1107 1042
1108 1043
1109 1044
1110 1045
1111 1046
1112 1047
1113 1048
1114 1049
1115 1050
1116 1051
1117 1052
1118 1053
1119 668
1120 1054
1121 1055
1122 1056
1123 1057
1124 1058
1125 1059
1126 1060
1127 1061
1128 1062
1129 1063
1130 1064
1131 1065
1132 1066
1133 1067
1134 1068
1135 1069
1136 1070
1137 1071
1138 1072
1139 1073
1140 1074
1141 1075
1142 1076
1143 718
1144 1077
1145 1078
1146 1079
1147 1080
1148 1081
1149 1082
1150 1083
1151 1084
1152 1085
1153 1086
1154 1087
1155 1373
1156 1088
1157 1089
1158 1090
1159 1091
1160 1092
1161 1093
1162 1094
1163 1095
1164 1096
1165 1097
1166 1098
1167 1099
1168 1100
1169 1101
1170 1102
1171 1103
1172 1104
1173 1105
1174 1106
1175 1107
1176 1108
1177 1109
1178 1110
1179 1111
1180 1112
1181 1113
1182 1114
1183 1115
1184 3900
1185 1116
1186 1117
1187 1118
1188 1119
1189 1120
1190 1121
1191 1122
1192 1123
1193 1124
1194 1125
1195 1126
1196 1127
1197 1128
1198 1129
1199 1130
1200 1131
1201 1132
1202 1133
1203 1775
1204 1134
1205 1135
1206 1136
1207 1137
1208 1138
1209 1139
1210 1140
1211 1141
1212 1142
1213 1143
1214 1144
1215 1145
1216 1146
1217 1147
1218 1148
1219 1149
1220 1150
1221 1151
1222 1152
1223 1153
1224 1154
1225 1155
1226 1156
1227 1157
1228 1158
1229 718
1230 1159
1231 1160
1232 1161
1233 1373
1234 1162
1235 1163
1236 1164
1237 1165
1238 1166
1239 1167
1240 1168
1241 1169
1242 1170
1243 1171
1244 1172
1245 1173
1246 1174
1247 1175
1248 1176
1249 1177
1250 1178
1251 1179
1252 1180
1253 1181
1254 1182
1255 1183
1256 1184
1257 1775
1258 1185
1259 1186
1260 1187
1261 1188
1262 1189
1263 1190
1264 1191
1265 1192
1266 1193
1267 1194
1268 1195
1269 1196
1270 1197
1271 2544
1272 1198
1273 1199
1274 1200
1275 1201
1276 1202
1277 1203
1278 1204
1279 4663
1280 1205
1281 1206
1282 1207
1283 1208
1284 1209
1285 1210
1286 1211
1287 1212
1288 1213
1289 1214
1290 1215
1291 1216
1292 1217
1293 1218
1294 1219
1295 1220
1296 1221
1297 1222
1298 1223
1299 1224
1300 1225
1301 1226
1302 1227
1303 1228
1304 1229
1305 1230
1306 1231
1307 1232
1308 1233
1309 1234
1310 1235
1311 1236
1312 1237
1313 1238
1314 1373
1315 1239
1316 1240
1317 1241
1318 1242
1319 1243
1320 1244
1321 1245
1322 1246
1323 1247
1324 1248
1325 4663
1326 1249
1327 1250
1328 1251
1329 1252
1330 1253
1331 1254
1332 1255
1333 1256
1334 1257
1335 1258
1336 1259
1337 1260
1338 1373
1339 1261
1340 1262
1341 1263
1342 1264
1343 1265
1344 1266
1345 1267
1346 1268
1347 1269
1348 1270
1349 1271
1350 1272
1351 1273
1352 1274
1353 1275
1354 1276
1355 1277
1356 1278
1357 1373
1358 1279
1359 1280
1360 1281
1361 1282
1362 1283
1363 1284
1364 1285
1365 1286
1366 1287
1367 1288
1368 1289
1369 1290
1370 1291
1371 1292
1372 1293
1373 1294
1374 1295
1375 1296
1376 1297
1377 1298
1378 1299
1379 1300
1380 1301
1381 1302
1382 2152
1383 1303
1384 1304
1385 1305
1386 1306
1387 1307
1388 1308
1389 1309
1390 1310
1391 1311
1392 1312
1393 1313
1394 1314
1395 1315
1396 1316
1397 1317
1398 1318
1399 1319
1400 1320
1401 3726
1402 1321
1403 1322
1404 1373
1405 1323
1406 1324
1407 1325
1408 1326
1409 1327
1410 1328
1411 1329
1412 1330
1413 1331
1414 1332
1415 1333
1416 1334
1417 1335
1418 1336
1419 1337
1420 1338
1421 1373
1422 718
1423 1339
1424 1340
1425 1341
1426 1342
1427 1343
1428 1344
1429 1345
1430 1346
1431 1347
1432 1348
1433 1349
1434 1350
1435 1351
1436 1352
1437 718
1438 1353
1439 1354
1440 1355
1441 1356
1442 1357
1443 1358
1444 1359
1445 1360
1446 1361
1447 1362
1448 1363
1449 1364
1450 1365
1451 1366
1452 1367
1453 1368
1454 1369
1455 1370
1456 1371
1457 1372
1458 1373
1459 1374
1460 1375
1461 1376
1462 1377
1463 1378
1464 1379
1465 2152
1466 1373
1467 1380
1468 1381
1469 1382
1470 1383
1471 1384
1472 1385
1473 1386
1474 1387
1475 1388
1476 1389
1477 1390
1478 4663
1479 1391
1480 1392
1481 1393
1482 1394
1483 1395
1484 1396
1485 1397
1486 1398
1487 1399
1488 1400
1489 1401
1490 1402
1491 1403
1492 1404
1493 1405
1494 1406
1495 1407
1496 1408
1497 1409
1498 2152
1499 1410
1500 1411
1501 1412
1502 1413
1503 1414
1504 1415
1505 1416
1506 1417
1507 1418
1508 1419
1509 3944
1510 1420
1511 1421
1512 1422
1513 1423
1514 1424
1515 1425
1516 1426
1517 1427
1518 1428
1519 1429
1520 1430
1521 1431
1522 1432
1523 1433
1524 1434
1525 1435
1526 1436
1527 1373
1528 1437
1529 1438
1530 1439
1531 1440
1532 1441
1533 1442
1534 1443
1535 1444
1536 1445
1537 1446
1538 1447
1539 1448
1540 1449
1541 1450
1542 1451
1543 1452
1544 1373
1545 1453
1546 1454
1547 1455
1548 1456
1549 1457
1550 1458
1551 1459
1552 1460
1553 1461
1554 1462
1555 1463
1556 1464
1557 718
1558 1465
1559 1466
1560 1467
1561 1468
1562 1469
1563 1470
1564 1471
1565 1472
1566 1473
1567 1474
1568 1475
1569 1476
1570 1477
1571 1478
1572 1479
1573 1480
1574 1481
1575 1482
1576 1483
1577 1484
1578 1485
1579 1486
1580 1487
1581 1488
1582 1489
1583 1490
1584 1491
1585 1492
1586 1493
1587 1494
1588 1495
1589 1496
1590 1497
1591 1498
1592 1499
1593 1500
1594 1501
1595 1502
1596 1503
1597 1504
1598 1505
1599 1506
1600 1507
1601 1508
1602 1509
1603 1510
1604 1511
1605 1512
1606 1513
1607 1514
1608 1515
1609 1516
1610 1517
1611 1518
1612 1519
1613 1520
1614 1521
1615 1522
1616 1523
1617 1524
1618 1525
1619 1526
1620 1527
1621 1528
1622 718
1623 1529
1624 1530
1625 1531
1626 1532
1627 1533
1628 1534
1629 1535
1630 1536
1631 1537
1632 1538
1633 3726
1634 1539
1635 1540
1636 1541
1637 1542
1638 1543
1639 1544
1640 3485
1641 1373
1642 1545
1643 1546
1644 1547
1645 1548
1646 1549
1647 1550
1648 1551
1649 4663
1650 1552
1651 1553
1652 1554
1653 1555
1654 1556
1655 1557
1656 1558
1657 1559
1658 1560
1659 1561
1660 1562
1661 1563
1662 1564
1663 1565
1664 1566
1665 1567
1666 1568
1667 1569
1668 1570
1669 1571
1670 1572
1671 1573
1672 1574
1673 1575
1674 1576
1675 1577
1676 1578
1677 1579
1678 1580
1679 1581
1680 1582
1681 1583
1682 1584
1683 1585
1684 1586
1685 1587
1686 1588
1687 1589
1688 1590
1689 1591
1690 1592
1691 1593
1692 1594
1693 1595
1694 1596
1695 1597
1696 1598
1697 1599
1698 1600
1699 1601
1700 1602
1701 1603
1702 1604
1703 1605
1704 1606
1705 1607
1706 1608
1707 1609
1708 1610
1709 1611
1710 1612
1711 1613
1712 1614
1713 1615
1714 1616
1715 1617
1716 1618
1717 1619
1718 1620
1719 1621
1720 1622
1721 1623
1722 1624
1723 1625
1724 1626
1725 1627
1726 1628
1727 1629
1728 1630
1729 1631
1730 1632
1731 1633
1732 1634
1733 1635
1734 1636
1735 1637
1736 1638
1737 1639
1738 1640
1739 1641
1740 1642
1741 1643
1742 1644
1743 1645
1744 1646
1745 1647
1746 1373
1747 3900
1748 1648
1749 1649
1750 1650
1751 1651
1752 1652
1753 1653
1754 1654
1755 4663
1756 1655
1757 1656
1758 1657
1759 1658
1760 1659
1761 1660
1762 1661
1763 1662
1764 1663
1765 1664
1766 1665
1767 1666
1768 1667
1769 1668
1770 3726
1771 1669
1772 1670
1773 1671
1774 1672
1775 1673
1776 1674
1777 1675
1778 1676
1779 1677
1780 1678
1781 1679
1782 1680
1783 1681
1784 2152
1785 1682
1786 1683
1787 1684
1788 1685
1789 1686
1790 2152
1791 1687
1792 1688
1793 1689
1794 1690
1795 1691
1796 1692
1797 1693
1798 1694
1799 1695
1800 1696
1801 1697
1802 1698
1803 1699
1804 1700
1805 1701
1806 3726
1807 1702
1808 1703
1809 1704
1810 1705
1811 1706
1812 1707
1813 718
1814 1708
1815 1373
1816 1709
1817 1710
1818 1711
1819 2844
1820 1712
1821 1713
1822 1714
1823 1715
1824 1716
1825 1717
1826 1718
1827 1719
1828 1720
1829 1721
1830 1722
1831 1723
1832 1724
1833 1725
1834 1726
1835 1727
1836 1728
1837 1729
1838 1730
1839 1731
1840 1732
1841 1733
1842 1734
1843 1735
1844 1736
1845 1737
1846 1738
1847 1739
1848 1740
1849 1741
1850 1742
1851 1743
1852 4663
1853 1744
1854 1745
1855 1746
1856 1747
1857 1748
1858 1749
1859 1750
1860 3726
1861 1751
1862 1752
1863 1753
1864 1754
1865 1755
1866 1756
1867 1757
1868 1758
1869 1759
1870 1760
1871 3726
1872 1761
1873 1762
1874 1763
1875 1764
1876 4663
1877 1765
1878 1766
1879 1767
1880 1768
1881 1769
1882 1770
1883 1373
1884 1373
1885 1771
1886 1772
1887 1773
1888 1774
1889 1775
1890 1776
1891 1777
1892 1778
1893 1779
1894 1780
1895 1781
1896 1782
1897 1783
1898 1784
1899 1785
1900 1786
1901 1787
1902 1788
1903 1789
1904 1790
1905 1791
1906 1792
1907 1793
1908 1794
1909 1795
1910 1796
1911 1797
1912 1798
1913 1799
1914 1800
1915 1801
1916 1802
1917 1803
1918 1804
1919 1805
1920 1806
1921 1807
1922 1808
1923 1809
1924 1810
1925 1373
1926 1373
1927 1811
1928 1812
1929 1813
1930 4663
1931 1814
1932 1815
1933 1816
1934 1817
1935 1818
1936 1819
1937 1820
1938 1821
1939 1822
1940 1823
1941 1824
1942 1825
1943 1826
1944 1827
1945 1828
1946 1829
1947 1830
1948 1831
1949 1832
1950 1833
1951 1775
1952 1834
1953 1835
1954 1836
1955 1837
1956 1838
1957 1839
1958 1840
1959 1841
1960 1842
1961 1843
1962 1844
1963 1845
1964 4663
1965 1846
1966 1847
1967 1848
1968 1849
1969 1850
1970 1851
1971 1852
1972 1853
1973 1854
1974 1855
1975 1856
1976 1857
1977 1858
1978 1859
1979 1860
1980 1861
1981 1862
1982 1863
1983 1864
1984 1865
1985 1866
1986 1867
1987 718
1988 1868
1989 1869
1990 1870
1991 1871
1992 1872
1993 1873
1994 1874
1995 1875
1996 1876
1997 1877
1998 1878
1999 1879
2000 1880
2001 1881
2002 1882
2003 1883
2004 1884
2005 1885
2006 1886
2007 1887
2008 1888
2009 1889
2010 1890
2011 1891
2012 1892
2013 1893
2014 1894
2015 1895
2016 1896
2017 1897
2018 1898
2019 1899
2020 1900
2021 1901
2022 1902
2023 1903
2024 1904
2025 1905
2026 1775
2027 1906
2028 1907
2029 1908
2030 1909
2031 1910
2032 1373
2033 1911
2034 1912
2035 1913
2036 4663
2037 1914
2038 1915
2039 1916
2040 1917
2041 1918
2042 1919
2043 1920
2044 1921
2045 1922
2046 1923
2047 1924
2048 1925
2049 1926
2050 1927
2051 1928
2052 1929
2053 1930
2054 1931
2055 1932
2056 1933
2057 1934
2058 1935
2059 1936
2060 1937
2061 1938
2062 1939
2063 1940
2064 1941
2065 1942
2066 1943
2067 1944
2068 1775
2069 1945
2070 1946
2071 1947
2072 1948
2073 1949
2074 1950
2075 1951
2076 1952
2077 1953
2078 1954
2079 1955
2080 1956
2081 1957
2082 1373
2083 1958
2084 1959
2085 1960
2086 2152
2087 1961
2088 1962
2089 1963
2090 1964
2091 1965
2092 1966
2093 1967
2094 1968
2095 1969
2096 1970
2097 1949
2098 1971
2099 1972
2100 1973
2101 1974
2102 1975
2103 1976
2104 1977
2105 1978
2106 1979
2107 1980
2108 1981
2109 1982
2110 1775
2111 1983
2112 1984
2113 1985
2114 1986
2115 1987
2116 1988
2117 1989
2118 1990
2119 1991
2120 1992
2121 1993
2122 1373
2123 1994
2124 846
2125 1995
2126 1996
2127 1997
2128 1998
2129 1999
2130 2000
2131 2001
2132 2002
2133 2003
2134 2004
2135 2005
2136 2006
2137 2007
2138 2008
2139 2009
2140 2010
2141 2011
2142 2012
2143 2013
2144 2014
2145 2015
2146 2016
2147 1373
2148 2017
2149 2018
2150 2019
2151 2020
2152 2021
2153 2022
2154 2023
2155 2024
2156 2025
2157 2026
2158 2027
2159 2028
2160 2029
2161 2030
2162 2031
2163 2032
2164 2033
2165 2034
2166 2035
2167 2036
2168 2037
2169 2038
2170 2039
2171 2040
2172 2041
2173 2042
2174 2043
2175 2044
2176 2045
2177 2046
2178 2047
2179 2048
2180 2049
2181 2050
2182 2051
2183 2052
2184 2053
2185 2054
2186 2055
2187 2056
2188 2057
2189 2058
2190 2059
2191 2060
2192 2061
2193 2062
2194 2063
2195 2064
2196 2065
2197 2066
2198 2067
2199 2068
2200 2069
2201 2070
2202 2071
2203 2072
2204 2073
2205 2074
2206 2075
2207 2076
2208 2077
2209 2078
2210 2079
2211 2080
2212 2081
2213 2082
2214 2083
2215 2084
2216 2085
2217 2086
2218 2087
2219 2088
2220 2089
2221 2090
2222 2091
2223 2092
2224 2093
2225 2094
2226 2095
2227 2096
2228 2097
2229 2098
2230 2099
2231 2100
2232 2101
2233 2102
2234 2103
2235 2104
2236 2105
2237 2106
2238 2107
2239 2108
2240 2109
2241 2110
2242 2111
2243 2112
2244 2113
2245 2114
2246 2115
2247 2116
2248 2117
2249 2118
2250 2119
2251 2120
2252 2121
2253 2122
2254 2123
2255 2124
2256 2125
2257 2126
2258 2127
2259 2128
2260 2129
2261 2130
2262 2131
2263 1373
2264 2132
2265 2133
2266 2134
2267 2135
2268 2136
2269 2137
2270 2138
2271 2139
2272 2140
2273 2141
2274 2142
2275 2143
2276 2144
2277 2145
2278 2146
2279 2147
2280 2148
2281 2149
2282 2150
2283 2151
2284 2152
2285 2153
2286 2154
2287 2155
2288 2156
2289 2157
2290 2158
2291 2159
2292 2160
2293 2161
2294 2162
2295 2163
2296 2164
2297 2165
2298 2166
2299 2167
2300 2168
2301 2169
2302 2170
2303 2171
2304 2172
2305 2173
2306 2174
2307 2175
2308 2176
2309 3726
2310 2177
2311 2178
2312 2179
2313 2180
2314 2181
2315 2182
2316 2183
2317 2184
2318 2185
2319 2186
2320 2187
2321 2188
2322 2189
2323 2190
2324 2191
2325 2192
2326 2193
2327 2194
2328 2195
2329 2196
2330 3136
2331 2197
2332 2198
2333 2199
2334 2200
2335 2201
2336 2202
2337 2203
2338 2204
2339 2205
2340 2206
2341 2207
2342 2208
2343 2209
2344 2210
2345 2211
2346 2212
2347 2213
2348 2214
2349 2215
2350 2216
2351 1373
2352 4663
2353 2217
2354 2218
2355 2219
2356 1373
2357 2220
2358 2221
2359 2222
2360 2223
2361 2224
2362 2225
2363 2226
2364 2227
2365 2228
2366 2229
2367 2230
2368 2231
2369 2232
2370 2233
2371 2234
2372 2235
2373 2236
2374 3726
2375 2237
2376 2238
2377 2239
2378 2240
2379 2241
2380 2242
2381 2243
2382 2244
2383 2245
2384 2246
2385 2247
2386 2248
2387 3540
2388 2249
2389 2250
2390 2251
2391 2252
2392 2253
2393 2254
2394 2255
2395 2256
2396 2257
2397 2258
2398 2259
2399 1373
2400 2260
2401 2261
2402 2262
2403 2263
2404 2264
2405 2265
2406 2266
2407 2267
2408 2268
2409 2269
2410 2270
2411 2271
2412 2272
2413 2273
2414 2274
2415 2275
2416 2276
2417 2277
2418 1373
2419 2278
2420 2279
2421 2280
2422 2281
2423 2282
2424 2283
2425 2284
2426 2285
2427 2286
2428 2287
2429 2288
2430 2289
2431 2290
2432 2291
2433 718
2434 2292
2435 2293
2436 2294
2437 2295
2438 2296
2439 2297
2440 2298
2441 2299
2442 2300
2443 2301
2444 1373
2445 2302
2446 2303
2447 2304
2448 2305
2449 2306
2450 1373
2451 2307
2452 2308
2453 2309
2454 2310
2455 2311
2456 2312
2457 2313
2458 2314
2459 2315
2460 2316
2461 2317
2462 2318
2463 2319
2464 2320
2465 2321
2466 2322
2467 2323
2468 2324
2469 2325
2470 2326
2471 1775
2472 2327
2473 2328
2474 2329
2475 2330
2476 2331
2477 2332
2478 2333
2479 2521
2480 2334
2481 2335
2482 2336
2483 2337
2484 2338
2485 2339
2486 2340
2487 2341
2488 2342
2489 2343
2490 2344
2491 2345
2492 2346
2493 2347
2494 2348
2495 2349
2496 2350
2497 2351
2498 2352
2499 2353
2500 2354
2501 2355
2502 2356
2503 2357
2504 2358
2505 2359
2506 2360
2507 2361
2508 2362
2509 2363
2510 718
2511 2364
2512 2365
2513 2366
2514 2367
2515 2368
2516 2369
2517 2370
2518 2371
2519 2521
2520 2372
2521 2373
2522 2374
2523 2375
2524 2376
2525 2377
2526 2378
2527 2379
2528 2380
2529 1373
2530 1373
2531 2381
2532 2382
2533 2383
2534 2384
2535 4663
2536 2385
2537 2386
2538 2387
2539 2388
2540 2389
2541 2390
2542 2391
2543 2392
2544 2393
2545 2394
2546 2395
2547 2396
2548 2397
2549 2398
2550 2399
2551 2400
2552 2401
2553 2402
2554 2403
2555 2404
2556 2405
2557 2406
2558 2407
2559 2408
2560 2409
2561 2410
2562 2411
2563 2412
2564 2413
2565 2414
2566 2415
2567 2416
2568 2417
2569 2418
2570 2419
2571 2420
2572 2421
2573 2422
2574 2423
2575 2424
2576 2425
2577 2426
2578 2427
2579 2428
2580 2429
2581 2430
2582 2431
2583 2432
2584 2433
2585 2434
2586 2435
2587 2436
2588 2437
2589 2438
2590 2439
2591 2440
2592 2441
2593 2442
2594 2443
2595 2444
2596 2445
2597 2446
2598 2447
2599 2448
2600 2449
2601 2450
2602 2451
2603 1373
2604 2452
2605 2453
2606 2454
2607 2455
2608 2456
2609 2457
2610 2458
2611 2459
2612 2460
2613 2461
2614 2462
2615 2463
2616 2464
2617 2465
2618 2466
2619 2467
2620 2468
2621 2469
2622 2470
2623 2471
2624 2472
2625 2473
2626 2474
2627 2475
2628 2476
2629 2477
2630 2478
2631 2479
2632 2480
2633 2481
2634 2482
2635 2483
2636 2484
2637 2485
2638 2486
2639 2487
2640 2488
2641 2489
2642 2490
2643 1373
2644 2491
2645 2492
2646 2493
2647 2494
2648 2495
2649 2496
2650 2497
2651 2498
2652 2499
2653 2500
2654 2501
2655 2502
2656 2503
2657 2504
2658 2505
2659 2506
2660 2507
2661 2508
2662 2509
2663 2510
2664 2511
2665 2512
2666 2513
2667 2514
2668 2515
2669 2516
2670 2517
2671 2518
2672 2519
2673 2520
2674 2521
2675 2522
2676 2523
2677 2524
2678 2525
2679 2526
2680 2527
2681 2528
2682 2529
2683 2530
2684 2531
2685 2532
2686 2533
2687 2152
2688 2534
2689 2535
2690 2536
2691 2537
2692 2538
2693 2539
2694 2540
2695 2541
2696 2542
2697 2543
2698 2544
2699 2545
2700 2546
2701 2547
2702 2548
2703 2549
2704 2550
2705 2551
2706 2552
2707 2553
2708 2554
2709 2555
2710 2556
2711 2557
2712 2558
2713 2559
2714 2560
2715 2561
2716 2562
2717 2563
2718 2564
2719 2565
2720 2566
2721 2567
2722 2568
2723 2569
2724 2570
2725 2571
2726 1373
2727 2572
2728 2573
2729 2574
2730 2575
2731 2576
2732 2577
2733 2578
2734 2579
2735 2580
2736 2581
2737 3726
2738 2582
2739 2583
2740 2584
2741 2585
2742 2586
2743 2587
2744 2588
2745 2589
2746 2590
2747 2591
2748 2592
2749 2593
2750 2594
2751 2595
2752 2596
2753 2597
2754 2598
2755 2599
2756 2600
2757 2601
2758 2602
2759 2603
2760 2604
2761 2605
2762 2606
2763 2607
2764 2608
2765 2609
2766 2610
2767 2611
2768 2612
2769 2613
2770 2614
2771 2615
2772 2616
2773 2617
2774 2618
2775 2619
2776 2620
2777 2621
2778 2622
2779 2623
2780 2624
2781 2625
2782 1775
2783 2626
2784 1775
2785 2627
2786 2628
2787 2629
2788 2630
2789 2631
2790 1373
2791 2632
2792 2633
2793 2634
2794 2635
2795 2636
2796 2637
2797 2638
2798 2639
2799 2640
2800 2641
2801 2642
2802 2643
2803 2644
2804 2645
2805 2646
2806 2647
2807 2648
2808 2649
2809 2650
2810 2651
2811 3726
2812 2652
2813 2653
2814 2654
2815 2655
2816 2656
2817 2657
2818 2658
2819 2659
2820 2660
2821 2661
2822 2662
2823 2663
2824 1373
2825 2664
2826 2665
2827 2666
2828 2667
2829 2668
2830 2669
2831 2670
2832 2671
2833 2672
2834 2673
2835 2674
2836 2675
2837 2676
2838 2677
2839 2678
2840 2679
2841 2680
2842 2681
2843 2682
2844 2683
2845 2684
2846 2685
2847 2686
2848 2687
2849 2688
2850 2689
2851 2690
2852 2691
2853 2692
2854 3196
2855 2693
2856 2694
2857 2695
2858 2696
2859 2697
2860 2698
2861 2699
2862 2700
2863 2701
2864 2702
2865 2703
2866 1373
2867 2704
2868 2705
2869 2706
2870 2707
2871 2708
2872 2709
2873 2710
2874 2711
2875 2712
2876 2713
2877 2714
2878 2715
2879 2716
2880 2717
2881 2718
2882 2719
2883 2720
2884 2721
2885 2722
2886 2723
2887 2724
2888 2725
2889 2726
2890 2727
2891 2728
2892 2729
2893 2730
2894 2731
2895 2732
2896 2733
2897 1373
2898 1373
2899 2734
2900 2735
2901 2736
2902 2737
2903 2738
2904 2739
2905 2740
2906 2741
2907 2742
2908 2743
2909 2744
2910 2745
2911 3726
2912 2746
2913 2747
2914 2748
2915 2749
2916 2750
2917 2751
2918 2152
2919 2752
2920 2753
2921 2754
2922 2755
2923 2756
2924 2757
2925 2758
2926 2759
2927 2760
2928 2761
2929 2762
2930 2763
2931 2764
2932 2765
2933 2766
2934 2767
2935 2768
2936 2769
2937 2770
2938 2771
2939 2772
2940 2773
2941 2774
2942 2775
2943 2776
2944 1373
2945 2777
2946 2778
2947 2779
2948 3196
2949 2780
2950 2781
2951 2782
2952 2783
2953 2784
2954 2785
2955 1373
2956 2786
2957 2787
2958 2788
2959 2789
2960 2790
2961 2791
2962 2792
2963 2793
2964 2794
2965 2795
2966 2796
2967 2797
2968 2798
2969 2799
2970 2800
2971 2801
2972 2802
2973 2803
2974 2804
2975 2805
2976 2806
2977 2807
2978 2808
2979 2809
2980 2810
2981 2811
2982 2812
2983 2813
2984 2814
2985 2815
2986 2816
2987 2817
2988 2818
2989 2819
2990 2820
2991 2821
2992 2822
2993 2823
2994 2824
2995 2825
2996 2826
2997 2827
2998 2828
2999 2829
3000 2830
3001 2831
3002 2832
3003 2833
3004 2834
3005 2835
3006 2836
3007 2837
3008 2838
3009 2839
3010 2840
3011 2841
3012 2842
3013 2843
3014 2844
3015 1373
3016 2845
3017 2846
3018 2847
3019 2848
3020 2849
3021 2850
3022 2851
3023 2852
3024 2853
3025 2854
3026 2855
3027 2856
3028 2857
3029 2858
3030 2859
3031 2860
3032 2861
3033 2862
3034 1373
3035 2863
3036 2864
3037 2865
3038 2866
3039 2544
3040 2867
3041 2868
3042 2869
3043 2870
3044 4663
3045 2871
3046 2872
3047 2873
3048 2874
3049 2875
3050 2876
3051 2877
3052 2878
3053 2879
3054 2880
3055 2881
3056 2882
3057 1373
3058 2883
3059 2884
3060 2885
3061 2886
3062 2887
3063 2888
3064 2889
3065 2890
3066 2891
3067 1373
3068 2152
3069 2892
3070 2893
3071 2894
3072 2895
3073 1373
3074 2896
3075 2897
3076 2898
3077 2899
3078 2900
3079 2901
3080 2902
3081 2903
3082 2904
3083 2905
3084 2906
3085 2907
3086 2908
3087 2909
3088 2910
3089 2911
3090 2912
3091 2913
3092 2914
3093 2915
3094 718
3095 2916
3096 2917
3097 2918
3098 2919
3099 2920
3100 2921
3101 2922
3102 2923
3103 4663
3104 2924
3105 2925
3106 2926
3107 2927
3108 2928
3109 2929
3110 2930
3111 2931
3112 2932
3113 1373
3114 2933
3115 2934
3116 2935
3117 2936
3118 1373
3119 2937
3120 2938
3121 2939
3122 2940
3123 2941
3124 2942
3125 1373
3126 2152
3127 2943
3128 2944
3129 2945
3130 2946
3131 2947
3132 1373
3133 2948
3134 2949
3135 2950
3136 2951
3137 2952
3138 2953
3139 2954
3140 2955
3141 2956
3142 2957
3143 2958
3144 2959
3145 2960
3146 2961
3147 2962
3148 2963
3149 2964
3150 2965
3151 2966
3152 3726
3153 2967
3154 2968
3155 2969
3156 2970
3157 2971
3158 2972
3159 2973
3160 2974
3161 2975
3162 2976
3163 2977
3164 2978
3165 2979
3166 2980
3167 2981
3168 2982
3169 2983
3170 2984
3171 2985
3172 2986
3173 2987
3174 2988
3175 2989
3176 2990
3177 2991
3178 2992
3179 2993
3180 2994
3181 2995
3182 2996
3183 2997
3184 2998
3185 2999
3186 3000
3187 3001
3188 3002
3189 3003
3190 1775
3191 3004
3192 3005
3193 3006
3194 3007
3195 3008
3196 3009
3197 3010
3198 3011
3199 3012
3200 3013
3201 3014
3202 3015
3203 3016
3204 3017
3205 3018
3206 3019
3207 3020
3208 3021
3209 3022
3210 3023
3211 3024
3212 3025
3213 3026
3214 3027
3215 3028
3216 3029
3217 3030
3218 3031
3219 3032
3220 3033
3221 3034
3222 3035
3223 3036
3224 3037
3225 3038
3226 3039
3227 3040
3228 1373
3229 3041
3230 3042
3231 3043
3232 3044
3233 3045
3234 3046
3235 3047
3236 1373
3237 3048
3238 3049
3239 3050
3240 3051
3241 3052
3242 3053
3243 3054
3244 3055
3245 3056
3246 3057
3247 3058
3248 3059
3249 3060
3250 3061
3251 3062
3252 1373
3253 3063
3254 3064
3255 3065
3256 3066
3257 3067
3258 3068
3259 3069
3260 3070
3261 1775
3262 3071
3263 3072
3264 3073
3265 3074
3266 3075
3267 3076
3268 3077
3269 3078
3270 2152
3271 3079
3272 3080
3273 3081
3274 3082
3275 3485
3276 3083
3277 2152
3278 3084
3279 3085
3280 3086
3281 3087
3282 3088
3283 3089
3284 3090
3285 3091
3286 3092
3287 3093
3288 1373
3289 3094
3290 3095
3291 3096
3292 3097
3293 3098
3294 3099
3295 3100
3296 1373
3297 3101
3298 3102
3299 3103
3300 3104
3301 3105
3302 3106
3303 3107
3304 3108
3305 3109
3306 3110
3307 3111
3308 3112
3309 3113
3310 3114
3311 3115
3312 3116
3313 3117
3314 3118
3315 3119
3316 3120
3317 3121
3318 3122
3319 3123
3320 3124
3321 3125
3322 3126
3323 3127
3324 3128
3325 3129
3326 3130
3327 3131
3328 3132
3329 3133
3330 3134
3331 3135
3332 718
3333 3137
3334 3138
3335 3139
3336 3140
3337 3141
3338 3142
3339 3143
3340 2844
3341 3144
3342 3145
3343 3146
3344 3147
3345 3148
3346 3149
3347 3150
3348 3151
3349 3152
3350 3153
3351 3154
3352 3155
3353 3156
3354 3157
3355 3158
3356 718
3357 3159
3358 3160
3359 3161
3360 3162
3361 3163
3362 3164
3363 3165
3364 3166
3365 3167
3366 3168
3367 3169
3368 3170
3369 3171
3370 3172
3371 3173
3372 3174
3373 3175
3374 3176
3375 3177
3376 3178
3377 3179
3378 3180
3379 3181
3380 3182
3381 3183
3382 3184
3383 3185
3384 3186
3385 3187
3386 3188
3387 3189
3388 3190
3389 3191
3390 3192
3391 3193
3392 3194
3393 3195
3394 3196
3395 3197
3396 3198
3397 3199
3398 3200
3399 3201
3400 3202
3401 3203
3402 3204
3403 3205
3404 3206
3405 3207
3406 3208
3407 3209
3408 3210
3409 3211
3410 3212
3411 3213
3412 3214
3413 3215
3414 3216
3415 3217
3416 3218
3417 3219
3418 3220
3419 3221
3420 3222
3421 3223
3422 3224
3423 3225
3424 3226
3425 668
3426 3227
3427 718
3428 1373
3429 3228
3430 3229
3431 3230
3432 3231
3433 3232
3434 3233
3435 3234
3436 3235
3437 3236
3438 3237
3439 3238
3440 3239
3441 3240
3442 3241
3443 3242
3444 3243
3445 3244
3446 3245
3447 718
3448 3246
3449 3247
3450 3248
3451 718
3452 846
3453 3249
3454 3250
3455 3251
3456 3252
3457 3253
3458 3254
3459 3255
3460 3256
3461 3257
3462 3258
3463 3259
3464 3260
3465 3261
3466 3262
3467 3263
3468 3264
3469 3265
3470 3266
3471 3726
3472 3267
3473 3268
3474 3269
3475 3270
3476 3271
3477 3272
3478 3273
3479 3274
3480 3275
3481 3276
3482 3277
3483 3278
3484 3279
3485 3280
3486 3281
3487 3282
3488 3283
3489 3284
3490 3285
3491 3286
3492 3287
3493 3288
3494 3289
3495 3290
3496 3291
3497 3292
3498 3293
3499 3294
3500 3295
3501 2844
3502 3296
3503 3297
3504 3298
3505 3299
3506 3300
3507 3301
3508 3302
3509 3303
3510 3304
3511 3305
3512 3306
3513 1775
3514 3307
3515 3308
3516 3309
3517 3310
3518 3311
3519 3312
3520 3313
3521 3314
3522 3315
3523 3316
3524 3317
3525 3318
3526 3319
3527 3726
3528 3320
3529 3321
3530 3900
3531 3322
3532 3323
3533 3324
3534 3325
3535 3326
3536 3327
3537 3328
3538 3329
3539 3330
3540 3331
3541 3332
3542 3333
3543 3334
3544 3335
3545 3336
3546 3337
3547 3338
3548 3339
3549 3340
3550 3341
3551 3342
3552 3343
3553 3344
3554 3345
3555 3346
3556 3347
3557 3348
3558 3349
3559 3350
3560 3351
3561 3352
3562 3353
3563 3354
3564 1373
3565 3355
3566 3356
3567 3357
3568 3358
3569 3359
3570 3360
3571 3361
3572 3362
3573 3363
3574 3364
3575 3365
3576 3366
3577 3367
3578 4663
3579 3368
3580 3369
3581 1373
3582 3370
3583 3371
3584 3372
3585 3373
3586 3374
3587 3375
3588 3376
3589 3377
3590 3378
3591 3379
3592 718
3593 3380
3594 3381
3595 3382
3596 3383
3597 3384
3598 3385
3599 3386
3600 3387
3601 3388
3602 3389
3603 3390
3604 3391
3605 3392
3606 3393
3607 3394
3608 3395
3609 3396
3610 3397
3611 3398
3612 3399
3613 3400
3614 3401
3615 3402
3616 3403
3617 3404
3618 3405
3619 3406
3620 3407
3621 3408
3622 3409
3623 1373
3624 3410
3625 3411
3626 3412
3627 3413
3628 3414
3629 3415
3630 3416
3631 3417
3632 3418
3633 3419
3634 3420
3635 3421
3636 3422
3637 3423
3638 3424
3639 3425
3640 3426
3641 3427
3642 3428
3643 3429
3644 3430
3645 3431
3646 3432
3647 3433
3648 3434
3649 3435
3650 3436
3651 3437
3652 846
3653 3438
3654 3439
3655 3440
3656 3441
3657 3442
3658 3443
3659 3444
3660 3445
3661 3446
3662 3447
3663 3448
3664 3449
3665 3450
3666 3451
3667 3452
3668 3453
3669 3454
3670 3455
3671 1373
3672 3456
3673 3457
3674 3458
3675 3459
3676 3460
3677 3461
3678 3462
3679 3463
3680 3464
3681 3465
3682 3466
3683 3467
3684 3468
3685 3469
3686 3470
3687 3471
3688 1775
3689 3472
3690 3473
3691 3474
3692 3475
3693 3476
3694 3477
3695 3478
3696 3479
3697 3480
3698 3481
3699 3482
3700 3483
3701 3484
3702 1775
3703 3944
3704 3486
3705 3900
3706 3487
3707 3488
3708 3489
3709 3490
3710 1373
3711 3491
3712 3492
3713 3493
3714 3494
3715 3495
3716 3496
3717 3497
3718 3498
3719 3499
3720 3500
3721 3501
3722 3502
3723 3503
3724 3504
3725 3505
3726 3506
3727 3507
3728 3508
3729 3509
3730 3510
3731 3511
3732 3512
3733 3513
3734 3514
3735 846
3736 3515
3737 3516
3738 3517
3739 3518
3740 3519
3741 3520
3742 3521
3743 3522
3744 3523
3745 3524
3746 3525
3747 3526
3748 3527
3749 3528
3750 3529
3751 3530
3752 3531
3753 3532
3754 3533
3755 3534
3756 3535
3757 3536
3758 3537
3759 3538
3760 3539
3761 1373
3762 3541
3763 3542
3764 3543
3765 3544
3766 3545
3767 1373
3768 3546
3769 3547
3770 3548
3771 3549
3772 3550
3773 3551
3774 3552
3775 3553
3776 718
3777 3554
3778 1775
3779 3555
3780 3556
3781 3557
3782 3558
3783 3559
3784 3560
3785 3561
3786 3562
3787 3563
3788 3564
3789 3565
3790 1775
3791 3566
3792 3567
3793 3568
3794 3569
3795 3570
3796 3571
3797 3572
3798 3573
3799 3574
3800 3575
3801 3576
3802 3577
3803 3578
3804 3579
3805 3580
3806 2152
3807 3581
3808 3582
3809 3583
3810 3584
3811 3585
3812 3586
3813 3587
3814 3588
3815 3589
3816 3590
3817 3591
3818 3592
3819 3593
3820 3594
3821 3595
3822 3596
3823 3597
3824 3598
3825 3599
3826 3600
3827 3601
3828 3602
3829 3603
3830 3604
3831 3605
3832 3606
3833 3607
3834 3608
3835 3609
3836 3610
3837 3611
3838 3612
3839 3613
3840 3614
3841 3615
3842 3616
3843 3617
3844 3618
3845 3619
3846 3620
3847 3621
3848 3622
3849 3623
3850 3624
3851 3625
3852 3626
3853 3627
3854 3628
3855 3629
3856 3630
3857 3631
3858 3632
3859 3726
3860 3633
3861 1373
3862 3634
3863 3635
3864 3636
3865 3637
3866 3638
3867 3639
3868 718
3869 3640
3870 3641
3871 3642
3872 3643
3873 3644
3874 3645
3875 3646
3876 3647
3877 3648
3878 3649
3879 3650
3880 3651
3881 3652
3882 3653
3883 3654
3884 3655
3885 3656
3886 3657
3887 3658
3888 2152
3889 3659
3890 3660
3891 3661
3892 3662
3893 3663
3894 3664
3895 3665
3896 3666
3897 3667
3898 3668
3899 3669
3900 3670
3901 3671
3902 3672
3903 3673
3904 3674
3905 3675
3906 3676
3907 3677
3908 1373
3909 3678
3910 3679
3911 3680
3912 3681
3913 3682
3914 3683
3915 3684
3916 3685
3917 3686
3918 3136
3919 3687
3920 3688
3921 3689
3922 3196
3923 1373
3924 3690
3925 3691
3926 3692
3927 3693
3928 3694
3929 3695
3930 3696
3931 3697
3932 3698
3933 3699
3934 3700
3935 3701
3936 3702
3937 3703
3938 3704
3939 1373
3940 3705
3941 3706
3942 3707
3943 3708
3944 3709
3945 3710
3946 3711
3947 3712
3948 3713
3949 3714
3950 3715
3951 3716
3952 3717
3953 3718
3954 3719
3955 3720
3956 3721
3957 3722
3958 3723
3959 3724
3960 3725
3961 3726
3962 3727
3963 3728
3964 3729
3965 3730
3966 3731
3967 3732
3968 3733
3969 3734
3970 3735
3971 3736
3972 3737
3973 3738
3974 3739
3975 718
3976 3740
3977 3741
3978 3742
3979 3743
3980 3744
3981 3745
3982 3746
3983 3747
3984 3748
3985 3749
3986 3750
3987 3751
3988 1373
3989 3752
3990 3753
3991 3754
3992 3755
3993 3756
3994 3757
3995 3758
3996 3759
3997 3760
3998 3761
3999 3762
4000 3763
4001 3764
4002 3765
4003 3766
4004 3767
4005 3768
4006 3769
4007 3770
4008 3771
4009 3772
4010 3773
4011 3774
4012 3775
4013 3776
4014 718
4015 3777
4016 3778
4017 3779
4018 3780
4019 3781
4020 3782
4021 3783
4022 3784
4023 3785
4024 3786
4025 3787
4026 3788
4027 3789
4028 3790
4029 3791
4030 3792
4031 3793
4032 3794
4033 3795
4034 3796
4035 3797
4036 3798
4037 4663
4038 3799
4039 3800
4040 3801
4041 3802
4042 3803
4043 3804
4044 3805
4045 3806
4046 3807
4047 3808
4048 3809
4049 3810
4050 3811
4051 3812
4052 3813
4053 3814
4054 3815
4055 3816
4056 3817
4057 3818
4058 3819
4059 3820
4060 3821
4061 3822
4062 3823
4063 3824
4064 3825
4065 3826
4066 3827
4067 3828
4068 3829
4069 3830
4070 3831
4071 3832
4072 3726
4073 3833
4074 3834
4075 3835
4076 1373
4077 3836
4078 3837
4079 3838
4080 3839
4081 3840
4082 3841
4083 3842
4084 3843
4085 3844
4086 3845
4087 3846
4088 3847
4089 3848
4090 3849
4091 3850
4092 3851
4093 3852
4094 3726
4095 3853
4096 3854
4097 3855
4098 3856
4099 3857
4100 3858
4101 3859
4102 3860
4103 3861
4104 3862
4105 3863
4106 3864
4107 3865
4108 3866
4109 3867
4110 3868
4111 1373
4112 3869
4113 3870
4114 2152
4115 3871
4116 3872
4117 3873
4118 3874
4119 3875
4120 3876
4121 3877
4122 3878
4123 3879
4124 3880
4125 3881
4126 3882
4127 3883
4128 3884
4129 3885
4130 3886
4131 3887
4132 3888
4133 3889
4134 3890
4135 3891
4136 3892
4137 3893
4138 3894
4139 3895
4140 3896
4141 3897
4142 3898
4143 3899
4144 3900
4145 3901
4146 3902
4147 3903
4148 3904
4149 3905
4150 3906
4151 3907
4152 3908
4153 3909
4154 3910
4155 3911
4156 3912
4157 3913
4158 3914
4159 3915
4160 3916
4161 3917
4162 3918
4163 3919
4164 3920
4165 3921
4166 3922
4167 3923
4168 3924
4169 3925
4170 3926
4171 3927
4172 3928
4173 3929
4174 3930
4175 3931
4176 3932
4177 3933
4178 3934
4179 3935
4180 1373
4181 3936
4182 3196
4183 3937
4184 3938
4185 3939
4186 3940
4187 3941
4188 1373
4189 3942
4190 3943
4191 3944
4192 3945
4193 3946
4194 3947
4195 1373
4196 3948
4197 3949
4198 3950
4199 3951
4200 3952
4201 3953
4202 3954
4203 3955
4204 3956
4205 3957
4206 3958
4207 3959
4208 3960
4209 3961
4210 1775
4211 3962
4212 3963
4213 3964
4214 3965
4215 1775
4216 3966
4217 3967
4218 3968
4219 3969
4220 3970
4221 3971
4222 3972
4223 3973
4224 3974
4225 3975
4226 3976
4227 1775
4228 3977
4229 3978
4230 1373
4231 3979
4232 3980
4233 3981
4234 3982
4235 2521
4236 3983
4237 3984
4238 3985
4239 3986
4240 3987
4241 3988
4242 3989
4243 3990
4244 3991
4245 3992
4246 3993
4247 3994
4248 3995
4249 3996
4250 3997
4251 3998
4252 3999
4253 4000
4254 4001
4255 4002
4256 4003
4257 4004
4258 4005
4259 4006
4260 4007
4261 4008
4262 4009
4263 4010
4264 4011
4265 1775
4266 4012
4267 4013
4268 4014
4269 4015
4270 4016
4271 4017
4272 4018
4273 4019
4274 4020
4275 4021
4276 4022
4277 4023
4278 3726
4279 4024
4280 4025
4281 4026
4282 4027
4283 4028
4284 4029
4285 4030
4286 4031
4287 4032
4288 1373
4289 4033
4290 4034
4291 4035
4292 4036
4293 1775
4294 4037
4295 4038
4296 4039
4297 4040
4298 4041
4299 4042
4300 4043
4301 4044
4302 4045
4303 4046
4304 4047
4305 4048
4306 4049
4307 4050
4308 4051
4309 4052
4310 4053
4311 4054
4312 4055
4313 4056
4314 4057
4315 4058
4316 4059
4317 4060
4318 4061
4319 4062
4320 4063
4321 4064
4322 4065
4323 4066
4324 4067
4325 4068
4326 4069
4327 4070
4328 4071
4329 4072
4330 4073
4331 4074
4332 4075
4333 4076
4334 4077
4335 4078
4336 4079
4337 4080
4338 4081
4339 4082
4340 1373
4341 4083
4342 4084
4343 4085
4344 4086
4345 4087
4346 4088
4347 4089
4348 4090
4349 4091
4350 4092
4351 4093
4352 4094
4353 4095
4354 4096
4355 4097
4356 4098
4357 4099
4358 1775
4359 4100
4360 1373
4361 4101
4362 4102
4363 4103
4364 4104
4365 4105
4366 4106
4367 4107
4368 4108
4369 4109
4370 4110
4371 4111
4372 4112
4373 4113
4374 4114
4375 4115
4376 4116
4377 4117
4378 4118
4379 4119
4380 4120
4381 4121
4382 4122
4383 4123
4384 4124
4385 4125
4386 4126
4387 4127
4388 4128
4389 4129
4390 4130
4391 4131
4392 4132
4393 4133
4394 4134
4395 4135
4396 4136
4397 4137
4398 4138
4399 4139
4400 4140
4401 4141
4402 4142
4403 4143
4404 4144
4405 4663
4406 4145
4407 4146
4408 4147
4409 4148
4410 4149
4411 4150
4412 1373
4413 4151
4414 4152
4415 4153
4416 4154
4417 4155
4418 4156
4419 4157
4420 4158
4421 4159
4422 4160
4423 4161
4424 4162
4425 4163
4426 4164
4427 4165
4428 4166
4429 4167
4430 4168
4431 4169
4432 4170
4433 4171
4434 4172
4435 4173
4436 4174
4437 4175
4438 4176
4439 4177
4440 4178
4441 718
4442 4179
4443 4180
4444 4181
4445 4182
4446 1373
4447 4183
4448 4184
4449 4185
4450 718
4451 4186
4452 4187
4453 4188
4454 4189
4455 4190
4456 4191
4457 4192
4458 4193
4459 4194
4460 4195
4461 4196
4462 4197
4463 4198
4464 4199
4465 4200
4466 4201
4467 4202
4468 1775
4469 4203
4470 4204
4471 4205
4472 1373
4473 4206
4474 4207
4475 4208
4476 4209
4477 4210
4478 4211
4479 1775
4480 4212
4481 4663
4482 4213
4483 4214
4484 4215
4485 4216
4486 4217
4487 4218
4488 4219
4489 4220
4490 4221
4491 4222
4492 4223
4493 4224
4494 4225
4495 4226
4496 4227
4497 4228
4498 4229
4499 4230
4500 4231
4501 846
4502 4232
4503 4233
4504 4234
4505 4235
4506 4236
4507 4237
4508 4238
4509 1373
4510 4239
4511 4240
4512 4241
4513 4242
4514 4243
4515 4244
4516 4245
4517 4246
4518 4247
4519 4248
4520 4249
4521 4250
4522 4251
4523 4252
4524 4253
4525 4254
4526 4255
4527 4256
4528 4257
4529 4258
4530 4259
4531 4260
4532 4261
4533 4262
4534 4263
4535 4264
4536 4265
4537 4266
4538 4267
4539 4268
4540 4269
4541 4270
4542 4271
4543 4272
4544 4273
4545 4274
4546 1775
4547 4275
4548 4276
4549 718
4550 4277
4551 4278
4552 4279
4553 4280
4554 4281
4555 4282
4556 4283
4557 4284
4558 4285
4559 4286
4560 4287
4561 1775
4562 4288
4563 4289
4564 4290
4565 4291
4566 4292
4567 4293
4568 4294
4569 4295
4570 4296
4571 4297
4572 4298
4573 4299
4574 4300
4575 4301
4576 4302
4577 4303
4578 4304
4579 4305
4580 4306
4581 4307
4582 4308
4583 4309
4584 4310
4585 4311
4586 4312
4587 4313
4588 4314
4589 4315
4590 3726
4591 4316
4592 4317
4593 4318
4594 4319
4595 4320
4596 4321
4597 4322
4598 4323
4599 4324
4600 4325
4601 4326
4602 4327
4603 4328
4604 4329
4605 1775
4606 4663
4607 4330
4608 4331
4609 4332
4610 4333
4611 4334
4612 4335
4613 4336
4614 4337
4615 4338
4616 4339
4617 4663
4618 4340
4619 4341
4620 4342
4621 4343
4622 4344
4623 4345
4624 4346
4625 4347
4626 4348
4627 2844
4628 4349
4629 4350
4630 4351
4631 4352
4632 4353
4633 718
4634 4354
4635 4355
4636 4356
4637 4357
4638 4358
4639 4359
4640 4360
4641 3900
4642 4361
4643 4362
4644 4363
4645 4364
4646 4365
4647 4366
4648 4367
4649 4368
4650 4369
4651 4370
4652 4371
4653 4372
4654 4373
4655 4374
4656 4375
4657 4376
4658 4377
4659 4378
4660 4379
4661 4380
4662 4381
4663 4382
4664 4383
4665 4384
4666 4385
4667 1373
4668 4386
4669 4387
4670 4388
4671 4389
4672 4390
4673 4391
4674 4392
4675 4393
4676 4394
4677 4395
4678 4396
4679 4397
4680 4398
4681 4399
4682 4400
4683 1775
4684 4401
4685 1373
4686 4402
4687 4403
4688 4404
4689 4405
4690 4406
4691 4407
4692 4408
4693 4409
4694 4410
4695 4411
4696 4412
4697 4413
4698 4414
4699 4415
4700 4416
4701 4417
4702 4418
4703 4419
4704 4420
4705 4421
4706 4422
4707 4423
4708 4424
4709 4425
4710 4426
4711 4427
4712 1373
4713 4428
4714 4429
4715 4430
4716 4431
4717 4432
4718 4433
4719 4434
4720 4435
4721 4436
4722 4437
4723 4438
4724 4439
4725 4440
4726 4441
4727 4442
4728 1373
4729 4443
4730 4444
4731 3196
4732 4445
4733 4446
4734 4447
4735 4448
4736 4449
4737 4450
4738 4451
4739 4452
4740 4453
4741 4454
4742 4455
4743 4456
4744 4457
4745 4458
4746 4459
4747 4460
4748 4461
4749 4462
4750 4463
4751 1373
4752 4464
4753 4465
4754 4466
4755 4467
4756 4468
4757 4469
4758 4470
4759 4471
4760 4472
4761 4473
4762 1373
4763 4474
4764 4475
4765 4476
4766 4477
4767 4478
4768 4479
4769 4480
4770 3726
4771 4481
4772 4482
4773 4483
4774 4484
4775 4485
4776 4486
4777 4487
4778 4488
4779 4489
4780 2844
4781 4490
4782 4491
4783 4492
4784 4493
4785 4494
4786 4495
4787 4496
4788 4497
4789 4498
4790 4499
4791 4500
4792 4501
4793 4502
4794 4503
4795 4504
4796 4505
4797 4506
4798 4507
4799 4508
4800 4509
4801 4510
4802 4511
4803 4512
4804 4513
4805 4514
4806 4515
4807 4516
4808 4517
4809 4518
4810 1373
4811 4519
4812 4520
4813 4521
4814 4522
4815 4523
4816 4524
4817 4525
4818 4526
4819 4527
4820 4528
4821 4529
4822 4530
4823 4531
4824 4532
4825 1373
4826 4533
4827 4534
4828 4535
4829 4536
4830 4663
4831 4537
4832 4538
4833 4539
4834 4540
4835 4541
4836 4542
4837 4543
4838 4544
4839 4545
4840 4546
4841 4547
4842 4548
4843 4549
4844 4550
4845 4551
4846 4552
4847 4553
4848 4554
4849 4555
4850 4556
4851 4557
4852 4558
4853 4559
4854 4560
4855 4561
4856 4562
4857 4563
4858 4564
4859 4565
4860 4566
4861 4567
4862 4568
4863 4569
4864 4570
4865 4571
4866 4572
4867 4573
4868 1373
4869 4574
4870 4575
4871 4576
4872 4577
4873 4578
4874 4579
4875 4580
4876 4581
4877 4582
4878 4583
4879 4584
4880 4585
4881 4586
4882 4587
4883 4588
4884 4589
4885 4590
4886 4591
4887 4592
4888 4593
4889 4594
4890 4595
4891 4596
4892 4663
4893 4597
4894 4598
4895 4599
4896 4600
4897 4601
4898 4602
4899 4603
4900 4604
4901 4605
4902 4606
4903 4607
4904 4608
4905 4609
4906 4610
4907 4611
4908 4612
4909 4613
4910 4614
4911 4615
4912 4616
4913 4617
4914 4618
4915 4619
4916 4620
4917 4621
4918 4622
4919 4623
4920 4624
4921 4625
4922 4626
4923 4627
4924 4628
4925 4629
4926 1373
4927 4630
4928 4631
4929 4632
4930 4633
4931 4634
4932 4635
4933 4636
4934 4637
4935 1373
4936 4638
4937 4639
4938 4640
4939 4641
4940 846
4941 4642
4942 4643
4943 4644
4944 4645
4945 4646
4946 4647
4947 1373
4948 4648
4949 4649
4950 4650
4951 4651
4952 4652
4953 4653
4954 4654
4955 4655
4956 4656
4957 4657
4958 4658
4959 4659
4960 4660
4961 4661
4962 4662
4963 4663
4964 3726
4965 4664
4966 4665
4967 4666
4968 4667
4969 4668
4970 4669
4971 4670
4972 4671
4973 4672
4974 4673
4975 4674
4976 4675
4977 4676
4978 4677
4979 4678
4980 4679
4981 4680
4982 4681
4983 4682
4984 4683
4985 4684
4986 4685
4987 4686
4988 4687
4989 4688
4990 4689
4991 4690
4992 4691
4993 4692
4994 4693
4995 4694
4996 4695
4997 4696
4998 4697
4999 4698
5000 4699
5001 4700
5002 4701
5003 4702
5004 4703
5005 4704
5006 4705
5007 4706
5008 4707
5009 4708
5010 4709
5011 4710
5012 4663
5013 4711
5014 4712
5015 4713
5016 4714
5017 4715
5018 4716
5019 4717
5020 4718
5021 4719
5022 4720
5023 4721
5024 4722
5025 4723
5026 4724
5027 4725
5028 4726
5029 4727
5030 4728
5031 4729
5032 4730
5033 4731
5034 4732
5035 4733
5036 4734
5037 4735
5038 4736
5039 4737
5040 4738
5041 4739
5042 4740
5043 1373
5044 4741
5045 4742
5046 4743
5047 4744
5048 4745
5049 4746
5050 4747
5051 4748
5052 3540
5053 4749
5054 4750
5055 4751
5056 4752
5057 4753
5058 4754
5059 4755
5060 1373
5061 4756
5062 4757
5063 4758
5064 4759
5065 4760
5066 1373
5067 4761
5068 4762
5069 4763
5070 4764
5071 4765
5072 4766
5073 4767
5074 4768
5075 4769
5076 4770
5077 4771
5078 4772
5079 4773
5080 4774
5081 4775
5082 4776
5083 4777
5084 4778
5085 4779
5086 4780
5087 4781
5088 4782
5089 4783
5090 4784
5091 4785
5092 4786
5093 4787
5094 4788
5095 4789
5096 4790
5097 4791
5098 4792
5099 4793
5100 4794
5101 4795
5102 4796
5103 4797
5104 4798
5105 4799
5106 4800
5107 4801
5108 4802
5109 1373
5110 4803
5111 4804
5112 4805
5113 4806
5114 4807
5115 4808
5116 4809
5117 4810
5118 4811
5119 4812
5120 4813
5121 4814
5122 4815
5123 4816
5124 4817
5125 1373
5126 4818
5127 4819
5128 4820
5129 4821
5130 4822
5131 3726
5132 4823
5133 1373
5134 718
5135 4824
5136 4825
5137 4826
5138 4827
5139 4828
5140 4829
5141 4830
5142 4831
5143 4832
5144 4833
5145 4834
5146 4835
5147 4836
5148 4837
5149 4838
5150 4839
5151 4840
5152 4841
5153 4842
5154 4843
5155 4844
5156 4845
5157 4846
5158 4847
5159 4848
5160 4849
5161 4850
5162 4851
5163 4852
5164 4853
5165 4854
5166 4855
5167 4856
5168 4857
5169 4858
5170 4859
5171 3726
5172 4860
5173 4861
5174 4862
5175 4863
5176 4864
5177 4865
5178 4866
5179 4867
5180 4868
5181 4869
5182 4870
5183 4871
5184 4872
5185 4873
5186 4874
5187 4875
5188 4876
5189 4877
5190 4878
5191 4879
5192 4880
5193 4881
5194 4882
5195 4883
5196 4884
5197 4885
5198 4886
5199 4887
5200 4888
5201 4889
5202 4890
5203 4891
5204 4892
5205 4893
5206 4894
5207 4895
5208 4896
5209 4897
5210 4898
5211 4899
5212 4900
5213 3900
5214 4901
5215 4902
5216 4903
5217 4904
5218 4905
5219 4906
5220 4907
5221 4908
5222 4909
5223 4910
5224 4911
5225 4912
5226 4913
5227 4914
5228 4915
5229 4916
5230 4917
5231 4918
5232 4919
5233 4920
5234 4921
5235 4922
5236 4923
5237 4924
5238 4925
5239 4926
5240 4927
5241 4928
5242 4929
5243 4930
5244 4931
5245 4932
5246 4933
5247 4934
5248 4935
5249 1373
