0 499
1 0
2 1
3 2
4 3
5 4
6 5
7 6
8 7
9 8
10 9
11 3717
12 10
13 11
14 12
15 13
16 14
17 15
18 16
19 17
20 18
21 19
22 20
23 21
24 3717
25 22
26 23
27 24
28 25
29 26
30 27
31 28
32 29
33 30
34 31
35 3717
36 32
37 33
38 3717
39 34
40 35
41 36
42 3717
43 37
44 38
45 39
46 40
47 41
48 42
49 43
50 44
51 45
52 46
53 47
54 48
55 49
56 50
57 51
58 52
59 53
60 54
61 55
62 56
63 57
64 58
65 59
66 60
67 61
68 62
69 63
70 64
71 65
72 66
73 67
74 68
75 69
76 70
77 71
78 72
79 73
80 74
81 75
82 76
83 77
84 78
85 79
86 80
87 3717
88 81
89 82
90 83
91 84
92 85
93 86
94 87
95 88
96 89
97 90
98 91
99 92
100 93
101 94
102 95
103 96
104 97
105 98
106 99
107 100
108 101
109 102
110 103
111 104
112 105
113 106
114 107
115 108
116 109
117 110
118 111
119 112
120 113
121 114
122 115
123 116
124 117
125 118
126 119
127 120
128 121
129 122
130 123
131 499
132 124
133 125
134 126
135 127
136 128
137 129
138 130
139 131
140 132
141 133
142 134
143 135
144 136
145 137
146 138
147 139
148 140
149 141
150 142
151 143
152 1684
153 3717
154 144
155 145
156 146
157 147
158 148
159 149
160 150
161 151
162 152
163 153
164 154
165 155
166 156
167 157
168 158
169 159
170 3717
171 160
172 161
173 162
174 1684
175 163
176 164
177 165
178 166
179 167
180 168
181 3717
182 169
183 170
184 171
185 172
186 173
187 174
188 175
189 176
190 177
191 178
192 179
193 180
194 181
195 182
196 183
197 184
198 185
199 186
200 187
201 188
202 189
203 190
204 191
205 192
206 193
207 194
208 195
209 3717
210 196
211 197
212 198
213 199
214 200
215 201
216 202
217 203
218 204
219 205
220 206
221 207
222 208
223 209
224 210
225 211
226 3717
227 212
228 213
229 214
230 215
231 216
232 217
233 1684
234 218
235 3717
236 219
237 220
238 221
239 222
240 2700
241 223
242 224
243 225
244 226
245 227
246 228
247 229
248 230
249 231
250 232
251 233
252 234
253 235
254 236
255 237
256 238
257 239
258 240
259 241
260 242
261 243
262 244
263 245
264 246
265 247
266 248
267 249
268 250
269 251
270 252
271 253
272 254
273 255
274 256
275 3717
276 257
277 258
278 259
279 260
280 261
281 262
282 263
283 264
284 265
285 266
286 267
287 268
288 269
289 270
290 271
291 272
292 273
293 274
294 275
295 276
296 277
297 278
298 279
299 280
300 281
301 282
302 3717
303 283
304 284
305 285
306 286
307 287
308 288
309 289
310 290
311 291
312 292
313 1684
314 293
315 294
316 295
317 296
318 297
319 298
320 299
321 300
322 301
323 302
324 303
325 304
326 305
327 3717
328 306
329 307
330 308
331 309
332 310
333 311
334 312
335 313
336 314
337 315
338 316
339 317
340 318
341 319
342 3717
343 320
344 321
345 1684
346 322
347 323
348 324
349 325
350 326
351 327
352 328
353 329
354 330
355 331
356 332
357 333
358 334
359 335
360 336
361 337
362 338
363 339
364 2700
365 340
366 341
367 342
368 343
369 344
370 345
371 346
372 347
373 348
374 349
375 350
376 351
377 352
378 353
379 354
380 355
381 356
382 357
383 358
384 359
385 360
386 361
387 362
388 363
389 364
390 365
391 366
392 367
393 368
394 369
395 370
396 371
397 1684
398 372
399 373
400 374
401 375
402 376
403 377
404 378
405 379
406 380
407 381
408 382
409 383
410 384
411 385
412 386
413 387
414 388
415 389
416 390
417 391
418 392
419 393
420 394
421 395
422 396
423 397
424 398
425 399
426 400
427 401
428 402
429 403
430 404
431 405
432 406
433 407
434 408
435 409
436 410
437 411
438 869
439 412
440 413
441 414
442 415
443 416
444 417
445 1411
446 418
447 419
448 420
449 421
450 422
451 423
452 424
453 425
454 426
455 427
456 2700
457 3717
458 428
459 429
460 430
461 431
462 432
463 433
464 434
465 435
466 436
467 437
468 438
469 439
470 440
471 441
472 442
473 443
474 444
475 445
476 446
477 447
478 448
479 449
480 450
481 451
482 452
483 453
484 454
485 455
486 456
487 457
488 458
489 459
490 460
491 461
492 462
493 1684
494 463
495 464
496 465
497 466
498 467
499 1684
500 468
501 2700
502 469
503 470
504 471
505 472
506 1684
507 473
508 474
509 475
510 476
511 477
512 478
513 479
514 480
515 481
516 482
517 483
518 484
519 485
520 486
521 487
522 488
523 499
524 489
525 1853
526 490
527 3717
528 491
529 492
530 493
531 494
532 2700
533 495
534 496
535 497
536 498
537 499
538 500
539 501
540 502
541 503
542 504
543 505
544 506
545 507
546 508
547 509
548 510
549 511
550 1684
551 512
552 513
553 514
554 515
555 499
556 516
557 517
558 518
559 2700
560 519
561 520
562 521
563 522
564 523
565 524
566 525
567 526
568 527
569 528
570 3717
571 529
572 530
573 531
574 532
575 3717
576 533
577 534
578 535
579 536
580 537
581 538
582 539
583 540
584 541
585 542
586 543
587 544
588 545
589 546
590 547
591 548
592 549
593 550
594 551
595 552
596 553
597 554
598 555
599 556
600 499
601 557
602 558
603 559
604 560
605 561
606 562
607 563
608 564
609 565
610 566
611 567
612 568
613 569
614 570
615 571
616 572
617 573
618 574
619 575
620 576
621 577
622 578
623 579
624 580
625 581
626 582
627 583
628 584
629 585
630 586
631 587
632 2700
633 588
634 589
635 590
636 591
637 592
638 593
639 594
640 595
641 3521
642 596
643 597
644 598
645 599
646 600
647 601
648 3717
649 602
650 603
651 604
652 605
653 606
654 607
655 608
656 609
657 610
658 611
659 612
660 613
661 614
662 615
663 616
664 617
665 618
666 619
667 620
668 621
669 622
670 623
671 624
672 625
673 626
674 499
675 627
676 628
677 629
678 630
679 631
680 632
681 633
682 634
683 635
684 636
685 637
686 638
687 3717
688 639
689 640
690 641
691 642
692 643
693 644
694 645
695 646
696 647
697 648
698 649
699 650
700 651
701 652
702 653
703 654
704 655
705 656
706 657
707 658
708 659
709 660
710 661
711 662
712 499
713 663
714 664
715 665
716 666
717 667
718 668
719 669
720 670
721 671
722 672
723 673
724 674
725 675
726 676
727 677
728 678
729 679
730 680
731 681
732 682
733 683
734 684
735 685
736 686
737 687
738 688
739 689
740 1684
741 690
742 691
743 692
744 693
745 694
746 1684
747 695
748 696
749 697
750 698
751 699
752 700
753 701
754 702
755 703
756 704
757 705
758 706
759 707
760 708
761 709
762 710
763 711
764 712
765 713
766 714
767 715
768 716
769 717
770 718
771 719
772 720
773 721
774 722
775 723
776 724
777 725
778 726
779 727
780 728
781 729
782 730
783 731
784 732
785 733
786 734
787 735
788 736
789 737
790 738
791 739
792 740
793 741
794 742
795 743
796 744
797 745
798 746
799 747
800 748
801 749
802 750
803 751
804 752
805 1684
806 753
807 754
808 3717
809 755
810 756
811 499
812 757
813 758
814 759
815 2700
816 760
817 761
818 762
819 763
820 764
821 765
822 766
823 767
824 768
825 769
826 770
827 771
828 772
829 773
830 774
831 775
832 776
833 2700
834 777
835 778
836 779
837 780
838 781
839 782
840 783
841 784
842 785
843 786
844 787
845 788
846 789
847 790
848 791
849 792
850 793
851 794
852 795
853 796
854 797
855 869
856 798
857 799
858 800
859 801
860 802
861 803
862 804
863 805
864 806
865 807
866 808
867 809
868 810
869 811
870 812
871 813
872 814
873 815
874 816
875 817
876 818
877 819
878 820
879 821
880 822
881 823
882 824
883 499
884 825
885 826
886 827
887 828
888 829
889 830
890 3717
891 831
892 832
893 833
894 834
895 835
896 836
897 837
898 838
899 839
900 840
901 499
902 841
903 842
904 843
905 844
906 845
907 499
908 846
909 847
910 848
911 849
912 850
913 851
914 852
915 853
916 854
917 855
918 856
919 857
920 858
921 859
922 860
923 861
924 1853
925 862
926 863
927 1684
928 864
929 865
930 866
931 867
932 868
933 3717
934 870
935 871
936 872
937 873
938 3717
939 874
940 875
941 876
942 877
943 878
944 879
945 880
946 881
947 882
948 883
949 2700
950 884
951 885
952 886
953 887
954 888
955 889
956 890
957 891
958 892
959 893
960 894
961 895
962 896
963 897
964 898
965 899
966 1684
967 900
968 901
969 902
970 903
971 904
972 905
973 906
974 907
975 908
976 909
977 910
978 911
979 912
980 913
981 914
982 915
983 916
984 917
985 869
986 918
987 919
988 920
989 921
990 922
991 923
992 924
993 925
994 926
995 927
996 928
997 929
998 930
999 931
1000 932
1001 933
1002 934
1003 3717
1004 3717
1005 935
1006 936
1007 937
1008 938
1009 939
1010 940
1011 941
1012 942
1013 943
1014 944
1015 3717
1016 945
1017 499
1018 3717
1019 946
1020 947
1021 948
1022 2700
1023 949
1024 950
1025 951
1026 952
1027 953
1028 1684
1029 954
1030 955
1031 956
1032 957
1033 958
1034 959
1035 3717
1036 960
1037 961
1038 962
1039 963
1040 964
1041 965
1042 966
1043 967
1044 968
1045 969
1046 970
1047 971
1048 972
1049 973
1050 974
1051 975
1052 976
1053 977
1054 978
1055 979
1056 980
1057 981
1058 982
1059 983
1060 984
1061 985
1062 1684
1063 986
1064 987
1065 988
1066 989
1067 990
1068 991
1069 1684
1070 992
1071 993
1072 994
1073 995
1074 996
1075 997
1076 998
1077 999
1078 1000
1079 1001
1080 1002
1081 1003
1082 1004
1083 1005
1084 1006
1085 1007
1086 1008
1087 1009
1088 1010
1089 1684
1090 1011
1091 1012
1092 2700
1093 1013
1094 1014
1095 1015
1096 3717
1097 1016
1098 1017
1099 1018
1100 1019
1101 1020
1102 1021
1103 1022
1104 1023
1105 1024
1106 1025
1107 1026
1108 1027
1109 1028
1110 1029
1111 1030
1112 1031
1113 1032
1114 1033
1115 1034
1116 1035
1117 1036
1118 1037
1119 1038
1120 2700
1121 1039
1122 1040
1123 1041
1124 1042
1125 1043
1126 1044
1127 1045
1128 1046
1129 1047
1130 1048
1131 1049
1132 1050
1133 1051
1134 1052
1135 1053
1136 499
1137 1054
1138 1055
1139 1056
1140 1057
1141 1058
1142 1059
1143 1060
1144 1061
1145 1062
1146 1063
1147 1064
1148 1065
1149 1066
1150 1067
1151 1068
1152 3717
1153 1069
1154 1070
1155 1071
1156 1072
1157 1073
1158 1074
1159 1075
1160 1076
1161 1077
1162 1078
1163 1079
1164 1080
1165 1081
1166 1082
1167 1083
1168 1084
1169 1085
1170 1086
1171 3717
1172 1087
1173 1088
1174 1089
1175 1090
1176 1091
1177 1092
1178 1093
1179 1094
1180 1095
1181 1096
1182 1097
1183 1098
1184 1099
1185 1100
1186 1101
1187 1102
1188 1103
1189 1104
1190 869
1191 1105
1192 1106
1193 1107
1194 1108
1195 1109
1196 1110
1197 1111
1198 1112
1199 1113
1200 1114
1201 1115
1202 1116
1203 1117
1204 1118
1205 1119
1206 1120
1207 1121
1208 1122
1209 1123
1210 1124
1211 1125
1212 1126
1213 1127
1214 1128
1215 1129
1216 1130
1217 1131
1218 1132
1219 1133
1220 1134
1221 1135
1222 1136
1223 1137
1224 1138
1225 1139
1226 1140
1227 1141
1228 1142
1229 1143
1230 1144
1231 1145
1232 1146
1233 1147
1234 1148
1235 1149
1236 1150
1237 1151
1238 1152
1239 1153
1240 1154
1241 1155
1242 1156
1243 1157
1244 1158
1245 1159
1246 1160
1247 1161
1248 1162
1249 3717
1250 1163
1251 1164
1252 1165
1253 1166
1254 1167
1255 1168
1256 1169
1257 1170
1258 3717
1259 1171
1260 2700
1261 3717
1262 1172
1263 1173
1264 1174
1265 1175
1266 1176
1267 1177
1268 1178
1269 1179
1270 1180
1271 1181
1272 1182
1273 1183
1274 1184
1275 1185
1276 1186
1277 1187
1278 1188
1279 1189
1280 1190
1281 1191
1282 1192
1283 1193
1284 1194
1285 1195
1286 1196
1287 1197
1288 1198
1289 1199
1290 1200
1291 3717
1292 1201
1293 1202
1294 1203
1295 1204
1296 1205
1297 1206
1298 1207
1299 1208
1300 1209
1301 1210
1302 1211
1303 1212
1304 1213
1305 1214
1306 3717
1307 1215
1308 1216
1309 1217
1310 1218
1311 1219
1312 1220
1313 1221
1314 1222
1315 1223
1316 1224
1317 1225
1318 1226
1319 1227
1320 1228
1321 1229
1322 1230
1323 3717
1324 1231
1325 1232
1326 1233
1327 1234
1328 1235
1329 1236
1330 1237
1331 1238
1332 1239
1333 1240
1334 1241
1335 1242
1336 1243
1337 1244
1338 1245
1339 1246
1340 1247
1341 1248
1342 1249
1343 1250
1344 1251
1345 1252
1346 1253
1347 1254
1348 1255
1349 1256
1350 3717
1351 1257
1352 1258
1353 1259
1354 1260
1355 1261
1356 1262
1357 1263
1358 1264
1359 1265
1360 1266
1361 1267
1362 1268
1363 1269
1364 1853
1365 1270
1366 1271
1367 1272
1368 1273
1369 3717
1370 1274
1371 1275
1372 1276
1373 1277
1374 1278
1375 1279
1376 1280
1377 1281
1378 1282
1379 1283
1380 1284
1381 1285
1382 1286
1383 1287
1384 1288
1385 1289
1386 1290
1387 1291
1388 1292
1389 1293
1390 1294
1391 1295
1392 2700
1393 1296
1394 1297
1395 1298
1396 1299
1397 1300
1398 1301
1399 1302
1400 1303
1401 1304
1402 1305
1403 1306
1404 1307
1405 1308
1406 1309
1407 1310
1408 1311
1409 1312
1410 1313
1411 1314
1412 1315
1413 1316
1414 1317
1415 1318
1416 1319
1417 1320
1418 1321
1419 1322
1420 1323
1421 1324
1422 1325
1423 3717
1424 869
1425 1326
1426 1327
1427 1328
1428 1329
1429 1330
1430 1331
1431 1332
1432 1333
1433 1334
1434 1335
1435 1336
1436 1337
1437 1338
1438 1339
1439 1340
1440 1341
1441 1342
1442 1343
1443 1344
1444 1345
1445 1346
1446 1347
1447 1348
1448 1349
1449 1350
1450 1351
1451 1352
1452 1353
1453 1354
1454 1355
1455 1356
1456 1357
1457 1358
1458 1359
1459 1360
1460 1361
1461 1362
1462 3717
1463 1363
1464 1364
1465 1365
1466 1366
1467 1367
1468 1368
1469 1369
1470 1370
1471 1371
1472 1372
1473 1373
1474 2700
1475 1374
1476 1375
1477 1376
1478 1377
1479 1378
1480 3717
1481 1379
1482 1380
1483 1381
1484 1382
1485 1383
1486 1384
1487 1385
1488 1386
1489 1387
1490 1388
1491 1389
1492 1390
1493 1391
1494 1392
1495 1393
1496 1394
1497 1395
1498 1396
1499 1397
1500 1398
1501 1399
1502 1400
1503 1401
1504 1402
1505 1403
1506 1404
1507 1405
1508 1406
1509 1407
1510 1408
1511 1409
1512 1410
1513 1411
1514 1412
1515 1413
1516 1414
1517 1415
1518 1416
1519 1417
1520 3717
1521 1418
1522 1419
1523 1420
1524 1421
1525 1422
1526 1423
1527 1424
1528 1425
1529 1426
1530 3717
1531 1427
1532 1428
1533 1429
1534 1430
1535 1431
1536 1432
1537 1433
1538 1684
1539 1434
1540 1435
1541 1436
1542 1437
1543 1438
1544 1439
1545 1440
1546 1441
1547 1442
1548 1443
1549 1444
1550 1445
1551 1446
1552 1447
1553 3717
1554 1448
1555 1449
1556 1450
1557 1451
1558 1452
1559 1453
1560 1454
1561 1455
1562 1456
1563 1457
1564 1458
1565 1459
1566 1460
1567 1461
1568 1462
1569 499
1570 1463
1571 1464
1572 1465
1573 1466
1574 1467
1575 1468
1576 1469
1577 1470
1578 1471
1579 1472
1580 1473
1581 1474
1582 1475
1583 1476
1584 1477
1585 1478
1586 1479
1587 1480
1588 1481
1589 1482
1590 1483
1591 1484
1592 1485
1593 1684
1594 1486
1595 1487
1596 1488
1597 3717
1598 1489
1599 1490
1600 1491
1601 1492
1602 1493
1603 1494
1604 1495
1605 1496
1606 1497
1607 1498
1608 1499
1609 1500
1610 1501
1611 1502
1612 1503
1613 1504
1614 1505
1615 1506
1616 1507
1617 1508
1618 1509
1619 1510
1620 1511
1621 1512
1622 1513
1623 1514
1624 1515
1625 1516
1626 1517
1627 1518
1628 1519
1629 1520
1630 1884
1631 1521
1632 1522
1633 1523
1634 1524
1635 1525
1636 1526
1637 1527
1638 1528
1639 1529
1640 1530
1641 1531
1642 1532
1643 1533
1644 1534
1645 1535
1646 1536
1647 1537
1648 1538
1649 1539
1650 1540
1651 1853
1652 1541
1653 1684
1654 1542
1655 1543
1656 1544
1657 1545
1658 1546
1659 1547
1660 1548
1661 1549
1662 1550
1663 1551
1664 1552
1665 1553
1666 1554
1667 1555
1668 1556
1669 1557
1670 1558
1671 1559
1672 1560
1673 1561
1674 1562
1675 1563
1676 1564
1677 1565
1678 1566
1679 1567
1680 1568
1681 1569
1682 1570
1683 1571
1684 1572
1685 1573
1686 1574
1687 1575
1688 1576
1689 1577
1690 1578
1691 1579
1692 1580
1693 1581
1694 3717
1695 3717
1696 1582
1697 1583
1698 1584
1699 1585
1700 1586
1701 1587
1702 1588
1703 1589
1704 1590
1705 1591
1706 1592
1707 1593
1708 1594
1709 1595
1710 1596
1711 1597
1712 1598
1713 1599
1714 3717
1715 1600
1716 1601
1717 1602
1718 1603
1719 1604
1720 1605
1721 1606
1722 1607
1723 1608
1724 1609
1725 1610
1726 1611
1727 1612
1728 1613
1729 1614
1730 1615
1731 1616
1732 1617
1733 1618
1734 1619
1735 1620
1736 1621
1737 1622
1738 1623
1739 1624
1740 1625
1741 1626
1742 1627
1743 1628
1744 1629
1745 1630
1746 1631
1747 1632
1748 1633
1749 1634
1750 1635
1751 1636
1752 1637
1753 1638
1754 1639
1755 1640
1756 1641
1757 1642
1758 1643
1759 1644
1760 1645
1761 1646
1762 1647
1763 1648
1764 1649
1765 1650
1766 1651
1767 1652
1768 1653
1769 1654
1770 1655
1771 1656
1772 1657
1773 1684
1774 1658
1775 1659
1776 1660
1777 1661
1778 1662
1779 1663
1780 1664
1781 1665
1782 1666
1783 1667
1784 1668
1785 1669
1786 3717
1787 1670
1788 1671
1789 1672
1790 1673
1791 1674
1792 1675
1793 1676
1794 1677
1795 1678
1796 1679
1797 1680
1798 1768
1799 1681
1800 1682
1801 1683
1802 1684
1803 1685
1804 3717
1805 1684
1806 1686
1807 1687
1808 1688
1809 1689
1810 1690
1811 1691
1812 1692
1813 1693
1814 1694
1815 1695
1816 1696
1817 1697
1818 1698
1819 1699
1820 1700
1821 3717
1822 1701
1823 1702
1824 1703
1825 1704
1826 1705
1827 1706
1828 499
1829 1707
1830 1708
1831 1709
1832 1710
1833 1711
1834 1712
1835 1713
1836 1714
1837 1715
1838 1716
1839 1717
1840 1718
1841 1719
1842 1720
1843 1721
1844 1722
1845 3717
1846 1723
1847 1724
1848 1725
1849 1726
1850 1727
1851 1728
1852 1729
1853 1730
1854 1731
1855 1732
1856 1733
1857 1734
1858 1735
1859 1736
1860 1737
1861 1738
1862 1739
1863 1740
1864 1741
1865 1742
1866 1743
1867 1744
1868 1745
1869 1746
1870 1747
1871 1748
1872 1749
1873 1750
1874 1751
1875 1752
1876 1753
1877 1754
1878 1755
1879 1756
1880 1757
1881 1758
1882 1759
1883 1760
1884 1761
1885 1762
1886 1763
1887 499
1888 1764
1889 1765
1890 1766
1891 1767
1892 1768
1893 1769
1894 1770
1895 1771
1896 1772
1897 1773
1898 1774
1899 1775
1900 1776
1901 1777
1902 1778
1903 1779
1904 1780
1905 1781
1906 1782
1907 1783
1908 1784
1909 1785
1910 1786
1911 1787
1912 1788
1913 1789
1914 1790
1915 1791
1916 1792
1917 1793
1918 1794
1919 1795
1920 1796
1921 1797
1922 1798
1923 1799
1924 1800
1925 1801
1926 1802
1927 1803
1928 1804
1929 1805
1930 1806
1931 1807
1932 1808
1933 1809
1934 1810
1935 1811
1936 1812
1937 1813
1938 1814
1939 1815
1940 1816
1941 1817
1942 1818
1943 3717
1944 1819
1945 3717
1946 3717
1947 1820
1948 1821
1949 1822
1950 1823
1951 1824
1952 1825
1953 1826
1954 1827
1955 1828
1956 1829
1957 1830
1958 1831
1959 1832
1960 1833
1961 1834
1962 1835
1963 1836
1964 1837
1965 1838
1966 1839
1967 1840
1968 1841
1969 1842
1970 1843
1971 1844
1972 1845
1973 1846
1974 1847
1975 869
1976 1848
1977 1849
1978 1850
1979 1851
1980 1852
1981 1853
1982 1854
1983 1855
1984 1856
1985 1857
1986 1858
1987 1859
1988 1860
1989 1861
1990 1862
1991 1863
1992 1864
1993 1865
1994 1866
1995 1867
1996 1868
1997 1869
1998 1870
1999 1871
2000 1872
2001 1873
2002 1874
2003 1875
2004 1876
2005 1877
2006 1878
2007 1879
2008 1880
2009 1881
2010 3717
2011 1882
2012 1883
2013 1884
2014 1885
2015 1886
2016 1887
2017 1888
2018 1889
2019 1890
2020 1891
2021 1892
2022 1893
2023 1894
2024 1895
2025 1896
2026 1897
2027 1898
2028 1899
2029 1900
2030 1901
2031 1902
2032 1903
2033 1904
2034 1905
2035 1906
2036 1907
2037 1908
2038 1909
2039 1910
2040 2700
2041 1911
2042 1912
2043 1913
2044 1914
2045 1915
2046 1916
2047 1917
2048 1918
2049 1919
2050 1920
2051 1921
2052 1922
2053 1923
2054 1924
2055 1925
2056 1926
2057 1927
2058 1928
2059 1929
2060 1930
2061 1931
2062 1932
2063 1933
2064 3836
2065 1934
2066 1935
2067 1936
2068 1937
2069 1938
2070 1939
2071 3717
2072 1940
2073 1941
2074 1942
2075 1943
2076 1944
2077 1945
2078 1946
2079 1947
2080 1948
2081 1949
2082 1950
2083 1951
2084 1952
2085 869
2086 1953
2087 1954
2088 1955
2089 1956
2090 1957
2091 1958
2092 1959
2093 1960
2094 1961
2095 1962
2096 1963
2097 1964
2098 1965
2099 1966
2100 1967
2101 1968
2102 1969
2103 1970
2104 1971
2105 1972
2106 1973
2107 3717
2108 1974
2109 1975
2110 1976
2111 1977
2112 1978
2113 1979
2114 1980
2115 1981
2116 1982
2117 1983
2118 1984
2119 1985
2120 1986
2121 1987
2122 1988
2123 1989
2124 1990
2125 1991
2126 1992
2127 1993
2128 1994
2129 1995
2130 1996
2131 1997
2132 1998
2133 1999
2134 2000
2135 2001
2136 2002
2137 3717
2138 2003
2139 2004
2140 3717
2141 2005
2142 2006
2143 2007
2144 2008
2145 2009
2146 2010
2147 2011
2148 2012
2149 2013
2150 2014
2151 2015
2152 2016
2153 2017
2154 2018
2155 2019
2156 2020
2157 2021
2158 2022
2159 2023
2160 2024
2161 2025
2162 2026
2163 2027
2164 2028
2165 2029
2166 2030
2167 2031
2168 2032
2169 2033
2170 2034
2171 2035
2172 2036
2173 2037
2174 2038
2175 2039
2176 2040
2177 2041
2178 2042
2179 2043
2180 2044
2181 2045
2182 2046
2183 2047
2184 2048
2185 2049
2186 2050
2187 2051
2188 2052
2189 2053
2190 2054
2191 2055
2192 2056
2193 2057
2194 2058
2195 2059
2196 2060
2197 2061
2198 2062
2199 2063
2200 2064
2201 2065
2202 2066
2203 2067
2204 2068
2205 2069
2206 2070
2207 2071
2208 2072
2209 2073
2210 2074
2211 2075
2212 2076
2213 2077
2214 2078
2215 2079
2216 2080
2217 2081
2218 2082
2219 2083
2220 2084
2221 2085
2222 2086
2223 2087
2224 2088
2225 869
2226 2700
2227 2089
2228 2090
2229 2091
2230 2092
2231 2093
2232 2094
2233 2700
2234 2095
2235 2096
2236 2097
2237 2098
2238 2099
2239 3717
2240 2100
2241 2101
2242 2102
2243 2103
2244 2104
2245 2105
2246 2106
2247 2107
2248 2108
2249 2109
2250 2110
2251 2111
2252 2112
2253 2113
2254 2114
2255 2115
2256 2116
2257 2117
2258 2118
2259 2119
2260 2120
2261 2121
2262 2122
2263 2123
2264 2124
2265 2125
2266 2126
2267 2127
2268 2128
2269 2129
2270 2130
2271 2131
2272 2132
2273 2133
2274 2134
2275 2135
2276 2136
2277 2137
2278 2138
2279 2139
2280 2140
2281 2141
2282 2142
2283 2143
2284 2144
2285 2145
2286 2146
2287 2147
2288 2148
2289 2149
2290 2150
2291 2151
2292 2152
2293 2153
2294 2154
2295 2155
2296 3717
2297 2156
2298 2157
2299 2158
2300 2159
2301 2160
2302 2161
2303 2162
2304 2163
2305 2164
2306 2165
2307 2166
2308 2167
2309 2168
2310 2169
2311 2170
2312 2171
2313 2172
2314 3717
2315 2173
2316 2174
2317 2175
2318 2176
2319 2177
2320 2178
2321 2179
2322 2180
2323 2181
2324 2182
2325 2183
2326 2184
2327 2185
2328 2186
2329 2187
2330 2188
2331 2189
2332 2190
2333 2191
2334 2192
2335 2193
2336 2194
2337 2195
2338 869
2339 2196
2340 2230
2341 2197
2342 2198
2343 2199
2344 2200
2345 2201
2346 3717
2347 2202
2348 2203
2349 2204
2350 2205
2351 2206
2352 2207
2353 2208
2354 2209
2355 2210
2356 2211
2357 2212
2358 2213
2359 2214
2360 2215
2361 2216
2362 2217
2363 2218
2364 2219
2365 2220
2366 2221
2367 3521
2368 2222
2369 2223
2370 2700
2371 2224
2372 2225
2373 2226
2374 2227
2375 2228
2376 2229
2377 2230
2378 2231
2379 2232
2380 2233
2381 2234
2382 2235
2383 2236
2384 2237
2385 2238
2386 2239
2387 2240
2388 2241
2389 2242
2390 2243
2391 2244
2392 2245
2393 2246
2394 2247
2395 2248
2396 2249
2397 2250
2398 2251
2399 2252
2400 2253
2401 2254
2402 2255
2403 2256
2404 2257
2405 2258
2406 2259
2407 1684
2408 2260
2409 2261
2410 2262
2411 2263
2412 2264
2413 2265
2414 2266
2415 2267
2416 2268
2417 2269
2418 2270
2419 2271
2420 2272
2421 2273
2422 2274
2423 2275
2424 2276
2425 2277
2426 2278
2427 2230
2428 2279
2429 869
2430 2280
2431 2281
2432 2282
2433 2283
2434 3717
2435 2284
2436 2285
2437 2286
2438 2287
2439 2288
2440 2289
2441 2290
2442 2291
2443 2292
2444 2293
2445 2294
2446 2295
2447 2296
2448 2297
2449 2298
2450 2299
2451 2300
2452 2301
2453 2302
2454 3717
2455 2303
2456 2304
2457 2305
2458 2306
2459 2307
2460 2308
2461 2309
2462 2310
2463 2311
2464 2312
2465 2313
2466 2314
2467 2315
2468 2316
2469 2317
2470 2318
2471 2319
2472 2320
2473 2321
2474 2322
2475 2323
2476 2324
2477 2325
2478 2326
2479 2327
2480 2328
2481 2329
2482 2330
2483 2331
2484 2332
2485 2333
2486 2334
2487 2335
2488 2336
2489 2337
2490 2338
2491 2339
2492 3717
2493 2340
2494 2341
2495 2342
2496 2343
2497 2344
2498 2345
2499 2346
2500 2347
2501 2348
2502 2700
2503 2349
2504 2350
2505 2351
2506 2352
2507 2353
2508 3717
2509 1684
2510 2354
2511 2355
2512 2356
2513 3717
2514 2357
2515 2358
2516 2359
2517 2360
2518 2361
2519 2362
2520 2363
2521 2364
2522 2365
2523 2366
2524 2367
2525 2368
2526 2369
2527 2370
2528 1684
2529 2371
2530 2372
2531 3717
2532 2373
2533 2374
2534 2375
2535 2376
2536 2377
2537 2378
2538 2379
2539 2380
2540 2381
2541 2382
2542 2383
2543 2384
2544 2385
2545 2386
2546 2387
2547 2388
2548 2389
2549 2390
2550 2391
2551 2392
2552 2393
2553 2394
2554 2395
2555 2396
2556 2397
2557 2398
2558 2399
2559 2400
2560 2401
2561 2402
2562 2403
2563 2404
2564 2405
2565 2406
2566 2407
2567 2408
2568 3717
2569 2409
2570 2410
2571 3717
2572 2411
2573 2412
2574 2413
2575 2414
2576 3717
2577 2415
2578 2416
2579 2417
2580 2418
2581 2419
2582 2420
2583 2421
2584 2422
2585 2423
2586 2424
2587 2425
2588 2426
2589 2427
2590 2428
2591 2429
2592 2430
2593 2431
2594 2432
2595 2433
2596 1684
2597 2434
2598 2435
2599 2436
2600 2437
2601 2438
2602 2439
2603 2440
2604 2441
2605 2442
2606 2443
2607 2444
2608 2445
2609 2446
2610 2447
2611 2448
2612 2449
2613 2450
2614 2451
2615 2452
2616 2453
2617 2454
2618 2455
2619 2456
2620 2457
2621 869
2622 3836
2623 2458
2624 2459
2625 2460
2626 1684
2627 2461
2628 2462
2629 2463
2630 2464
2631 2465
2632 2466
2633 2467
2634 3717
2635 2468
2636 2469
2637 2470
2638 2471
2639 2472
2640 2473
2641 2474
2642 2475
2643 2476
2644 2477
2645 2478
2646 2479
2647 2480
2648 2481
2649 2482
2650 2483
2651 2484
2652 2485
2653 2486
2654 2487
2655 2488
2656 2489
2657 2490
2658 2491
2659 2492
2660 2493
2661 2494
2662 2495
2663 2496
2664 2497
2665 2498
2666 2499
2667 2500
2668 2501
2669 2502
2670 2503
2671 2504
2672 2505
2673 2506
2674 2507
2675 2508
2676 2509
2677 2510
2678 2511
2679 2512
2680 2513
2681 2514
2682 2515
2683 2516
2684 2517
2685 2518
2686 2519
2687 2520
2688 2521
2689 2522
2690 1884
2691 2523
2692 2524
2693 2525
2694 2526
2695 2527
2696 2528
2697 2529
2698 2530
2699 2531
2700 2532
2701 2533
2702 2534
2703 2535
2704 2536
2705 499
2706 2537
2707 2538
2708 2539
2709 2230
2710 2540
2711 2541
2712 2542
2713 2543
2714 2544
2715 2545
2716 2546
2717 2547
2718 2548
2719 2549
2720 2550
2721 2551
2722 2552
2723 2553
2724 2554
2725 2555
2726 2556
2727 2557
2728 2558
2729 2559
2730 2560
2731 2561
2732 2562
2733 2563
2734 2564
2735 2565
2736 2566
2737 2567
2738 2568
2739 2569
2740 2570
2741 2571
2742 2572
2743 2573
2744 2574
2745 2700
2746 2575
2747 2576
2748 2577
2749 2578
2750 2579
2751 2580
2752 2581
2753 2582
2754 2583
2755 2584
2756 2585
2757 2586
2758 2587
2759 2588
2760 2589
2761 2590
2762 2591
2763 2592
2764 2593
2765 2594
2766 2595
2767 2596
2768 2597
2769 2598
2770 2599
2771 2600
2772 2601
2773 2602
2774 2603
2775 2604
2776 2605
2777 2606
2778 4305
2779 2607
2780 2608
2781 2609
2782 2610
2783 2611
2784 2612
2785 2613
2786 2614
2787 2615
2788 2616
2789 2617
2790 2618
2791 2619
2792 2620
2793 2621
2794 2622
2795 2623
2796 2624
2797 2625
2798 2626
2799 2627
2800 2628
2801 2629
2802 2630
2803 2631
2804 1853
2805 2632
2806 2633
2807 2634
2808 2635
2809 2636
2810 2637
2811 2638
2812 3717
2813 2639
2814 2640
2815 2641
2816 2642
2817 2643
2818 2644
2819 2645
2820 2646
2821 2647
2822 2648
2823 2649
2824 2650
2825 2651
2826 2652
2827 2653
2828 2654
2829 2655
2830 2656
2831 2657
2832 2658
2833 2659
2834 2660
2835 2661
2836 2662
2837 2663
2838 2664
2839 2665
2840 2666
2841 2667
2842 2668
2843 2669
2844 2670
2845 2671
2846 2672
2847 2673
2848 2674
2849 2675
2850 2676
2851 2677
2852 2678
2853 2679
2854 2680
2855 2681
2856 2682
2857 2683
2858 2684
2859 2685
2860 2686
2861 2687
2862 2688
2863 2689
2864 2690
2865 2691
2866 2692
2867 2693
2868 2694
2869 2695
2870 2696
2871 2697
2872 3717
2873 2698
2874 2699
2875 2700
2876 2700
2877 2700
2878 2701
2879 2702
2880 2703
2881 3717
2882 2704
2883 1684
2884 2705
2885 2706
2886 2707
2887 2708
2888 2709
2889 2710
2890 2711
2891 2712
2892 2713
2893 2714
2894 2715
2895 2716
2896 2717
2897 2718
2898 2719
2899 2720
2900 2721
2901 2722
2902 2723
2903 2724
2904 2725
2905 2726
2906 2727
2907 2728
2908 2729
2909 2730
2910 2731
2911 2732
2912 2733
2913 2734
2914 2735
2915 2736
2916 2737
2917 2700
2918 2738
2919 2739
2920 2740
2921 2741
2922 2742
2923 2743
2924 2744
2925 2745
2926 2746
2927 3717
2928 2747
2929 2748
2930 2749
2931 2750
2932 2751
2933 2752
2934 2753
2935 2754
2936 3717
2937 2755
2938 2756
2939 2757
2940 2758
2941 2700
2942 2759
2943 2760
2944 2761
2945 2762
2946 2763
2947 2764
2948 2765
2949 2766
2950 3717
2951 2767
2952 2768
2953 2769
2954 2770
2955 2771
2956 2772
2957 2773
2958 2774
2959 2775
2960 2776
2961 2777
2962 2778
2963 2779
2964 2780
2965 2781
2966 2782
2967 2783
2968 2784
2969 2785
2970 2786
2971 2787
2972 2788
2973 2789
2974 2790
2975 2791
2976 2792
2977 2793
2978 2794
2979 2795
2980 3717
2981 2796
2982 2797
2983 2798
2984 2799
2985 2800
2986 2801
2987 2802
2988 2803
2989 2804
2990 2805
2991 2806
2992 2807
2993 2808
2994 2809
2995 2810
2996 2811
2997 2812
2998 2813
2999 2814
3000 2815
3001 2816
3002 2817
3003 2818
3004 499
3005 2819
3006 2820
3007 2821
3008 2822
3009 2823
3010 2824
3011 2825
3012 2826
3013 2827
3014 2828
3015 2829
3016 2830
3017 2831
3018 2832
3019 2833
3020 3717
3021 2834
3022 2835
3023 2836
3024 2837
3025 2838
3026 2839
3027 2840
3028 2841
3029 2842
3030 2843
3031 2844
3032 2845
3033 2846
3034 2847
3035 2848
3036 2849
3037 2850
3038 2851
3039 2852
3040 2853
3041 2854
3042 2855
3043 2856
3044 2857
3045 2858
3046 2859
3047 2860
3048 2861
3049 2862
3050 2863
3051 2864
3052 2865
3053 2866
3054 2867
3055 2868
3056 2869
3057 2870
3058 2871
3059 2872
3060 2873
3061 2874
3062 2875
3063 2876
3064 2877
3065 2878
3066 2879
3067 2880
3068 2881
3069 2882
3070 2883
3071 2884
3072 2885
3073 2886
3074 2887
3075 2888
3076 2889
3077 3717
3078 2890
3079 2891
3080 2892
3081 2893
3082 2894
3083 2895
3084 2896
3085 2897
3086 2898
3087 2899
3088 2900
3089 2901
3090 2902
3091 2700
3092 2903
3093 2904
3094 2905
3095 2906
3096 1684
3097 2907
3098 2908
3099 2909
3100 2910
3101 2911
3102 2912
3103 2913
3104 2914
3105 2915
3106 2916
3107 2917
3108 2918
3109 2919
3110 2920
3111 3717
3112 2921
3113 2922
3114 2923
3115 2924
3116 2925
3117 2926
3118 2927
3119 2928
3120 2929
3121 2930
3122 2931
3123 3717
3124 2932
3125 2933
3126 2934
3127 1684
3128 2935
3129 2936
3130 2937
3131 3717
3132 2938
3133 2939
3134 2940
3135 2941
3136 2942
3137 2943
3138 869
3139 2944
3140 2945
3141 2946
3142 2947
3143 2948
3144 2949
3145 2950
3146 2951
3147 2952
3148 2953
3149 2954
3150 2955
3151 2956
3152 2957
3153 2958
3154 2959
3155 2960
3156 2961
3157 2962
3158 2963
3159 2964
3160 2965
3161 2966
3162 2967
3163 2968
3164 2969
3165 2970
3166 2971
3167 2972
3168 3717
3169 2973
3170 2974
3171 2975
3172 2976
3173 2977
3174 2978
3175 2979
3176 3717
3177 2980
3178 2981
3179 2982
3180 2983
3181 2984
3182 2985
3183 2986
3184 2987
3185 2988
3186 2989
3187 2990
3188 2991
3189 2992
3190 2993
3191 2994
3192 3717
3193 2995
3194 2996
3195 2997
3196 2998
3197 2999
3198 3000
3199 3001
3200 3002
3201 3003
3202 3004
3203 3005
3204 3006
3205 3007
3206 3008
3207 3009
3208 3010
3209 3011
3210 3012
3211 3013
3212 3014
3213 3015
3214 3016
3215 3017
3216 3018
3217 3019
3218 3020
3219 3021
3220 3022
3221 3023
3222 3024
3223 3025
3224 3026
3225 3027
3226 3028
3227 3029
3228 3030
3229 2700
3230 3031
3231 3032
3232 3033
3233 3034
3234 3035
3235 3036
3236 3037
3237 3038
3238 3039
3239 3040
3240 3041
3241 3042
3242 3043
3243 3044
3244 3045
3245 3046
3246 3047
3247 3048
3248 1684
3249 3049
3250 3050
3251 3051
3252 3052
3253 3053
3254 3054
3255 3055
3256 3056
3257 869
3258 3057
3259 3058
3260 3059
3261 3060
3262 3717
3263 3061
3264 3062
3265 3063
3266 3064
3267 3065
3268 3066
3269 3067
3270 3068
3271 3069
3272 3070
3273 3071
3274 869
3275 3072
3276 1684
3277 3073
3278 3074
3279 3075
3280 3076
3281 3717
3282 3077
3283 3078
3284 3079
3285 3080
3286 3081
3287 3082
3288 3083
3289 3084
3290 3085
3291 3086
3292 3087
3293 3088
3294 3089
3295 3090
3296 3091
3297 3092
3298 3093
3299 3094
3300 3095
3301 3096
3302 3097
3303 3098
3304 3099
3305 3100
3306 3101
3307 3102
3308 3103
3309 3104
3310 3105
3311 3106
3312 3107
3313 3108
3314 3109
3315 3110
3316 3111
3317 3112
3318 3113
3319 3114
3320 3115
3321 3116
3322 3117
3323 3118
3324 3119
3325 3120
3326 3121
3327 3122
3328 3123
3329 3124
3330 3125
3331 3126
3332 3127
3333 3128
3334 2700
3335 3129
3336 3130
3337 3131
3338 3132
3339 3133
3340 3134
3341 3135
3342 3136
3343 3137
3344 3138
3345 3139
3346 3140
3347 3141
3348 3142
3349 3143
3350 3144
3351 3145
3352 3146
3353 3147
3354 3148
3355 3149
3356 3150
3357 3151
3358 3152
3359 3153
3360 3154
3361 2700
3362 3155
3363 3156
3364 1684
3365 3157
3366 3158
3367 3159
3368 3160
3369 3161
3370 3162
3371 3163
3372 3164
3373 3165
3374 3166
3375 3167
3376 3168
3377 3169
3378 3170
3379 3171
3380 3172
3381 3173
3382 3174
3383 3175
3384 3176
3385 3177
3386 3178
3387 3179
3388 3180
3389 3181
3390 3182
3391 3183
3392 2700
3393 3184
3394 3185
3395 3186
3396 3187
3397 3188
3398 3189
3399 3190
3400 3191
3401 3192
3402 3193
3403 3194
3404 3195
3405 3196
3406 3197
3407 3198
3408 1684
3409 3199
3410 3717
3411 3200
3412 3201
3413 3202
3414 3836
3415 3203
3416 3717
3417 3204
3418 3205
3419 3206
3420 3207
3421 3208
3422 3209
3423 3210
3424 3211
3425 3212
3426 3213
3427 3214
3428 3215
3429 3216
3430 3217
3431 3218
3432 3219
3433 3220
3434 3221
3435 3222
3436 3223
3437 3224
3438 3717
3439 3225
3440 3226
3441 3227
3442 3228
3443 3229
3444 3230
3445 3231
3446 3232
3447 3233
3448 3234
3449 3235
3450 3236
3451 3237
3452 3238
3453 3239
3454 3240
3455 3241
3456 3242
3457 3243
3458 3244
3459 3245
3460 3246
3461 3247
3462 3248
3463 3717
3464 3249
3465 3250
3466 3251
3467 3252
3468 3253
3469 3254
3470 3255
3471 3256
3472 3257
3473 3258
3474 3259
3475 3260
3476 3261
3477 3262
3478 3263
3479 3264
3480 3265
3481 3266
3482 3267
3483 3268
3484 3269
3485 3270
3486 3271
3487 3272
3488 3273
3489 3274
3490 3717
3491 3275
3492 3276
3493 3277
3494 3278
3495 3279
3496 3280
3497 3281
3498 3282
3499 3283
3500 3284
3501 3285
3502 3286
3503 3287
3504 3288
3505 3289
3506 3290
3507 3717
3508 3291
3509 2700
3510 3292
3511 3293
3512 3294
3513 3295
3514 3296
3515 3297
3516 3298
3517 3299
3518 3300
3519 3301
3520 3302
3521 2700
3522 3303
3523 3304
3524 3305
3525 3306
3526 3307
3527 3308
3528 3309
3529 3310
3530 3311
3531 3312
3532 3313
3533 3314
3534 3315
3535 3316
3536 3317
3537 3318
3538 3319
3539 3320
3540 3321
3541 3322
3542 3323
3543 3324
3544 3325
3545 3326
3546 3327
3547 3328
3548 3329
3549 499
3550 3330
3551 3331
3552 3332
3553 3333
3554 3334
3555 3335
3556 3336
3557 3337
3558 3338
3559 3339
3560 3340
3561 3341
3562 3342
3563 3343
3564 3344
3565 3345
3566 3346
3567 3347
3568 3348
3569 3349
3570 3350
3571 3351
3572 3352
3573 3353
3574 3354
3575 3355
3576 3356
3577 499
3578 3357
3579 3358
3580 1684
3581 3359
3582 3360
3583 3361
3584 3362
3585 3363
3586 3364
3587 3365
3588 3366
3589 3367
3590 3368
3591 3369
3592 3370
3593 3371
3594 3372
3595 3373
3596 3374
3597 3375
3598 3376
3599 3377
3600 3378
3601 3379
3602 3380
3603 3381
3604 3382
3605 3383
3606 3384
3607 3385
3608 3386
3609 3387
3610 3388
3611 3389
3612 3390
3613 3391
3614 3392
3615 3393
3616 3394
3617 3395
3618 3396
3619 3397
3620 3398
3621 3399
3622 3400
3623 3401
3624 3402
3625 3403
3626 3404
3627 3405
3628 3406
3629 3407
3630 3408
3631 3717
3632 3409
3633 3410
3634 3411
3635 3717
3636 3412
3637 3413
3638 3414
3639 3415
3640 3416
3641 3417
3642 3418
3643 3419
3644 3420
3645 3421
3646 3422
3647 3423
3648 3424
3649 3425
3650 3426
3651 3427
3652 3428
3653 3429
3654 3430
3655 3431
3656 3432
3657 3433
3658 3434
3659 3435
3660 3436
3661 3437
3662 3438
3663 3439
3664 3440
3665 2700
3666 3441
3667 3442
3668 3443
3669 3444
3670 3445
3671 3446
3672 3447
3673 3448
3674 3449
3675 3450
3676 3717
3677 3451
3678 3452
3679 3453
3680 1684
3681 3454
3682 3455
3683 3456
3684 3457
3685 3458
3686 3459
3687 3717
3688 3460
3689 3461
3690 3462
3691 3463
3692 1684
3693 3464
3694 3465
3695 3466
3696 3467
3697 3468
3698 3469
3699 3470
3700 3471
3701 3472
3702 3473
3703 3474
3704 3475
3705 3476
3706 3477
3707 3478
3708 3479
3709 3480
3710 3481
3711 3482
3712 3483
3713 3484
3714 3485
3715 3717
3716 3486
3717 3487
3718 3488
3719 3489
3720 3490
3721 2700
3722 3491
3723 3492
3724 3493
3725 3494
3726 3495
3727 3496
3728 3497
3729 3498
3730 3499
3731 3500
3732 3501
3733 3502
3734 3503
3735 3504
3736 3505
3737 3506
3738 3507
3739 3508
3740 3509
3741 3510
3742 3511
3743 3512
3744 3513
3745 3514
3746 3515
3747 3516
3748 3517
3749 3518
3750 3519
3751 3520
3752 3521
3753 3522
3754 3523
3755 3524
3756 499
3757 3525
3758 3526
3759 3527
3760 3528
3761 3529
3762 3530
3763 3531
3764 3532
3765 3533
3766 3534
3767 3535
3768 3536
3769 3537
3770 3538
3771 3539
3772 3540
3773 3541
3774 3542
3775 3543
3776 3544
3777 3545
3778 3546
3779 3547
3780 3548
3781 3549
3782 3550
3783 3551
3784 3552
3785 3553
3786 3554
3787 3555
3788 3556
3789 3557
3790 3558
3791 3559
3792 3560
3793 3561
3794 3562
3795 3563
3796 3564
3797 3565
3798 3566
3799 3567
3800 3717
3801 3568
3802 1853
3803 3569
3804 3570
3805 3571
3806 3572
3807 3573
3808 3574
3809 3575
3810 3576
3811 3577
3812 3578
3813 3579
3814 3580
3815 3717
3816 3581
3817 3582
3818 3583
3819 3584
3820 3717
3821 3585
3822 3586
3823 3587
3824 3588
3825 3589
3826 3590
3827 3591
3828 3717
3829 3592
3830 3593
3831 3594
3832 3595
3833 3596
3834 3597
3835 3598
3836 3599
3837 3600
3838 3601
3839 3602
3840 3603
3841 3604
3842 3605
3843 3606
3844 3607
3845 3608
3846 3609
3847 3610
3848 3611
3849 3612
3850 3613
3851 3614
3852 3615
3853 3616
3854 3617
3855 1684
3856 3618
3857 3619
3858 3620
3859 3621
3860 3622
3861 3623
3862 3624
3863 3625
3864 3626
3865 3627
3866 3628
3867 3717
3868 3629
3869 3630
3870 3631
3871 3632
3872 3633
3873 3634
3874 3635
3875 3636
3876 3637
3877 3638
3878 3639
3879 3640
3880 3641
3881 3642
3882 3643
3883 3644
3884 3645
3885 3646
3886 3647
3887 3648
3888 3649
3889 3650
3890 3651
3891 3717
3892 3652
3893 3653
3894 3654
3895 3655
3896 3656
3897 3657
3898 3658
3899 3659
3900 3660
3901 3661
3902 3662
3903 3663
3904 3717
3905 3664
3906 3665
3907 3666
3908 3667
3909 3668
3910 3669
3911 3670
3912 3671
3913 3672
3914 3673
3915 3717
3916 3674
3917 3675
3918 3676
3919 3677
3920 3678
3921 3679
3922 3680
3923 3681
3924 3682
3925 3683
3926 3684
3927 3685
3928 3686
3929 3687
3930 3688
3931 3689
3932 3690
3933 3691
3934 3692
3935 3693
3936 3694
3937 3695
3938 3696
3939 3697
3940 3698
3941 3699
3942 3700
3943 3701
3944 3702
3945 3703
3946 3704
3947 3705
3948 3706
3949 3707
3950 3708
3951 3709
3952 3710
3953 3711
3954 3712
3955 3713
3956 3714
3957 3715
3958 3716
3959 2700
3960 3717
3961 3718
3962 1684
3963 3719
3964 3720
3965 3721
3966 3722
3967 3723
3968 3724
3969 3725
3970 3726
3971 3727
3972 3728
3973 3729
3974 3730
3975 3731
3976 3732
3977 3733
3978 3734
3979 3735
3980 3736
3981 3737
3982 3738
3983 3739
3984 3740
3985 4305
3986 3741
3987 3742
3988 3743
3989 3744
3990 3745
3991 3746
3992 3747
3993 3748
3994 3749
3995 3750
3996 1684
3997 3751
3998 3752
3999 3753
4000 3754
4001 3755
4002 3756
4003 3757
4004 3758
4005 3759
4006 3760
4007 3761
4008 3762
4009 3717
4010 3763
4011 3764
4012 3765
4013 3766
4014 3767
4015 3768
4016 3769
4017 3770
4018 3771
4019 869
4020 3772
4021 3773
4022 3774
4023 3775
4024 3776
4025 3777
4026 3778
4027 3779
4028 3780
4029 3781
4030 3782
4031 3783
4032 3784
4033 3785
4034 3786
4035 3787
4036 3788
4037 3789
4038 3790
4039 3717
4040 3791
4041 3792
4042 3793
4043 3794
4044 3795
4045 3796
4046 3797
4047 3798
4048 3799
4049 3800
4050 3801
4051 3802
4052 3803
4053 3804
4054 3805
4055 3806
4056 3807
4057 3808
4058 3809
4059 3810
4060 3811
4061 3812
4062 3813
4063 3814
4064 3815
4065 3816
4066 3817
4067 3818
4068 3819
4069 3820
4070 3821
4071 3822
4072 3823
4073 3824
4074 3825
4075 3826
4076 3827
4077 3828
4078 3717
4079 3829
4080 3830
4081 3831
4082 3832
4083 3833
4084 3834
4085 3835
4086 3717
4087 3837
4088 3838
4089 3839
4090 3840
4091 3841
4092 3842
4093 499
4094 3843
4095 3844
4096 3845
4097 3846
4098 3847
4099 3848
4100 3849
4101 3850
4102 3851
4103 3852
4104 2700
4105 3853
4106 3854
4107 3855
4108 3856
4109 3857
4110 1684
4111 3858
4112 499
4113 3859
4114 3860
4115 3861
4116 3862
4117 3863
4118 3864
4119 3865
4120 3866
4121 3867
4122 3868
4123 3869
4124 3717
4125 3870
4126 3871
4127 3872
4128 3873
4129 3874
4130 3875
4131 3876
4132 3717
4133 3877
4134 3878
4135 3879
4136 3880
4137 3881
4138 3882
4139 3883
4140 3884
4141 3885
4142 3886
4143 3887
4144 3888
4145 3889
4146 3890
4147 3891
4148 3892
4149 3893
4150 3894
4151 3895
4152 3896
4153 3897
4154 3898
4155 3899
4156 3900
4157 3901
4158 3902
4159 1684
4160 3903
4161 3904
4162 3905
4163 3906
4164 3907
4165 3908
4166 3909
4167 3717
4168 3910
4169 3717
4170 3911
4171 3912
4172 3913
4173 3914
4174 3915
4175 3916
4176 3917
4177 3918
4178 3919
4179 3920
4180 3921
4181 1853
4182 3922
4183 3923
4184 3924
4185 3925
4186 3926
4187 3927
4188 3928
4189 3929
4190 3930
4191 3931
4192 3932
4193 3933
4194 3934
4195 3935
4196 3936
4197 3937
4198 3938
4199 3939
4200 3940
4201 3941
4202 3942
4203 3943
4204 499
4205 3944
4206 2700
4207 3945
4208 3717
4209 3946
4210 3947
4211 3948
4212 3949
4213 3950
4214 3951
4215 3952
4216 3953
4217 3954
4218 3955
4219 3956
4220 3957
4221 3958
4222 3959
4223 3960
4224 3961
4225 3962
4226 3963
4227 3964
4228 3965
4229 3966
4230 3967
4231 3968
4232 3969
4233 3970
4234 3971
4235 3972
4236 3973
4237 3974
4238 3975
4239 3976
4240 2230
4241 3977
4242 3978
4243 3979
4244 3980
4245 3981
4246 3982
4247 3983
4248 3984
4249 3985
4250 3986
4251 3987
4252 3988
4253 3989
4254 3990
4255 3991
4256 3992
4257 3993
4258 3994
4259 3995
4260 3996
4261 3997
4262 3998
4263 3999
4264 4000
4265 4001
4266 4002
4267 4003
4268 4004
4269 4005
4270 4006
4271 4007
4272 4008
4273 4009
4274 4010
4275 4011
4276 4012
4277 4013
4278 4014
4279 4015
4280 4016
4281 4017
4282 4018
4283 4019
4284 4020
4285 4021
4286 4022
4287 4023
4288 4024
4289 4025
4290 4026
4291 4027
4292 4028
4293 4029
4294 4030
4295 4031
4296 4032
4297 4033
4298 4034
4299 4035
4300 4036
4301 869
4302 4037
4303 4038
4304 2230
4305 4039
4306 4040
4307 4041
4308 4042
4309 4043
4310 4044
4311 4045
4312 4046
4313 4047
4314 4048
4315 4049
4316 4050
4317 4051
4318 4052
4319 1684
4320 4053
4321 4054
4322 4055
4323 4056
4324 4057
4325 4058
4326 4059
4327 4060
4328 4061
4329 4062
4330 4063
4331 4064
4332 4065
4333 4066
4334 4067
4335 4068
4336 4069
4337 4070
4338 4071
4339 4072
4340 4073
4341 4074
4342 4075
4343 4076
4344 4077
4345 4078
4346 4079
4347 4080
4348 4081
4349 4082
4350 4083
4351 4084
4352 4085
4353 4086
4354 4087
4355 4088
4356 4089
4357 4090
4358 4091
4359 4092
4360 4093
4361 3717
4362 4094
4363 4095
4364 4096
4365 4097
4366 4098
4367 4099
4368 4100
4369 4101
4370 4102
4371 4103
4372 4104
4373 4105
4374 4106
4375 4107
4376 4108
4377 4109
4378 4110
4379 4111
4380 4112
4381 4113
4382 4114
4383 4115
4384 4116
4385 4117
4386 4118
4387 4119
4388 4120
4389 4121
4390 3717
4391 4122
4392 4123
4393 4124
4394 4125
4395 4126
4396 4127
4397 4128
4398 4129
4399 4130
4400 4131
4401 4132
4402 4133
4403 4134
4404 4135
4405 4136
4406 4137
4407 4138
4408 4139
4409 4140
4410 4141
4411 4142
4412 4143
4413 4144
4414 4145
4415 4146
4416 3717
4417 4147
4418 4148
4419 4149
4420 4150
4421 4151
4422 4152
4423 4153
4424 4154
4425 4155
4426 4156
4427 4157
4428 4158
4429 4159
4430 4160
4431 4161
4432 4162
4433 4163
4434 4164
4435 4165
4436 4166
4437 4167
4438 4168
4439 4169
4440 4170
4441 4171
4442 4172
4443 4173
4444 4174
4445 4175
4446 4176
4447 4177
4448 4178
4449 4179
4450 4180
4451 4181
4452 4182
4453 4183
4454 4184
4455 4185
4456 4186
4457 4187
4458 4188
4459 4189
4460 4190
4461 4191
4462 4192
4463 4193
4464 3717
4465 4194
4466 4195
4467 4196
4468 4197
4469 4198
4470 4199
4471 4200
4472 4201
4473 4202
4474 4203
4475 4204
4476 4205
4477 4206
4478 4207
4479 4208
4480 4209
4481 4210
4482 4211
4483 4212
4484 4213
4485 4214
4486 4215
4487 4216
4488 4217
4489 4218
4490 4219
4491 4220
4492 4221
4493 3717
4494 4222
4495 4223
4496 4224
4497 4225
4498 4226
4499 4227
4500 499
4501 4228
4502 4229
4503 4230
4504 4231
4505 4232
4506 4233
4507 4234
4508 4235
4509 4236
4510 4237
4511 4238
4512 4239
4513 4240
4514 4241
4515 4242
4516 4243
4517 4244
4518 4245
4519 4246
4520 4247
4521 4248
4522 4249
4523 4250
4524 4251
4525 4252
4526 4253
4527 4254
4528 4255
4529 4256
4530 4257
4531 4258
4532 3717
4533 4259
4534 4260
4535 4261
4536 4262
4537 4263
4538 4264
4539 3717
4540 4265
4541 4266
4542 4267
4543 4268
4544 4269
4545 4270
4546 4271
4547 4272
4548 4273
4549 4274
4550 4275
4551 4276
4552 4277
4553 4278
4554 4279
4555 4280
4556 4281
4557 4282
4558 4283
4559 4284
4560 4285
4561 4286
4562 4287
4563 4288
4564 4289
4565 4290
4566 4291
4567 4292
4568 4293
4569 4294
4570 4295
4571 4296
4572 4297
4573 4298
4574 4299
4575 4300
4576 4301
4577 4302
4578 3717
4579 4303
4580 3717
4581 4304
4582 3717
4583 4306
4584 4307
4585 4308
4586 4309
4587 4310
4588 4311
4589 4312
4590 4313
4591 4314
4592 4315
4593 4316
4594 4317
4595 4318
4596 4319
4597 4320
4598 4321
4599 4322
4600 4323
4601 4324
4602 1684
4603 4325
4604 4326
4605 4327
4606 4328
4607 4329
4608 3717
4609 4330
4610 4331
4611 4332
4612 4333
4613 4334
4614 4335
4615 4336
4616 4337
4617 4338
4618 4339
4619 4340
4620 4341
4621 4342
4622 4343
4623 4344
4624 4345
4625 4346
4626 4347
4627 4348
4628 4349
4629 4350
4630 4351
4631 4352
4632 4353
4633 4354
4634 4355
4635 4356
4636 4357
4637 4358
4638 4359
4639 4360
4640 4361
4641 4362
4642 4363
4643 4364
4644 4365
4645 4366
4646 4367
4647 3717
4648 4368
4649 4369
4650 4370
4651 4371
4652 4372
4653 4373
4654 4374
4655 4375
4656 4376
4657 4377
4658 4378
4659 4379
4660 4380
4661 4381
4662 4382
4663 4383
4664 4384
4665 4385
4666 4386
4667 4387
4668 4388
4669 4389
4670 4390
4671 4391
4672 4392
4673 4393
4674 4394
4675 4395
4676 4396
4677 4397
4678 4398
4679 1684
4680 4399
4681 4400
4682 4401
4683 4402
4684 4403
4685 4404
4686 4405
4687 4406
4688 4407
4689 4408
4690 4409
4691 4410
4692 4411
4693 4412
4694 4413
4695 4414
4696 4415
4697 4416
4698 4417
4699 869
4700 3717
4701 4418
4702 4419
4703 4420
4704 4421
4705 4422
4706 4423
4707 4424
4708 4425
4709 4426
4710 4427
4711 4428
4712 4429
4713 4430
4714 4431
4715 4432
4716 4433
4717 4434
4718 4435
4719 4436
4720 4437
4721 4438
4722 4439
4723 4440
4724 4441
4725 4442
4726 4443
4727 4444
4728 4445
4729 4446
4730 4447
4731 4448
4732 4449
4733 4450
4734 4451
4735 4452
4736 4453
4737 4454
4738 4455
4739 4456
4740 4457
4741 4458
4742 4459
4743 4460
4744 4461
4745 4462
4746 4463
4747 4464
4748 4465
4749 1684
4750 4466
4751 4467
4752 4468
4753 3717
4754 4469
4755 4470
4756 4471
4757 4472
4758 4473
4759 4474
4760 4475
4761 4476
4762 4477
4763 4478
4764 4479
4765 4480
4766 4481
4767 4482
4768 4483
4769 4484
4770 4485
4771 3836
4772 4486
4773 4487
4774 4488
4775 4489
4776 4490
4777 4491
4778 4492
4779 4493
4780 4494
4781 4495
4782 3717
4783 4496
4784 4497
4785 4498
4786 4499
4787 4500
4788 4501
4789 4502
4790 4503
4791 4504
4792 4505
4793 4506
4794 4507
4795 4508
4796 4509
4797 4510
4798 4511
4799 4512
4800 4513
4801 4514
4802 4515
4803 4516
4804 4517
4805 4518
4806 4519
4807 4520
4808 4521
4809 4522
4810 4523
4811 4524
4812 4525
4813 4526
4814 4527
4815 4528
4816 4529
4817 4530
4818 4531
4819 4532
4820 4533
4821 4534
4822 4535
4823 4536
4824 4537
4825 4538
4826 4539
4827 4540
4828 4541
4829 4542
4830 4543
4831 4544
4832 4545
4833 4546
4834 4547
4835 4548
4836 499
4837 4549
4838 4550
4839 3717
4840 4551
4841 4552
4842 4553
4843 4554
4844 4555
4845 4556
4846 1684
4847 4557
4848 4558
4849 4559
4850 4560
4851 4561
4852 3717
4853 4562
4854 4563
4855 4564
4856 4565
4857 3521
4858 4566
4859 4567
4860 4568
4861 4569
4862 4570
4863 4571
4864 4572
4865 4573
4866 4574
4867 4575
4868 4576
4869 4577
4870 4578
4871 4579
4872 2700
4873 4580
4874 4581
4875 4582
4876 4583
4877 4584
4878 4585
4879 4586
4880 4587
4881 4588
4882 4589
4883 4590
4884 4591
4885 4592
4886 4593
4887 2230
4888 4594
4889 4595
4890 4596
4891 4597
4892 4598
4893 4599
4894 4600
4895 4601
4896 4602
4897 4603
4898 4604
4899 4605
4900 4606
4901 4607
4902 4608
4903 4609
4904 4610
4905 4611
4906 4612
4907 4613
4908 4614
4909 4615
4910 4616
4911 4617
4912 4618
4913 4619
4914 4620
4915 4621
4916 4622
4917 4623
4918 1853
4919 4624
4920 4625
4921 4626
4922 4627
4923 4628
4924 4629
4925 4630
4926 4631
4927 4632
4928 4633
4929 4634
4930 4635
4931 4636
4932 4637
4933 4638
4934 4639
4935 4640
4936 4641
4937 4642
4938 4643
4939 4644
4940 4645
4941 4646
4942 4647
4943 4648
4944 4649
4945 4650
4946 4651
4947 4652
4948 4653
4949 4654
4950 4655
4951 4656
4952 4657
4953 4658
4954 4659
4955 4660
4956 4661
4957 4662
4958 4663
4959 4664
4960 4665
4961 4666
4962 4667
4963 4668
4964 4669
4965 4670
4966 4671
4967 499
4968 4672
4969 4673
4970 4674
4971 4675
4972 4676
4973 4677
4974 4678
4975 3717
4976 4679
4977 4680
4978 1684
4979 4681
4980 4682
4981 4683
4982 4684
4983 4685
4984 4686
4985 1684
4986 4687
4987 4688
4988 4689
4989 3717
4990 4690
4991 4691
4992 4692
4993 4693
4994 4694
4995 4695
4996 4696
4997 4697
4998 4698
4999 4699
5000 4700
5001 4701
5002 4702
5003 4703
5004 4704
5005 4705
5006 4706
5007 4707
5008 4708
5009 4709
5010 4710
5011 4711
5012 4712
5013 3717
5014 4713
5015 4714
5016 4715
5017 4716
5018 4717
5019 4718
5020 4719
5021 1684
5022 4720
5023 4721
5024 4722
5025 4723
5026 4724
5027 4725
5028 4726
5029 4727
5030 3717
5031 4728
5032 4729
5033 4730
5034 4731
5035 4732
5036 4733
5037 4734
5038 4735
5039 4736
5040 4737
5041 4738
5042 4739
5043 4740
5044 4741
5045 4742
5046 4743
5047 451
5048 4744
5049 1884
5050 4745
5051 4746
5052 4747
5053 4748
5054 4749
5055 4750
5056 4751
5057 4752
5058 4753
5059 4754
5060 4755
5061 4756
5062 1684
5063 4757
5064 4758
5065 4759
5066 4760
5067 4761
5068 4762
5069 4763
5070 4764
5071 4765
5072 4766
5073 4767
5074 4768
5075 4769
5076 4770
5077 4771
5078 4772
5079 2700
5080 4773
5081 4774
5082 4775
5083 4776
5084 4777
5085 4778
5086 4779
5087 4780
5088 4781
5089 4782
5090 4783
5091 4784
5092 4785
5093 4786
5094 4787
5095 4788
5096 4789
5097 4790
5098 4791
5099 4792
5100 4793
5101 4794
5102 4795
5103 4796
5104 4797
5105 4798
5106 4799
5107 4800
5108 4801
5109 4802
5110 4803
5111 4804
5112 4805
5113 4806
5114 4807
5115 3717
5116 3521
5117 4808
5118 4809
5119 4810
5120 1684
5121 4811
5122 4812
5123 4813
5124 4814
5125 4815
5126 4816
5127 4817
5128 4818
5129 4819
5130 4820
5131 4821
5132 4822
5133 4823
5134 4824
5135 4825
5136 4826
5137 4827
5138 4828
5139 4829
5140 4830
5141 4831
5142 4832
5143 4833
5144 4834
5145 4835
5146 4836
5147 4837
5148 3717
5149 4838
5150 4839
5151 4840
5152 4841
5153 4842
5154 4843
5155 4844
5156 4845
5157 4846
5158 4847
5159 4848
5160 4849
5161 4850
5162 4851
5163 3717
5164 4852
5165 4853
5166 4854
5167 4855
5168 4856
5169 4857
5170 4858
5171 4859
5172 4860
5173 4861
5174 4862
5175 4863
5176 4864
5177 4865
5178 4866
5179 4867
5180 4868
5181 4869
5182 3717
5183 4870
5184 4871
5185 4872
5186 4873
5187 4874
5188 4875
5189 4876
5190 4877
5191 4878
5192 4879
5193 4880
5194 4881
5195 4882
5196 4883
5197 4884
5198 4885
5199 4886
5200 4887
5201 4888
5202 4889
5203 4890
5204 4891
5205 4892
5206 4893
5207 4894
5208 4895
5209 4896
5210 4897
5211 4898
5212 4899
5213 4900
5214 4901
5215 4902
5216 4903
5217 4904
5218 4905
5219 4906
5220 4907
5221 4908
5222 4909
5223 4910
5224 3717
5225 4911
5226 4912
5227 4913
5228 4914
5229 4915
5230 4916
5231 4917
5232 4918
5233 4919
5234 4920
5235 4921
5236 4922
5237 1684
5238 4923
5239 4924
5240 4925
5241 4926
5242 4927
5243 4928
5244 4929
5245 4930
5246 4931
5247 4932
5248 3717
