0 0
1 1
2 2
3 3
4 4
5 5
6 6
7 7
8 8
9 9
10 10
11 11
12 12
13 3686
14 13
15 14
16 15
17 16
18 17
19 18
20 19
21 20
22 21
23 22
24 23
25 24
26 25
27 26
28 27
29 28
30 29
31 30
32 31
33 32
34 33
35 34
36 35
37 36
38 37
39 38
40 39
41 40
42 41
43 42
44 43
45 44
46 45
47 46
48 47
49 48
50 49
51 50
52 51
53 52
54 53
55 54
56 55
57 56
58 57
59 58
60 59
61 60
62 61
63 62
64 63
65 64
66 65
67 66
68 67
69 68
70 3686
71 69
72 70
73 71
74 72
75 73
76 74
77 75
78 76
79 77
80 78
81 79
82 80
83 81
84 82
85 83
86 84
87 85
88 86
89 87
90 88
91 89
92 90
93 91
94 92
95 93
96 94
97 95
98 96
99 883
100 97
101 98
102 99
103 100
104 101
105 102
106 3686
107 103
108 104
109 105
110 106
111 107
112 108
113 109
114 110
115 111
116 112
117 113
118 114
119 115
120 116
121 117
122 118
123 119
124 120
125 121
126 122
127 123
128 124
129 125
130 126
131 127
132 128
133 129
134 130
135 131
136 132
137 133
138 134
139 135
140 136
141 137
142 138
143 139
144 140
145 141
146 142
147 143
148 144
149 145
150 146
151 147
152 148
153 149
154 150
155 151
156 152
157 153
158 154
159 155
160 156
161 157
162 158
163 159
164 160
165 161
166 162
167 163
168 164
169 165
170 166
171 167
172 168
173 169
174 170
175 171
176 172
177 173
178 174
179 175
180 3686
181 176
182 177
183 178
184 179
185 180
186 181
187 182
188 183
189 184
190 185
191 430
192 186
193 187
194 188
195 189
196 190
197 191
198 192
199 193
200 194
201 195
202 196
203 197
204 198
205 199
206 200
207 201
208 202
209 203
210 204
211 205
212 206
213 207
214 208
215 209
216 210
217 3686
218 211
219 212
220 213
221 214
222 215
223 216
224 217
225 218
226 219
227 220
228 221
229 222
230 223
231 224
232 225
233 226
234 227
235 228
236 229
237 230
238 231
239 232
240 233
241 234
242 235
243 236
244 237
245 238
246 239
247 240
248 241
249 242
250 243
251 244
252 245
253 246
254 247
255 248
256 249
257 250
258 251
259 252
260 253
261 254
262 255
263 256
264 257
265 258
266 259
267 260
268 261
269 262
270 263
271 264
272 265
273 266
274 267
275 268
276 269
277 270
278 271
279 272
280 273
281 274
282 275
283 276
284 277
285 278
286 279
287 280
288 281
289 282
290 283
291 284
292 285
293 286
294 287
295 288
296 289
297 290
298 291
299 292
300 293
301 294
302 295
303 296
304 297
305 298
306 299
307 300
308 301
309 302
310 303
311 304
312 305
313 306
314 307
315 308
316 309
317 310
318 311
319 312
320 313
321 314
322 315
323 316
324 317
325 318
326 319
327 320
328 321
329 322
330 323
331 324
332 325
333 326
334 327
335 328
336 329
337 330
338 331
339 332
340 333
341 334
342 335
343 336
344 337
345 338
346 339
347 340
348 341
349 342
350 343
351 344
352 345
353 346
354 347
355 348
356 349
357 3686
358 350
359 3686
360 351
361 352
362 353
363 354
364 355
365 3686
366 356
367 89
368 357
369 358
370 359
371 360
372 361
373 362
374 363
375 364
376 365
377 366
378 367
379 368
380 369
381 370
382 371
383 372
384 373
385 374
386 375
387 376
388 377
389 378
390 379
391 380
392 381
393 382
394 383
395 384
396 385
397 386
398 387
399 388
400 389
401 390
402 391
403 392
404 393
405 394
406 395
407 396
408 397
409 398
410 399
411 400
412 401
413 402
414 403
415 404
416 405
417 406
418 407
419 408
420 409
421 410
422 411
423 412
424 413
425 414
426 415
427 416
428 417
429 418
430 419
431 420
432 421
433 422
434 423
435 424
436 425
437 426
438 427
439 428
440 429
441 430
442 431
443 432
444 433
445 434
446 435
447 436
448 437
449 438
450 439
451 440
452 441
453 442
454 443
455 444
456 445
457 446
458 447
459 448
460 449
461 450
462 451
463 452
464 453
465 454
466 455
467 456
468 457
469 458
470 459
471 460
472 461
473 462
474 463
475 464
476 465
477 466
478 467
479 468
480 469
481 470
482 471
483 472
484 473
485 474
486 475
487 476
488 477
489 478
490 479
491 480
492 481
493 482
494 483
495 484
496 485
497 486
498 487
499 488
500 489
501 490
502 491
503 492
504 493
505 494
506 495
507 496
508 497
509 498
510 499
511 500
512 501
513 502
514 503
515 504
516 505
517 506
518 507
519 508
520 509
521 510
522 511
523 512
524 513
525 514
526 515
527 516
528 517
529 518
530 519
531 520
532 521
533 522
534 523
535 524
536 525
537 526
538 527
539 528
540 529
541 3686
542 530
543 531
544 532
545 533
546 534
547 535
548 536
549 537
550 538
551 539
552 540
553 541
554 542
555 543
556 544
557 545
558 546
559 547
560 548
561 549
562 550
563 551
564 552
565 553
566 554
567 555
568 556
569 557
570 558
571 559
572 560
573 561
574 562
575 563
576 564
577 565
578 566
579 567
580 568
581 569
582 570
583 571
584 572
585 573
586 574
587 575
588 576
589 577
590 578
591 579
592 580
593 581
594 582
595 583
596 584
597 585
598 586
599 587
600 588
601 589
602 590
603 591
604 592
605 593
606 594
607 595
608 596
609 597
610 598
611 599
612 600
613 601
614 602
615 603
616 604
617 605
618 606
619 607
620 608
621 609
622 610
623 611
624 612
625 613
626 614
627 615
628 616
629 617
630 618
631 619
632 620
633 621
634 622
635 623
636 624
637 625
638 626
639 627
640 628
641 629
642 630
643 631
644 632
645 633
646 634
647 635
648 636
649 637
650 638
651 639
652 640
653 641
654 3686
655 642
656 643
657 644
658 645
659 646
660 647
661 648
662 649
663 650
664 651
665 883
666 652
667 653
668 654
669 655
670 656
671 657
672 658
673 659
674 660
675 661
676 662
677 663
678 664
679 665
680 666
681 667
682 3686
683 668
684 669
685 670
686 671
687 672
688 673
689 674
690 675
691 676
692 677
693 678
694 679
695 680
696 681
697 682
698 683
699 684
700 685
701 686
702 687
703 688
704 689
705 690
706 691
707 692
708 693
709 694
710 695
711 696
712 697
713 698
714 699
715 700
716 701
717 702
718 703
719 704
720 3686
721 705
722 706
723 707
724 708
725 709
726 710
727 711
728 712
729 713
730 714
731 715
732 716
733 717
734 718
735 719
736 720
737 721
738 722
739 723
740 724
741 725
742 726
743 727
744 728
745 729
746 730
747 731
748 732
749 733
750 734
751 735
752 736
753 737
754 738
755 739
756 740
757 741
758 742
759 743
760 744
761 745
762 746
763 747
764 748
765 749
766 750
767 751
768 752
769 753
770 754
771 755
772 756
773 757
774 758
775 759
776 760
777 761
778 762
779 763
780 764
781 3686
782 765
783 766
784 767
785 768
786 769
787 770
788 771
789 772
790 773
791 774
792 775
793 776
794 777
795 778
796 779
797 780
798 781
799 782
800 783
801 784
802 785
803 786
804 787
805 788
806 789
807 790
808 791
809 792
810 793
811 794
812 795
813 796
814 797
815 798
816 799
817 800
818 801
819 802
820 803
821 804
822 805
823 806
824 807
825 808
826 809
827 810
828 811
829 812
830 813
831 814
832 815
833 816
834 817
835 818
836 819
837 820
838 821
839 3686
840 822
841 823
842 824
843 825
844 826
845 827
846 828
847 430
848 829
849 830
850 831
851 832
852 833
853 834
854 835
855 836
856 837
857 838
858 839
859 840
860 841
861 842
862 843
863 844
864 845
865 846
866 847
867 3686
868 848
869 849
870 850
871 851
872 852
873 853
874 854
875 855
876 856
877 857
878 858
879 859
880 860
881 861
882 862
883 863
884 864
885 865
886 866
887 867
888 868
889 869
890 870
891 871
892 872
893 873
894 874
895 875
896 876
897 877
898 878
899 879
900 880
901 881
902 882
903 883
904 884
905 885
906 886
907 887
908 888
909 889
910 890
911 891
912 892
913 893
914 894
915 895
916 896
917 897
918 898
919 899
920 900
921 901
922 902
923 903
924 904
925 905
926 906
927 907
928 908
929 909
930 910
931 911
932 912
933 913
934 914
935 3686
936 915
937 916
938 917
939 918
940 919
941 920
942 921
943 922
944 923
945 924
946 925
947 926
948 927
949 928
950 929
951 930
952 931
953 932
954 933
955 934
956 935
957 936
958 937
959 938
960 939
961 940
962 941
963 942
964 943
965 944
966 945
967 946
968 947
969 948
970 949
971 950
972 951
973 952
974 953
975 954
976 955
977 956
978 957
979 958
980 959
981 960
982 961
983 962
984 963
985 964
986 965
987 966
988 967
989 968
990 969
991 970
992 971
993 972
994 973
995 974
996 975
997 976
998 977
999 978
1000 979
1001 980
1002 981
1003 982
1004 983
1005 984
1006 985
1007 986
1008 987
1009 988
1010 989
1011 990
1012 991
1013 992
1014 993
1015 994
1016 995
1017 996
1018 997
1019 998
1020 3686
1021 999
1022 1000
1023 1001
1024 1002
1025 1003
1026 1004
1027 1005
1028 1006
1029 1007
1030 1008
1031 1009
1032 1010
1033 1011
1034 1012
1035 1013
1036 1014
1037 1015
1038 1016
1039 1017
1040 1018
1041 1019
1042 1020
1043 1021
1044 1022
1045 1023
1046 1024
1047 1025
1048 1026
1049 1027
1050 3686
1051 1028
1052 1029
1053 3686
1054 1030
1055 1031
1056 1032
1057 3686
1058 1033
1059 1034
1060 1035
1061 1036
1062 1037
1063 1038
1064 1039
1065 1040
1066 1041
1067 1042
1068 1043
1069 1044
1070 1045
1071 1046
1072 1047
1073 1048
1074 1049
1075 1050
1076 1051
1077 1052
1078 1053
1079 1054
1080 1055
1081 1056
1082 1057
1083 1058
1084 1059
1085 1060
1086 1061
1087 1062
1088 1063
1089 1064
1090 1065
1091 1066
1092 1067
1093 1068
1094 1069
1095 1070
1096 1071
1097 1072
1098 1073
1099 1074
1100 1075
1101 1076
1102 1077
1103 1078
1104 1079
1105 1080
1106 1081
1107 1082
1108 1083
1109 1084
1110 1085
1111 1086
1112 1087
1113 1088
1114 1089
1115 1090
1116 1091
1117 1092
1118 1093
1119 1094
1120 1095
1121 1096
1122 1097
1123 1098
1124 1099
1125 1100
1126 1101
1127 1102
1128 1103
1129 1104
1130 1105
1131 1106
1132 1107
1133 1108
1134 1109
1135 1110
1136 1111
1137 1112
1138 1113
1139 1114
1140 1115
1141 1116
1142 1117
1143 1118
1144 1119
1145 1120
1146 1121
1147 1122
1148 1123
1149 1124
1150 1125
1151 1126
1152 1127
1153 1128
1154 1129
1155 1130
1156 1131
1157 1132
1158 1133
1159 1134
1160 1135
1161 1136
1162 1137
1163 1138
1164 1139
1165 1140
1166 1141
1167 1142
1168 1143
1169 1144
1170 1145
1171 1146
1172 1147
1173 1148
1174 1149
1175 1150
1176 1151
1177 1152
1178 1153
1179 1154
1180 1155
1181 1156
1182 1157
1183 1158
1184 1159
1185 1160
1186 1161
1187 1162
1188 1163
1189 1164
1190 1165
1191 1166
1192 1167
1193 1168
1194 1169
1195 1170
1196 1171
1197 1172
1198 1173
1199 1174
1200 1175
1201 1176
1202 1177
1203 1178
1204 1179
1205 1180
1206 1181
1207 1182
1208 1183
1209 1184
1210 1185
1211 1186
1212 1187
1213 1188
1214 1189
1215 1190
1216 1191
1217 1192
1218 1193
1219 1194
1220 1195
1221 1196
1222 1197
1223 1198
1224 1199
1225 1200
1226 1201
1227 1202
1228 3686
1229 1203
1230 1204
1231 1205
1232 1206
1233 1207
1234 1208
1235 1209
1236 1210
1237 1211
1238 1212
1239 1213
1240 1214
1241 1215
1242 1216
1243 1217
1244 1218
1245 1219
1246 1220
1247 1221
1248 1222
1249 1223
1250 1224
1251 1225
1252 1226
1253 1227
1254 89
1255 1228
1256 1229
1257 1230
1258 1231
1259 1232
1260 1233
1261 1234
1262 1235
1263 1236
1264 1237
1265 1238
1266 1239
1267 1240
1268 1241
1269 3686
1270 1242
1271 1243
1272 1244
1273 1245
1274 1246
1275 1247
1276 1248
1277 1249
1278 1250
1279 1251
1280 1252
1281 1253
1282 1254
1283 1255
1284 1256
1285 1257
1286 1258
1287 1259
1288 1260
1289 1261
1290 1262
1291 1263
1292 1264
1293 1265
1294 1266
1295 3686
1296 1267
1297 1268
1298 1269
1299 1270
1300 1271
1301 1272
1302 1273
1303 1274
1304 1275
1305 1276
1306 1277
1307 1278
1308 1279
1309 1280
1310 1281
1311 1282
1312 1283
1313 1284
1314 1285
1315 1286
1316 1287
1317 1288
1318 1289
1319 1290
1320 1291
1321 1292
1322 1293
1323 1294
1324 1295
1325 1296
1326 1297
1327 1298
1328 1299
1329 1300
1330 1301
1331 1302
1332 1303
1333 1304
1334 1305
1335 1306
1336 1307
1337 1308
1338 1309
1339 1310
1340 1311
1341 1312
1342 1313
1343 1314
1344 1315
1345 1316
1346 1317
1347 1318
1348 1319
1349 1320
1350 1321
1351 1322
1352 1323
1353 1324
1354 1325
1355 1326
1356 1327
1357 1328
1358 1329
1359 1330
1360 1331
1361 1332
1362 1333
1363 1334
1364 1335
1365 1336
1366 1337
1367 1338
1368 1339
1369 1340
1370 1341
1371 1342
1372 1343
1373 1344
1374 1345
1375 1346
1376 1347
1377 1348
1378 1349
1379 1350
1380 1351
1381 1352
1382 1353
1383 1354
1384 1355
1385 1356
1386 1357
1387 1358
1388 1359
1389 1360
1390 1361
1391 1362
1392 1363
1393 1364
1394 1365
1395 1366
1396 1367
1397 1368
1398 1369
1399 1370
1400 1371
1401 1372
1402 1373
1403 1374
1404 1375
1405 1376
1406 1377
1407 1378
1408 1379
1409 1380
1410 1381
1411 1382
1412 1383
1413 1384
1414 3686
1415 1385
1416 1386
1417 1387
1418 1388
1419 1389
1420 1390
1421 1391
1422 1392
1423 1393
1424 1394
1425 1395
1426 430
1427 1396
1428 1397
1429 1398
1430 1399
1431 1400
1432 1401
1433 1402
1434 1403
1435 1404
1436 1405
1437 1406
1438 1407
1439 1408
1440 1409
1441 1410
1442 1411
1443 1412
1444 1413
1445 1414
1446 1415
1447 1416
1448 1417
1449 1418
1450 1419
1451 1420
1452 1421
1453 1422
1454 1423
1455 1424
1456 1425
1457 1426
1458 1427
1459 1428
1460 1429
1461 1430
1462 1431
1463 1432
1464 1433
1465 1434
1466 1435
1467 1436
1468 1437
1469 1271
1470 2991
1471 1438
1472 1439
1473 1440
1474 1441
1475 1442
1476 1443
1477 1444
1478 1445
1479 1446
1480 1447
1481 1448
1482 1449
1483 1450
1484 1451
1485 1452
1486 1453
1487 1454
1488 1455
1489 1456
1490 1457
1491 1458
1492 1459
1493 1460
1494 1461
1495 1462
1496 1463
1497 1464
1498 1465
1499 1466
1500 1467
1501 1468
1502 1469
1503 1470
1504 1471
1505 1472
1506 2694
1507 1473
1508 1474
1509 1475
1510 1476
1511 3686
1512 1477
1513 1478
1514 1479
1515 1480
1516 1481
1517 1482
1518 1483
1519 1484
1520 1485
1521 1486
1522 1487
1523 1488
1524 1489
1525 1490
1526 1491
1527 1492
1528 1493
1529 1494
1530 1495
1531 1496
1532 1497
1533 1498
1534 1499
1535 1500
1536 1501
1537 1502
1538 1503
1539 1504
1540 1505
1541 1506
1542 1507
1543 1508
1544 1509
1545 1510
1546 1511
1547 1512
1548 1513
1549 1514
1550 1515
1551 1516
1552 1517
1553 1518
1554 1519
1555 1520
1556 1521
1557 1522
1558 1523
1559 1524
1560 1525
1561 1526
1562 1527
1563 1528
1564 1529
1565 1530
1566 1531
1567 1532
1568 1533
1569 1534
1570 1535
1571 1536
1572 1537
1573 1538
1574 1539
1575 1540
1576 1541
1577 1542
1578 1543
1579 1544
1580 1545
1581 1546
1582 1547
1583 1548
1584 1549
1585 1550
1586 1551
1587 1552
1588 1553
1589 1554
1590 1555
1591 1556
1592 1557
1593 1558
1594 1559
1595 1560
1596 1561
1597 1562
1598 1563
1599 1564
1600 1565
1601 1566
1602 1567
1603 1568
1604 1569
1605 1570
1606 1571
1607 1572
1608 1573
1609 1574
1610 1575
1611 1576
1612 1577
1613 1578
1614 1579
1615 1580
1616 1581
1617 1582
1618 1583
1619 1584
1620 1585
1621 1586
1622 1587
1623 1588
1624 1589
1625 1590
1626 3686
1627 1591
1628 1592
1629 1593
1630 1594
1631 1595
1632 1596
1633 1597
1634 1598
1635 1599
1636 1600
1637 1601
1638 1602
1639 1603
1640 1604
1641 1605
1642 1606
1643 1607
1644 1608
1645 1609
1646 1610
1647 1611
1648 1612
1649 1613
1650 1614
1651 1615
1652 1616
1653 1617
1654 883
1655 1618
1656 1619
1657 1620
1658 1621
1659 1622
1660 1623
1661 1624
1662 1625
1663 1626
1664 1627
1665 1628
1666 1629
1667 1630
1668 1631
1669 1632
1670 1633
1671 1634
1672 1635
1673 1636
1674 1637
1675 1638
1676 1639
1677 1640
1678 1641
1679 1642
1680 1643
1681 1644
1682 1645
1683 1646
1684 1647
1685 1648
1686 1649
1687 1650
1688 1651
1689 1652
1690 1653
1691 1654
1692 1655
1693 1656
1694 1657
1695 1658
1696 1659
1697 1660
1698 1661
1699 1662
1700 1663
1701 1664
1702 3686
1703 1665
1704 1666
1705 1667
1706 1668
1707 1669
1708 1670
1709 1671
1710 1672
1711 1673
1712 1674
1713 1675
1714 1676
1715 1677
1716 1678
1717 1679
1718 1680
1719 1681
1720 1682
1721 1683
1722 1684
1723 1685
1724 1686
1725 1687
1726 1688
1727 1689
1728 1690
1729 1691
1730 1692
1731 1693
1732 1694
1733 1695
1734 1696
1735 1697
1736 1698
1737 1699
1738 1700
1739 1701
1740 1702
1741 1703
1742 1704
1743 1705
1744 1706
1745 1707
1746 1708
1747 1709
1748 1710
1749 1711
1750 1712
1751 1713
1752 1714
1753 1715
1754 1716
1755 1717
1756 1718
1757 1719
1758 1720
1759 1721
1760 1722
1761 1723
1762 1724
1763 1725
1764 1726
1765 1727
1766 1728
1767 1729
1768 1730
1769 1731
1770 1732
1771 1733
1772 1734
1773 1735
1774 1736
1775 1737
1776 1738
1777 1739
1778 1740
1779 1741
1780 1742
1781 1743
1782 1744
1783 1745
1784 1746
1785 1747
1786 1748
1787 1749
1788 1750
1789 1751
1790 1752
1791 1753
1792 1754
1793 1755
1794 1756
1795 1757
1796 1758
1797 1759
1798 1760
1799 1761
1800 1762
1801 1763
1802 1764
1803 1765
1804 1766
1805 1767
1806 1768
1807 1769
1808 1770
1809 1771
1810 1772
1811 1773
1812 1774
1813 1775
1814 1776
1815 1777
1816 1778
1817 1779
1818 1780
1819 1781
1820 1782
1821 1783
1822 1784
1823 1785
1824 1786
1825 1787
1826 1788
1827 1789
1828 1790
1829 1791
1830 1792
1831 1793
1832 1794
1833 1795
1834 1796
1835 1797
1836 1798
1837 1799
1838 1800
1839 1801
1840 1802
1841 1803
1842 1804
1843 1805
1844 1806
1845 1807
1846 3686
1847 1808
1848 1809
1849 1810
1850 1811
1851 1812
1852 1813
1853 1814
1854 1815
1855 1816
1856 1817
1857 1818
1858 1819
1859 1820
1860 1821
1861 1822
1862 1823
1863 1824
1864 1825
1865 1826
1866 1827
1867 1828
1868 1829
1869 1830
1870 1831
1871 1832
1872 1833
1873 1834
1874 1835
1875 1836
1876 1837
1877 1838
1878 1839
1879 1840
1880 1841
1881 1842
1882 1843
1883 1844
1884 1845
1885 3686
1886 1846
1887 1847
1888 1848
1889 1849
1890 1850
1891 1851
1892 1852
1893 1853
1894 1854
1895 1855
1896 1856
1897 3686
1898 1857
1899 1858
1900 1859
1901 1860
1902 1861
1903 1862
1904 1863
1905 1864
1906 1865
1907 1866
1908 1867
1909 1868
1910 1869
1911 1870
1912 1871
1913 1872
1914 1873
1915 1874
1916 1875
1917 1876
1918 1877
1919 1878
1920 1879
1921 1880
1922 1881
1923 1882
1924 1883
1925 1884
1926 1885
1927 1886
1928 1887
1929 1888
1930 1889
1931 1890
1932 1891
1933 1892
1934 1893
1935 1894
1936 1895
1937 1896
1938 1897
1939 1898
1940 1899
1941 1900
1942 1901
1943 1902
1944 1903
1945 1904
1946 1905
1947 1906
1948 1907
1949 1908
1950 1909
1951 1910
1952 1911
1953 1912
1954 1913
1955 1914
1956 1915
1957 1916
1958 1917
1959 1918
1960 1919
1961 1920
1962 1921
1963 1922
1964 1923
1965 1924
1966 1925
1967 1926
1968 1927
1969 1928
1970 1929
1971 1930
1972 1931
1973 1932
1974 1933
1975 1934
1976 1935
1977 1936
1978 1937
1979 1938
1980 1939
1981 1940
1982 1941
1983 1942
1984 1943
1985 430
1986 1944
1987 1945
1988 1946
1989 1947
1990 1948
1991 3686
1992 1949
1993 1950
1994 1951
1995 1952
1996 1953
1997 1954
1998 1955
1999 1956
2000 1957
2001 1958
2002 1959
2003 1960
2004 1961
2005 1962
2006 430
2007 1963
2008 89
2009 1964
2010 1965
2011 1966
2012 1967
2013 1968
2014 1969
2015 1970
2016 1971
2017 1972
2018 1973
2019 1974
2020 1975
2021 1976
2022 1977
2023 1978
2024 1979
2025 1980
2026 1981
2027 1982
2028 1983
2029 1984
2030 1985
2031 1986
2032 1987
2033 2991
2034 1988
2035 1989
2036 1990
2037 1991
2038 1992
2039 1993
2040 1994
2041 1995
2042 1996
2043 1997
2044 1998
2045 1999
2046 2000
2047 2001
2048 2002
2049 2003
2050 2004
2051 2005
2052 2006
2053 2007
2054 2008
2055 2009
2056 2010
2057 2011
2058 2012
2059 2013
2060 2014
2061 2015
2062 2016
2063 2017
2064 2018
2065 2019
2066 2020
2067 2021
2068 2022
2069 2023
2070 2024
2071 2025
2072 2026
2073 2027
2074 2028
2075 2029
2076 2030
2077 2031
2078 2032
2079 2033
2080 2034
2081 2035
2082 2036
2083 2037
2084 2038
2085 2039
2086 2040
2087 2041
2088 2042
2089 2043
2090 2044
2091 2045
2092 2046
2093 2047
2094 2048
2095 2049
2096 2050
2097 2051
2098 2052
2099 2053
2100 2054
2101 2055
2102 2056
2103 2057
2104 2058
2105 2059
2106 2060
2107 2061
2108 2062
2109 2063
2110 2064
2111 2065
2112 2066
2113 2067
2114 2068
2115 2069
2116 2070
2117 2071
2118 2072
2119 2073
2120 2074
2121 2075
2122 2076
2123 2077
2124 2078
2125 2079
2126 2080
2127 2081
2128 2082
2129 2083
2130 2084
2131 2085
2132 2086
2133 2087
2134 2088
2135 2089
2136 2090
2137 2091
2138 2092
2139 2093
2140 2094
2141 2095
2142 2096
2143 2097
2144 2098
2145 2099
2146 2100
2147 2101
2148 2102
2149 2103
2150 2104
2151 2105
2152 2106
2153 2107
2154 2108
2155 2109
2156 2110
2157 2111
2158 2112
2159 2113
2160 2114
2161 2115
2162 2116
2163 2117
2164 2118
2165 2119
2166 2120
2167 2121
2168 2122
2169 2123
2170 2124
2171 2125
2172 2126
2173 2127
2174 430
2175 2128
2176 2129
2177 2130
2178 2131
2179 2132
2180 2133
2181 2134
2182 2135
2183 2136
2184 2137
2185 2138
2186 2139
2187 2140
2188 2141
2189 2142
2190 2143
2191 2144
2192 2145
2193 2146
2194 2147
2195 2148
2196 2149
2197 2150
2198 2151
2199 2152
2200 2153
2201 2154
2202 2155
2203 2156
2204 2157
2205 2158
2206 2159
2207 2160
2208 3775
2209 2161
2210 2162
2211 2163
2212 2164
2213 2165
2214 2166
2215 2167
2216 2168
2217 2169
2218 2170
2219 421
2220 2171
2221 2172
2222 2173
2223 2174
2224 2175
2225 2176
2226 2177
2227 2178
2228 2179
2229 2180
2230 2181
2231 2182
2232 2183
2233 2184
2234 2185
2235 2186
2236 2187
2237 2188
2238 2189
2239 2190
2240 2191
2241 2192
2242 2193
2243 2194
2244 2195
2245 2196
2246 3686
2247 2197
2248 2198
2249 2199
2250 2200
2251 2201
2252 2202
2253 2203
2254 2204
2255 2205
2256 2206
2257 2207
2258 2208
2259 2209
2260 2210
2261 2211
2262 2212
2263 2213
2264 2214
2265 2215
2266 2216
2267 2217
2268 2218
2269 2219
2270 2220
2271 2221
2272 2222
2273 2223
2274 2224
2275 2225
2276 2226
2277 2227
2278 2228
2279 1271
2280 2229
2281 2230
2282 2231
2283 3686
2284 2232
2285 2233
2286 2234
2287 2235
2288 2236
2289 2237
2290 2238
2291 2239
2292 2240
2293 2241
2294 2242
2295 2243
2296 2244
2297 2245
2298 2246
2299 2247
2300 2248
2301 2249
2302 2250
2303 2251
2304 2252
2305 2253
2306 2254
2307 2255
2308 2256
2309 2257
2310 2258
2311 2259
2312 2260
2313 3686
2314 2261
2315 2262
2316 2263
2317 2264
2318 2265
2319 2266
2320 2267
2321 2268
2322 2269
2323 2270
2324 2271
2325 2272
2326 2273
2327 2274
2328 2275
2329 2276
2330 2277
2331 2278
2332 2279
2333 2280
2334 2281
2335 2282
2336 2283
2337 2284
2338 2285
2339 2286
2340 2287
2341 2288
2342 2289
2343 2290
2344 2291
2345 2292
2346 2293
2347 2294
2348 2295
2349 2296
2350 2297
2351 2298
2352 2299
2353 2300
2354 2301
2355 2302
2356 2303
2357 2304
2358 2305
2359 2306
2360 2307
2361 2308
2362 2309
2363 2310
2364 2311
2365 2312
2366 2313
2367 2314
2368 2315
2369 2316
2370 2317
2371 2318
2372 2319
2373 2320
2374 2321
2375 2322
2376 2323
2377 2324
2378 2325
2379 2326
2380 2327
2381 2328
2382 2329
2383 2330
2384 2331
2385 2332
2386 2333
2387 2334
2388 2335
2389 2336
2390 2337
2391 2338
2392 2339
2393 2340
2394 883
2395 2341
2396 2342
2397 2343
2398 2344
2399 2345
2400 2346
2401 2347
2402 2348
2403 2349
2404 2350
2405 2351
2406 2352
2407 2353
2408 2354
2409 2355
2410 2356
2411 2357
2412 2358
2413 2359
2414 2360
2415 2361
2416 2362
2417 2363
2418 2364
2419 2365
2420 2366
2421 2367
2422 2368
2423 2369
2424 2370
2425 2371
2426 2372
2427 2373
2428 2374
2429 2375
2430 2376
2431 2377
2432 2378
2433 2379
2434 2380
2435 2381
2436 2382
2437 2383
2438 2384
2439 2385
2440 2386
2441 2387
2442 2388
2443 2389
2444 2390
2445 2391
2446 2392
2447 2393
2448 2394
2449 2395
2450 2396
2451 2397
2452 2398
2453 2399
2454 2400
2455 2401
2456 2402
2457 2403
2458 2404
2459 2405
2460 2406
2461 2407
2462 2408
2463 2409
2464 2410
2465 2411
2466 2412
2467 2413
2468 2414
2469 2415
2470 2416
2471 2417
2472 2418
2473 2419
2474 2420
2475 2421
2476 2422
2477 2423
2478 2424
2479 2425
2480 2426
2481 2427
2482 2428
2483 3686
2484 2429
2485 2430
2486 2431
2487 2432
2488 2433
2489 2434
2490 2435
2491 2436
2492 2437
2493 2438
2494 2439
2495 2440
2496 2441
2497 2442
2498 2443
2499 2444
2500 2445
2501 2446
2502 2447
2503 3686
2504 2448
2505 2449
2506 2450
2507 2451
2508 2452
2509 2453
2510 2454
2511 2455
2512 2456
2513 2457
2514 2458
2515 2459
2516 2460
2517 2461
2518 2462
2519 2463
2520 2464
2521 2465
2522 2466
2523 2467
2524 2468
2525 2469
2526 2470
2527 2471
2528 2472
2529 2473
2530 2474
2531 2475
2532 2476
2533 2477
2534 2478
2535 2479
2536 2480
2537 2481
2538 2482
2539 2483
2540 2484
2541 2485
2542 2486
2543 2487
2544 2488
2545 2489
2546 2490
2547 2491
2548 2492
2549 2493
2550 2494
2551 2495
2552 2496
2553 2497
2554 2498
2555 2499
2556 2500
2557 2501
2558 2502
2559 2503
2560 2504
2561 2505
2562 2506
2563 2507
2564 2508
2565 2509
2566 2510
2567 2511
2568 2512
2569 2513
2570 2514
2571 2515
2572 2516
2573 2517
2574 2518
2575 2519
2576 2520
2577 2521
2578 2522
2579 2523
2580 3686
2581 2524
2582 2525
2583 2526
2584 2527
2585 2528
2586 2529
2587 2530
2588 2531
2589 2532
2590 2533
2591 2534
2592 2535
2593 2536
2594 2537
2595 2538
2596 2539
2597 2540
2598 2541
2599 2542
2600 2543
2601 2544
2602 2545
2603 2546
2604 2547
2605 2548
2606 2549
2607 2550
2608 2551
2609 2552
2610 2553
2611 2554
2612 2555
2613 2556
2614 2557
2615 2558
2616 2559
2617 2560
2618 2561
2619 2562
2620 2563
2621 2564
2622 2565
2623 2566
2624 2567
2625 2568
2626 2569
2627 2570
2628 2571
2629 2572
2630 2573
2631 2574
2632 2575
2633 3686
2634 2576
2635 2577
2636 2578
2637 2579
2638 2580
2639 2581
2640 2582
2641 2583
2642 2584
2643 2585
2644 2586
2645 2587
2646 2588
2647 2589
2648 2590
2649 2591
2650 2592
2651 2593
2652 2594
2653 2595
2654 2596
2655 2597
2656 2598
2657 2599
2658 2600
2659 2601
2660 2602
2661 2603
2662 2604
2663 2605
2664 2606
2665 2607
2666 2608
2667 3686
2668 2609
2669 2610
2670 2611
2671 2612
2672 2613
2673 2614
2674 2615
2675 2616
2676 2617
2677 2618
2678 2619
2679 2620
2680 2621
2681 2622
2682 2623
2683 2624
2684 2625
2685 2626
2686 2627
2687 2628
2688 2629
2689 2630
2690 2631
2691 2632
2692 2633
2693 2634
2694 3686
2695 2635
2696 2636
2697 2637
2698 2638
2699 2639
2700 2640
2701 2641
2702 2642
2703 2643
2704 2644
2705 2645
2706 2646
2707 2647
2708 2648
2709 2649
2710 2650
2711 2651
2712 2652
2713 2653
2714 2654
2715 2655
2716 2656
2717 2657
2718 2658
2719 2659
2720 2660
2721 2661
2722 2662
2723 2663
2724 2664
2725 3686
2726 2665
2727 2666
2728 2667
2729 2668
2730 2669
2731 2670
2732 3686
2733 2671
2734 2672
2735 2673
2736 2674
2737 2675
2738 2676
2739 2677
2740 2678
2741 2679
2742 2680
2743 2681
2744 2682
2745 2683
2746 2684
2747 2685
2748 2686
2749 3686
2750 2687
2751 2688
2752 2689
2753 2690
2754 2691
2755 2692
2756 2693
2757 2694
2758 2695
2759 2696
2760 2697
2761 2698
2762 2699
2763 2700
2764 2701
2765 2702
2766 2703
2767 2704
2768 2705
2769 2706
2770 2707
2771 2708
2772 3686
2773 2709
2774 2710
2775 2711
2776 2712
2777 2713
2778 2714
2779 2715
2780 2716
2781 2717
2782 2718
2783 2719
2784 2720
2785 2721
2786 2722
2787 2723
2788 2724
2789 2725
2790 2726
2791 2727
2792 2728
2793 2729
2794 2730
2795 2731
2796 2732
2797 2733
2798 2734
2799 2735
2800 2736
2801 2737
2802 2738
2803 2739
2804 2740
2805 2741
2806 3686
2807 2742
2808 2743
2809 2744
2810 2745
2811 2746
2812 2747
2813 2748
2814 2749
2815 2750
2816 2751
2817 2752
2818 2753
2819 2754
2820 2755
2821 2756
2822 2757
2823 2758
2824 2759
2825 2760
2826 2761
2827 2762
2828 2763
2829 2764
2830 2765
2831 2766
2832 2767
2833 2768
2834 2769
2835 2770
2836 2771
2837 2772
2838 2773
2839 2774
2840 2775
2841 2776
2842 2777
2843 2778
2844 2779
2845 2780
2846 2781
2847 2782
2848 2783
2849 2784
2850 2785
2851 2786
2852 2787
2853 2788
2854 2789
2855 2790
2856 2791
2857 2792
2858 2793
2859 2794
2860 2795
2861 2796
2862 2797
2863 2798
2864 2799
2865 2800
2866 2801
2867 3775
2868 2802
2869 2803
2870 2804
2871 2805
2872 2806
2873 2807
2874 2808
2875 2809
2876 2810
2877 2811
2878 2812
2879 1271
2880 2813
2881 2814
2882 2815
2883 2816
2884 2817
2885 2818
2886 2819
2887 2820
2888 2821
2889 2822
2890 2823
2891 2824
2892 2825
2893 2826
2894 2827
2895 2828
2896 2829
2897 2830
2898 2831
2899 2832
2900 2833
2901 2834
2902 2835
2903 2836
2904 421
2905 2837
2906 2838
2907 2839
2908 2840
2909 2841
2910 2842
2911 2843
2912 2844
2913 2845
2914 2846
2915 2847
2916 2848
2917 2849
2918 2850
2919 2851
2920 2852
2921 2853
2922 2854
2923 2855
2924 2856
2925 2857
2926 2858
2927 2859
2928 2860
2929 2861
2930 2862
2931 2863
2932 2864
2933 2865
2934 2866
2935 2867
2936 2868
2937 2869
2938 2870
2939 2871
2940 2872
2941 2873
2942 2874
2943 2875
2944 2876
2945 2877
2946 2878
2947 2879
2948 2880
2949 2881
2950 2882
2951 2883
2952 2884
2953 2885
2954 2886
2955 2887
2956 2888
2957 2889
2958 2890
2959 2891
2960 2892
2961 2893
2962 2894
2963 2895
2964 2896
2965 2897
2966 2898
2967 2899
2968 2900
2969 2901
2970 2902
2971 2903
2972 2904
2973 2905
2974 2906
2975 2907
2976 2908
2977 2909
2978 2910
2979 2911
2980 2912
2981 2913
2982 2914
2983 2915
2984 2916
2985 2917
2986 2918
2987 2919
2988 2920
2989 2921
2990 2922
2991 2923
2992 2924
2993 2925
2994 2926
2995 2927
2996 2928
2997 2929
2998 2930
2999 2931
3000 2932
3001 2933
3002 2934
3003 2935
3004 2936
3005 2937
3006 2938
3007 2939
3008 2940
3009 2941
3010 2942
3011 2943
3012 2944
3013 2945
3014 2946
3015 2947
3016 2948
3017 2949
3018 2950
3019 2951
3020 2952
3021 2953
3022 2954
3023 2955
3024 2956
3025 2957
3026 2958
3027 2959
3028 2960
3029 2961
3030 2962
3031 2963
3032 2964
3033 2965
3034 2966
3035 2967
3036 2968
3037 2969
3038 2970
3039 2971
3040 2972
3041 2973
3042 2974
3043 2975
3044 2976
3045 2977
3046 2978
3047 3686
3048 2979
3049 2980
3050 2981
3051 2982
3052 2983
3053 2984
3054 2985
3055 2986
3056 2987
3057 2988
3058 2989
3059 2990
3060 2991
3061 2992
3062 2993
3063 2994
3064 2995
3065 2996
3066 2997
3067 2998
3068 2999
3069 3000
3070 3001
3071 3002
3072 3003
3073 3004
3074 3005
3075 3006
3076 3007
3077 3008
3078 3009
3079 3010
3080 3011
3081 3686
3082 3012
3083 3013
3084 3014
3085 3015
3086 3016
3087 3017
3088 3018
3089 3019
3090 3020
3091 3021
3092 3022
3093 3023
3094 3024
3095 3686
3096 3025
3097 3026
3098 3027
3099 3028
3100 3029
3101 3030
3102 3031
3103 3032
3104 3033
3105 3034
3106 3035
3107 3036
3108 3037
3109 3038
3110 3039
3111 3040
3112 3041
3113 3042
3114 3043
3115 3044
3116 3045
3117 3046
3118 3047
3119 3048
3120 3049
3121 3050
3122 3051
3123 3052
3124 3053
3125 3054
3126 3055
3127 3056
3128 3057
3129 3058
3130 3059
3131 3060
3132 3061
3133 3062
3134 3063
3135 3064
3136 3065
3137 3066
3138 3067
3139 3068
3140 3069
3141 3070
3142 3071
3143 3072
3144 3073
3145 3074
3146 3075
3147 3076
3148 3077
3149 3078
3150 3079
3151 3080
3152 3081
3153 3082
3154 3083
3155 3084
3156 3686
3157 3085
3158 3086
3159 3087
3160 3088
3161 3089
3162 3090
3163 3091
3164 3092
3165 3093
3166 3094
3167 3095
3168 3096
3169 3097
3170 3098
3171 3099
3172 3100
3173 3101
3174 3102
3175 3103
3176 3104
3177 3105
3178 3106
3179 3107
3180 3108
3181 3109
3182 3110
3183 3111
3184 3112
3185 3113
3186 3114
3187 3115
3188 3116
3189 3117
3190 3118
3191 3119
3192 3120
3193 3121
3194 3122
3195 3123
3196 3124
3197 3125
3198 3126
3199 3127
3200 3686
3201 3128
3202 3129
3203 3130
3204 3131
3205 3132
3206 3133
3207 3134
3208 3135
3209 3136
3210 3137
3211 3138
3212 3139
3213 3140
3214 3141
3215 3142
3216 3143
3217 3144
3218 3145
3219 3146
3220 3147
3221 3148
3222 3149
3223 3150
3224 3151
3225 3152
3226 3153
3227 3154
3228 3155
3229 3156
3230 3157
3231 3158
3232 3159
3233 3160
3234 3161
3235 3162
3236 3163
3237 3164
3238 3165
3239 3166
3240 3167
3241 3168
3242 3169
3243 3170
3244 3171
3245 3172
3246 3173
3247 3174
3248 3175
3249 3176
3250 3177
3251 3178
3252 3179
3253 3180
3254 3181
3255 3182
3256 3183
3257 3184
3258 3185
3259 3186
3260 3187
3261 3188
3262 3189
3263 3190
3264 3191
3265 3192
3266 3193
3267 3194
3268 3195
3269 3196
3270 3197
3271 3198
3272 3199
3273 3200
3274 3201
3275 3202
3276 3203
3277 3204
3278 3205
3279 3206
3280 3207
3281 3208
3282 3209
3283 3210
3284 3211
3285 3212
3286 3213
3287 3214
3288 3215
3289 3216
3290 3217
3291 3218
3292 3219
3293 3220
3294 3221
3295 3222
3296 3223
3297 3224
3298 3225
3299 3226
3300 3227
3301 3228
3302 3229
3303 3230
3304 3231
3305 3232
3306 3233
3307 3234
3308 3686
3309 3235
3310 3236
3311 3237
3312 3238
3313 3239
3314 3240
3315 3241
3316 3242
3317 3243
3318 3244
3319 3245
3320 3246
3321 3247
3322 3248
3323 3249
3324 3250
3325 3251
3326 3252
3327 3253
3328 3254
3329 3255
3330 3256
3331 3257
3332 3258
3333 3259
3334 3260
3335 3261
3336 3262
3337 3263
3338 3264
3339 3265
3340 3266
3341 3267
3342 3268
3343 3269
3344 3270
3345 3271
3346 3272
3347 3273
3348 3274
3349 3275
3350 3276
3351 3277
3352 3278
3353 3279
3354 3280
3355 3281
3356 3282
3357 3283
3358 3686
3359 3284
3360 3285
3361 3286
3362 3287
3363 3288
3364 3289
3365 3290
3366 3291
3367 3292
3368 3293
3369 3294
3370 3295
3371 3296
3372 3297
3373 3298
3374 3299
3375 3300
3376 3301
3377 3302
3378 3303
3379 3304
3380 3305
3381 3306
3382 3307
3383 3308
3384 3309
3385 3310
3386 3311
3387 3312
3388 3313
3389 3314
3390 3315
3391 3316
3392 3317
3393 3318
3394 3319
3395 3320
3396 3321
3397 3322
3398 3323
3399 3324
3400 3325
3401 3326
3402 3327
3403 3328
3404 3329
3405 3330
3406 3331
3407 3332
3408 3333
3409 3686
3410 3334
3411 3335
3412 3336
3413 3337
3414 3338
3415 3339
3416 3340
3417 3341
3418 3342
3419 3343
3420 3344
3421 3345
3422 3686
3423 3346
3424 3347
3425 3348
3426 3349
3427 3350
3428 3351
3429 3352
3430 3353
3431 3354
3432 3355
3433 3686
3434 3356
3435 3357
3436 3358
3437 3359
3438 3360
3439 3361
3440 3362
3441 3363
3442 3364
3443 3365
3444 3366
3445 3367
3446 3368
3447 3369
3448 3370
3449 3371
3450 3372
3451 3373
3452 3374
3453 3375
3454 3376
3455 3377
3456 3378
3457 3379
3458 3380
3459 3381
3460 3382
3461 3383
3462 3384
3463 3385
3464 3386
3465 3387
3466 3388
3467 3389
3468 3390
3469 3391
3470 3392
3471 3393
3472 3394
3473 3395
3474 3396
3475 3397
3476 3398
3477 3399
3478 3400
3479 3401
3480 3402
3481 3403
3482 3404
3483 3405
3484 3406
3485 3407
3486 3408
3487 3409
3488 3410
3489 3411
3490 3412
3491 3413
3492 3414
3493 3415
3494 3416
3495 3417
3496 3418
3497 3419
3498 3420
3499 3421
3500 883
3501 3422
3502 3686
3503 3423
3504 3424
3505 3425
3506 3426
3507 3427
3508 3428
3509 3429
3510 3430
3511 3431
3512 3432
3513 3433
3514 3434
3515 3435
3516 3436
3517 3437
3518 3438
3519 3439
3520 3440
3521 3441
3522 3442
3523 3443
3524 3444
3525 3445
3526 3446
3527 3447
3528 3448
3529 3449
3530 3450
3531 3451
3532 3452
3533 3453
3534 3454
3535 3455
3536 3456
3537 3457
3538 3458
3539 3459
3540 3460
3541 3461
3542 3462
3543 3463
3544 3464
3545 3465
3546 3466
3547 3467
3548 3468
3549 3469
3550 3470
3551 3471
3552 3472
3553 3473
3554 3474
3555 3475
3556 3476
3557 3477
3558 3478
3559 3479
3560 3480
3561 3481
3562 3482
3563 3483
3564 3484
3565 3485
3566 3486
3567 3487
3568 3488
3569 3489
3570 3490
3571 3491
3572 3492
3573 3493
3574 3494
3575 3495
3576 3496
3577 3497
3578 3498
3579 3499
3580 3500
3581 3501
3582 3502
3583 3503
3584 3504
3585 3505
3586 3506
3587 3507
3588 3508
3589 3509
3590 3510
3591 3511
3592 3512
3593 3513
3594 3514
3595 3515
3596 3516
3597 3517
3598 3518
3599 3519
3600 3520
3601 3521
3602 3522
3603 3523
3604 3524
3605 3525
3606 3526
3607 3527
3608 3528
3609 3529
3610 3530
3611 3531
3612 3532
3613 3533
3614 3534
3615 3535
3616 3536
3617 3537
3618 3538
3619 3539
3620 3540
3621 3541
3622 3542
3623 3543
3624 3544
3625 3545
3626 3546
3627 3547
3628 3548
3629 3686
3630 3549
3631 3550
3632 3551
3633 3552
3634 3553
3635 3554
3636 3555
3637 3556
3638 3557
3639 3558
3640 3559
3641 3560
3642 3561
3643 3562
3644 3563
3645 3564
3646 3565
3647 3566
3648 3567
3649 3568
3650 3569
3651 3570
3652 3571
3653 3572
3654 3573
3655 3574
3656 3575
3657 3576
3658 3577
3659 3578
3660 3686
3661 3579
3662 3580
3663 3581
3664 3582
3665 3583
3666 3584
3667 3585
3668 3586
3669 3587
3670 3588
3671 3589
3672 3590
3673 3591
3674 3592
3675 3593
3676 3594
3677 3595
3678 3596
3679 3597
3680 3598
3681 3599
3682 3600
3683 3601
3684 3602
3685 3603
3686 3604
3687 3605
3688 3606
3689 3607
3690 3608
3691 3609
3692 3610
3693 3611
3694 3612
3695 3613
3696 3614
3697 3615
3698 3616
3699 3617
3700 3618
3701 3619
3702 3620
3703 3621
3704 3622
3705 3623
3706 3624
3707 3625
3708 3626
3709 3627
3710 3628
3711 3629
3712 3630
3713 3631
3714 3632
3715 3633
3716 3634
3717 3635
3718 3636
3719 3637
3720 3638
3721 3639
3722 3640
3723 3641
3724 3642
3725 3643
3726 3644
3727 3645
3728 3646
3729 3647
3730 3648
3731 3649
3732 3650
3733 3651
3734 3652
3735 3653
3736 3654
3737 3655
3738 3656
3739 3657
3740 3658
3741 3659
3742 3660
3743 3661
3744 3662
3745 3663
3746 3664
3747 89
3748 3665
3749 3666
3750 3667
3751 3668
3752 3669
3753 3670
3754 3671
3755 3672
3756 3673
3757 3674
3758 3675
3759 3676
3760 3677
3761 3678
3762 3679
3763 3680
3764 3681
3765 3682
3766 3683
3767 3684
3768 3685
3769 3686
3770 3687
3771 3688
3772 3689
3773 3690
3774 3691
3775 3692
3776 3693
3777 3694
3778 3695
3779 3696
3780 3697
3781 3698
3782 3699
3783 3700
3784 3701
3785 3702
3786 3686
3787 3703
3788 3704
3789 3705
3790 3706
3791 3707
3792 3686
3793 3708
3794 3709
3795 3710
3796 3711
3797 3712
3798 3713
3799 3714
3800 3715
3801 3716
3802 3717
3803 3718
3804 3719
3805 3720
3806 3721
3807 3722
3808 3723
3809 3724
3810 3725
3811 3726
3812 3727
3813 3728
3814 3729
3815 3730
3816 3731
3817 3686
3818 3732
3819 3733
3820 3734
3821 3735
3822 3736
3823 3737
3824 3738
3825 3739
3826 3686
3827 3740
3828 3741
3829 3742
3830 3743
3831 3744
3832 3745
3833 3746
3834 3747
3835 3748
3836 3749
3837 3750
3838 3751
3839 3752
3840 3753
3841 3754
3842 3755
3843 1271
3844 3756
3845 3757
3846 3758
3847 3759
3848 3760
3849 3761
3850 3762
3851 3763
3852 3764
3853 3765
3854 3766
3855 3767
3856 3768
3857 3769
3858 3770
3859 3771
3860 3772
3861 3773
3862 3774
3863 3775
3864 3776
3865 3777
3866 3778
3867 3779
3868 3780
3869 3781
3870 3782
3871 3783
3872 3784
3873 3785
3874 3786
3875 3787
3876 3788
3877 3789
3878 3790
3879 3791
3880 3792
3881 3793
3882 3794
3883 3795
3884 3796
3885 3797
3886 3798
3887 3799
3888 3800
3889 3801
3890 3802
3891 3803
3892 3804
3893 3805
3894 3806
3895 3807
3896 3808
3897 3809
3898 3810
3899 3811
3900 3812
3901 3813
3902 3814
3903 3815
3904 3816
3905 3817
3906 3818
3907 3819
3908 3820
3909 3821
3910 3822
3911 3823
3912 3824
3913 3825
3914 3826
3915 3827
3916 3828
3917 3829
3918 3830
3919 3831
3920 3686
3921 3832
3922 3833
3923 3834
3924 3835
3925 3836
3926 3837
3927 3838
3928 3839
3929 3840
3930 3841
3931 3842
3932 3843
3933 3844
3934 3845
3935 3846
3936 3847
3937 3848
3938 3849
3939 3850
3940 3851
3941 3852
3942 3853
3943 3854
3944 3855
3945 3856
3946 3857
3947 3858
3948 3859
3949 3860
3950 3861
3951 3686
3952 3862
3953 3863
3954 3864
3955 3865
3956 3866
3957 3867
3958 3868
3959 3869
3960 3870
3961 3871
3962 3872
3963 89
3964 3873
3965 3874
3966 3875
3967 3876
3968 3877
3969 3878
3970 3879
3971 3880
3972 3881
3973 3882
3974 3883
3975 3884
3976 3885
3977 3886
3978 3887
3979 3888
3980 3889
3981 3890
3982 3891
3983 3892
3984 3893
3985 3894
3986 3895
3987 3896
3988 3897
3989 3898
3990 3899
3991 3900
3992 3901
3993 3902
3994 3903
3995 3904
3996 3905
3997 3906
3998 3907
3999 3908
4000 3909
4001 3910
4002 3911
4003 3912
4004 3913
4005 3914
4006 3915
4007 3916
4008 3917
4009 3918
4010 3919
4011 3920
4012 3921
4013 3922
4014 3923
4015 3924
4016 3925
4017 3926
4018 3927
4019 3928
4020 3686
4021 3929
4022 3930
4023 3931
4024 3932
4025 3933
4026 3934
4027 3935
4028 3936
4029 3937
4030 3938
4031 3939
4032 3940
4033 3941
4034 3942
4035 3943
4036 3944
4037 3945
4038 3946
4039 3947
4040 3948
4041 3949
4042 3950
4043 3951
4044 3952
4045 3953
4046 3954
4047 3955
4048 3956
4049 3957
4050 3958
4051 3959
4052 3960
4053 3961
4054 3962
4055 3963
4056 3964
4057 3965
4058 3686
4059 3966
4060 3967
4061 3968
4062 3969
4063 3970
4064 3971
4065 3972
4066 3973
4067 3974
4068 3975
4069 3976
4070 3977
4071 3978
4072 3979
4073 3980
4074 3981
4075 3982
4076 3983
4077 3984
4078 3985
4079 3986
4080 3987
4081 3988
4082 3989
4083 3990
4084 3991
4085 3992
4086 3993
4087 3994
4088 3995
4089 3996
4090 3997
4091 3998
4092 3999
4093 4000
4094 4001
4095 4002
4096 4003
4097 4004
4098 4005
4099 4006
4100 4007
4101 4008
4102 4009
4103 4010
4104 4011
4105 4012
4106 4013
4107 4014
4108 4015
4109 4016
4110 4017
4111 4018
4112 4019
4113 4020
4114 4021
4115 4022
4116 4023
4117 4024
4118 4025
4119 4026
4120 4027
4121 4028
4122 4029
4123 4030
4124 4031
4125 4032
4126 4033
4127 4034
4128 4035
4129 4036
4130 4037
4131 3686
4132 4038
4133 4039
4134 4040
4135 4041
4136 4042
4137 4043
4138 4044
4139 4045
4140 3686
4141 4046
4142 4047
4143 4048
4144 4049
4145 4050
4146 4051
4147 4052
4148 4053
4149 4054
4150 4055
4151 4056
4152 4057
4153 4058
4154 4059
4155 4060
4156 4061
4157 4062
4158 4063
4159 4064
4160 4065
4161 4066
4162 4067
4163 4068
4164 4069
4165 4070
4166 4071
4167 4072
4168 4073
4169 4074
4170 4075
4171 4076
4172 4077
4173 4078
4174 4079
4175 4080
4176 4081
4177 4082
4178 4083
4179 4084
4180 4085
4181 4086
4182 4087
4183 4088
4184 4089
4185 4090
4186 3686
4187 4091
4188 4092
4189 4093
4190 4094
4191 4095
4192 4096
4193 4097
4194 4098
4195 4099
4196 4100
4197 2991
4198 4101
4199 4102
4200 4103
4201 4104
4202 4105
4203 4106
4204 4107
4205 4108
4206 4109
4207 4110
4208 4111
4209 4112
4210 4113
4211 4114
4212 4115
4213 4116
4214 4117
4215 4118
4216 4119
4217 4120
4218 4121
4219 4122
4220 4123
4221 4124
4222 4125
4223 4126
4224 4127
4225 4128
4226 4129
4227 4130
4228 4131
4229 4132
4230 4133
4231 4134
4232 4135
4233 4136
4234 4137
4235 4138
4236 4139
4237 4140
4238 4141
4239 4142
4240 4143
4241 4144
4242 4145
4243 4146
4244 4147
4245 4148
4246 4149
4247 4150
4248 4151
4249 4152
4250 4153
4251 4154
4252 4155
4253 4156
4254 4157
4255 4158
4256 4159
4257 4160
4258 4161
4259 4162
4260 4163
4261 4164
4262 4165
4263 4166
4264 4167
4265 4168
4266 4169
4267 4170
4268 4171
4269 4172
4270 4173
4271 4174
4272 4175
4273 4176
4274 4177
4275 4178
4276 4179
4277 4180
4278 4181
4279 4182
4280 4183
4281 4184
4282 4185
4283 4186
4284 4187
4285 4188
4286 4189
4287 4190
4288 4191
4289 4192
4290 4193
4291 4194
4292 4195
4293 4196
4294 4197
4295 4198
4296 4199
4297 4200
4298 4201
4299 4202
4300 4203
4301 4204
4302 4205
4303 4206
4304 4207
4305 4208
4306 4209
4307 4210
4308 4211
4309 4212
4310 4213
4311 4214
4312 4215
4313 4216
4314 4217
4315 4218
4316 4219
4317 4220
4318 4221
4319 4222
4320 4223
4321 4224
4322 4225
4323 4226
4324 4227
4325 4228
4326 4229
4327 4230
4328 4231
4329 4232
4330 4233
4331 4234
4332 4235
4333 4236
4334 89
4335 4237
4336 4238
4337 4239
4338 4240
4339 4241
4340 4242
4341 4243
4342 4244
4343 4245
4344 4246
4345 4247
4346 432
4347 4248
4348 4249
4349 4250
4350 4251
4351 4252
4352 4253
4353 4254
4354 4255
4355 4256
4356 4257
4357 4258
4358 4259
4359 4260
4360 4261
4361 4262
4362 4263
4363 4264
4364 4265
4365 4266
4366 4267
4367 4268
4368 4269
4369 4270
4370 4271
4371 4272
4372 4273
4373 4274
4374 4275
4375 4276
4376 4277
4377 4278
4378 4279
4379 4280
4380 4281
4381 4282
4382 4283
4383 4284
4384 4285
4385 4286
4386 4287
4387 4288
4388 4289
4389 4290
4390 4291
4391 4292
4392 4293
4393 4294
4394 4295
4395 4296
4396 4297
4397 4298
4398 4299
4399 4300
4400 4301
4401 4302
4402 4303
4403 4304
4404 4305
4405 4306
4406 4307
4407 4308
4408 4309
4409 4310
4410 4311
4411 4312
4412 4313
4413 4314
4414 4315
4415 4316
4416 4317
4417 4318
4418 4319
4419 4320
4420 4321
4421 4322
4422 4323
4423 4324
4424 4325
4425 4326
4426 4327
4427 4328
4428 4329
4429 3686
4430 4330
4431 4331
4432 4332
4433 4333
4434 4334
4435 4335
4436 4336
4437 4337
4438 4338
4439 1271
4440 4339
4441 4340
4442 4341
4443 4342
4444 4343
4445 4344
4446 4345
4447 4346
4448 4347
4449 4348
4450 4349
4451 4350
4452 4351
4453 4352
4454 4353
4455 4354
4456 4355
4457 4356
4458 4357
4459 4358
4460 4359
4461 4360
4462 4361
4463 4362
4464 4363
4465 4364
4466 4365
4467 4366
4468 4367
4469 4368
4470 3686
4471 4369
4472 4370
4473 4371
4474 4372
4475 4373
4476 4374
4477 4375
4478 4376
4479 4377
4480 4378
4481 4379
4482 4380
4483 4381
4484 4382
4485 4383
4486 4384
4487 4385
4488 4386
4489 4387
4490 4388
4491 4389
4492 4390
4493 4391
4494 4392
4495 4393
4496 4394
4497 4395
4498 4396
4499 4397
4500 4398
4501 4399
4502 4400
4503 4401
4504 4402
4505 4403
4506 4404
4507 4405
4508 4406
4509 4407
4510 4408
4511 4409
4512 4410
4513 4411
4514 3686
4515 4412
4516 4413
4517 4414
4518 4415
4519 4416
4520 4417
4521 4418
4522 4419
4523 4420
4524 4421
4525 89
4526 4422
4527 4423
4528 4424
4529 4425
4530 4426
4531 4427
4532 4428
4533 4429
4534 4430
4535 4431
4536 4432
4537 4433
4538 4434
4539 4435
4540 4436
4541 4437
4542 4438
4543 4439
4544 4440
4545 4441
4546 4442
4547 4443
4548 4444
4549 4445
4550 4446
4551 4447
4552 4448
4553 4449
4554 4450
4555 4451
4556 4452
4557 4453
4558 4454
4559 4455
4560 4456
4561 4457
4562 4458
4563 4459
4564 4460
4565 4461
4566 4462
4567 4463
4568 4464
4569 4465
4570 4466
4571 4467
4572 4468
4573 4469
4574 4470
4575 4471
4576 4472
4577 4473
4578 4474
4579 4475
4580 4476
4581 4477
4582 4478
4583 4479
4584 4480
4585 4481
4586 4482
4587 4483
4588 4484
4589 4485
4590 4486
4591 4487
4592 4488
4593 4489
4594 4490
4595 4491
4596 4492
4597 4493
4598 4494
4599 4495
4600 4496
4601 4497
4602 4498
4603 4499
4604 4500
4605 4501
4606 4502
4607 4503
4608 4504
4609 4505
4610 4506
4611 4507
4612 4508
4613 4509
4614 4510
4615 4511
4616 4512
4617 4513
4618 4514
4619 4515
4620 4516
4621 4517
4622 4518
4623 4519
4624 4520
4625 4521
4626 4522
4627 4523
4628 4524
4629 4525
4630 4526
4631 4527
4632 4528
4633 4529
4634 4530
4635 4531
4636 4532
4637 4533
4638 4534
4639 4535
4640 4536
4641 4537
4642 4538
4643 4539
4644 4540
4645 4541
4646 4542
4647 4543
4648 4544
4649 4545
4650 4546
4651 4547
4652 4548
4653 4549
4654 4550
4655 4551
4656 4552
4657 4553
4658 4554
4659 4555
4660 4556
4661 4557
4662 4558
4663 4559
4664 4560
4665 4561
4666 4562
4667 4563
4668 4564
4669 4565
4670 89
4671 4566
4672 4567
4673 4568
4674 4569
4675 4570
4676 4571
4677 4572
4678 4573
4679 4574
4680 4575
4681 4576
4682 4577
4683 4578
4684 4579
4685 4580
4686 4581
4687 4582
4688 3686
4689 4583
4690 4584
4691 3686
4692 4585
4693 4586
4694 4587
4695 4588
4696 4589
4697 4590
4698 4591
4699 4592
4700 4593
4701 4594
4702 4595
4703 4596
4704 4597
4705 4598
4706 4599
4707 4600
4708 4601
4709 4602
4710 4603
4711 4604
4712 4605
4713 4606
4714 4607
4715 4608
4716 4609
4717 4610
4718 4611
4719 4612
4720 4613
4721 4614
4722 4615
4723 4616
4724 4617
4725 4618
4726 4619
4727 4620
4728 4621
4729 4622
4730 4623
4731 4624
4732 4625
4733 4626
4734 4627
4735 430
4736 4628
4737 4629
4738 4630
4739 4631
4740 4632
4741 4633
4742 4634
4743 4635
4744 4636
4745 4637
4746 4638
4747 4639
4748 4640
4749 4641
4750 4642
4751 4643
4752 4644
4753 4645
4754 4646
4755 4647
4756 4648
4757 4649
4758 4650
4759 4651
4760 4652
4761 4653
4762 4654
4763 4655
4764 4656
4765 4657
4766 4658
4767 4659
4768 4660
4769 4661
4770 4662
4771 4663
4772 4664
4773 4665
4774 4666
4775 4667
4776 4668
4777 4669
4778 4670
4779 4671
4780 4672
4781 4673
4782 4674
4783 4675
4784 4676
4785 4677
4786 4678
4787 4679
4788 4680
4789 4681
4790 4682
4791 4683
4792 4684
4793 4685
4794 4686
4795 4687
4796 4688
4797 4689
4798 4690
4799 4691
4800 4692
4801 4693
4802 4694
4803 4695
4804 4696
4805 4697
4806 4698
4807 4699
4808 4700
4809 4701
4810 4702
4811 4703
4812 4704
4813 4705
4814 4706
4815 4707
4816 4708
4817 4709
4818 4710
4819 4711
4820 4712
4821 4713
4822 4714
4823 4715
4824 4716
4825 4717
4826 4718
4827 4719
4828 4720
4829 4721
4830 4722
4831 4723
4832 4724
4833 4725
4834 4726
4835 4727
4836 4728
4837 4729
4838 4730
4839 4731
4840 4732
4841 4733
4842 4734
4843 4735
4844 4736
4845 4737
4846 4738
4847 4739
4848 4740
4849 4741
4850 4742
4851 4743
4852 4744
4853 4745
4854 4746
4855 4747
4856 4748
4857 4749
4858 4750
4859 4751
4860 4752
4861 4753
4862 4754
4863 4755
4864 4756
4865 4757
4866 4758
4867 4759
4868 4760
4869 3686
4870 4761
4871 4762
4872 4763
4873 4764
4874 4765
4875 4766
4876 4767
4877 4768
4878 4769
4879 4770
4880 4771
4881 4772
4882 4773
4883 4774
4884 4775
4885 4776
4886 4777
4887 4778
4888 4779
4889 4780
4890 4781
4891 4782
4892 4783
4893 4784
4894 4785
4895 4786
4896 4787
4897 4788
4898 4789
4899 4790
4900 4791
4901 4792
4902 4793
4903 4794
4904 4795
4905 4796
4906 4797
4907 4798
4908 4799
4909 4800
4910 4801
4911 4802
4912 4803
4913 4804
4914 3686
4915 4805
4916 4806
4917 4807
4918 4808
4919 4809
4920 4810
4921 4811
4922 4812
4923 4813
4924 4814
4925 4815
4926 4816
4927 4817
4928 4818
4929 4819
4930 4820
4931 4821
4932 4822
4933 4823
4934 4824
4935 4825
4936 4826
4937 4827
4938 3686
4939 4828
4940 4829
4941 4830
4942 4831
4943 3686
4944 4832
4945 4833
4946 4834
4947 4835
4948 4836
4949 4837
4950 4838
4951 4839
4952 4840
4953 4841
4954 4842
4955 4843
4956 4844
4957 4845
4958 4846
4959 4847
4960 4848
4961 4849
4962 4850
4963 4851
4964 4852
4965 4853
4966 4854
4967 4855
4968 4856
4969 4857
4970 4858
4971 4859
4972 4860
4973 4861
4974 4862
4975 4863
4976 4864
4977 4865
4978 4866
4979 4867
4980 4868
4981 4869
4982 3686
4983 4870
4984 4871
4985 4872
4986 4873
4987 4874
4988 4875
4989 4876
4990 4877
4991 4878
4992 4879
4993 3686
4994 4880
4995 4881
4996 4882
4997 4883
4998 4884
4999 4885
5000 4886
5001 4887
5002 4888
5003 4889
5004 4890
5005 4891
5006 4892
5007 4893
5008 4894
5009 4895
5010 4896
5011 4897
5012 4898
5013 4899
5014 4900
5015 4901
5016 4902
5017 4903
5018 4904
5019 4905
5020 4906
5021 4907
5022 4908
5023 4909
5024 4910
5025 4911
5026 4912
5027 4913
5028 4914
5029 4915
5030 4916
5031 4917
5032 4918
5033 4919
5034 4920
5035 4921
5036 4922
5037 4923
5038 4924
5039 4925
5040 4926
5041 4927
5042 4928
5043 4929
5044 4930
5045 4931
5046 4932
5047 4933
5048 4934
5049 4935
5050 4936
5051 4937
5052 4938
5053 4939
5054 4940
5055 4941
5056 4942
5057 4943
5058 4944
5059 4945
5060 4946
5061 4947
5062 4948
5063 4949
5064 4950
5065 4951
5066 4952
5067 4953
5068 4954
5069 4955
5070 4956
5071 4957
5072 4958
5073 4959
5074 4960
5075 4961
5076 4962
5077 4963
5078 4964
5079 4965
5080 4966
5081 4967
5082 4968
5083 4969
5084 4970
5085 4971
5086 4972
5087 4973
5088 4974
5089 3686
5090 4975
5091 4976
5092 4977
5093 4978
5094 4979
5095 4980
5096 4981
5097 4982
5098 4983
5099 4984
5100 4985
5101 1271
5102 4986
5103 4987
5104 4988
5105 4989
5106 4990
5107 4991
5108 4992
5109 4993
5110 4994
5111 4995
5112 4996
5113 4997
5114 4998
5115 4999
5116 5000
5117 5001
5118 5002
5119 5003
5120 5004
5121 5005
5122 5006
5123 5007
5124 5008
5125 5009
5126 5010
5127 5011
5128 5012
5129 5013
5130 5014
5131 5015
5132 5016
5133 5017
5134 5018
5135 5019
5136 5020
5137 5021
5138 5022
5139 5023
5140 5024
5141 5025
5142 5026
5143 5027
5144 5028
5145 5029
5146 5030
5147 5031
5148 5032
5149 5033
5150 5034
5151 5035
5152 5036
5153 5037
5154 5038
5155 5039
5156 5040
5157 5041
5158 5042
5159 5043
5160 5044
5161 5045
5162 5046
5163 5047
5164 5048
5165 5049
5166 5050
5167 5051
5168 5052
5169 5053
5170 5054
5171 5055
5172 5056
5173 5057
5174 5058
5175 5059
5176 5060
5177 5061
5178 5062
5179 5063
5180 5064
5181 5065
5182 5066
5183 5067
5184 5068
5185 3686
5186 5069
5187 5070
5188 5071
5189 5072
5190 5073
5191 5074
5192 5075
5193 5076
5194 5077
5195 5078
5196 5079
5197 5080
5198 5081
5199 5082
5200 5083
5201 5084
5202 5085
5203 5086
5204 5087
5205 5088
5206 5089
5207 5090
5208 5091
5209 5092
5210 5093
5211 5094
5212 5095
5213 5096
5214 5097
5215 5098
5216 5099
5217 5100
5218 5101
5219 5102
5220 5103
5221 5104
5222 5105
5223 5106
5224 5107
5225 3686
