0 0
1 1
2 2
3 3
4 4
5 5
6 6
7 7
8 8
9 9
10 10
11 11
12 12
13 3492
14 13
15 4456
16 14
17 15
18 16
19 17
20 18
21 19
22 20
23 21
24 22
25 23
26 24
27 25
28 26
29 27
30 28
31 29
32 30
33 31
34 32
35 33
36 34
37 35
38 36
39 37
40 38
41 39
42 40
43 3525
44 41
45 42
46 43
47 44
48 45
49 46
50 47
51 48
52 942
53 49
54 50
55 51
56 52
57 53
58 54
59 515
60 55
61 56
62 57
63 58
64 59
65 60
66 61
67 62
68 63
69 64
70 3492
71 65
72 66
73 67
74 68
75 69
76 70
77 71
78 72
79 73
80 74
81 75
82 76
83 77
84 78
85 79
86 80
87 81
88 82
89 83
90 84
91 3492
92 86
93 87
94 4456
95 88
96 89
97 90
98 91
99 3492
100 92
101 93
102 94
103 95
104 96
105 4859
106 3492
107 97
108 98
109 4153
110 99
111 100
112 101
113 102
114 103
115 104
116 105
117 106
118 107
119 108
120 109
121 110
122 111
123 4153
124 112
125 113
126 114
127 115
128 116
129 117
130 118
131 119
132 120
133 121
134 122
135 123
136 124
137 125
138 126
139 127
140 128
141 129
142 130
143 131
144 132
145 133
146 134
147 135
148 136
149 137
150 138
151 139
152 140
153 141
154 142
155 143
156 144
157 145
158 146
159 147
160 148
161 149
162 150
163 151
164 152
165 153
166 154
167 155
168 156
169 157
170 158
171 159
172 160
173 161
174 162
175 163
176 164
177 165
178 166
179 167
180 3492
181 168
182 169
183 170
184 171
185 172
186 173
187 174
188 175
189 176
190 177
191 3492
192 178
193 179
194 180
195 181
196 182
197 183
198 184
199 185
200 186
201 187
202 188
203 189
204 190
205 191
206 192
207 193
208 194
209 195
210 196
211 197
212 198
213 199
214 200
215 201
216 202
217 3492
218 203
219 204
220 205
221 206
222 207
223 208
224 209
225 210
226 211
227 212
228 213
229 214
230 215
231 216
232 217
233 218
234 219
235 220
236 221
237 222
238 223
239 224
240 225
241 226
242 227
243 228
244 229
245 230
246 231
247 232
248 4153
249 233
250 234
251 235
252 236
253 237
254 238
255 239
256 4456
257 240
258 241
259 242
260 243
261 244
262 245
263 246
264 247
265 248
266 249
267 250
268 251
269 252
270 253
271 254
272 255
273 256
274 4393
275 257
276 258
277 259
278 260
279 261
280 262
281 263
282 264
283 265
284 266
285 267
286 268
287 269
288 270
289 271
290 272
291 273
292 274
293 275
294 276
295 277
296 278
297 279
298 280
299 281
300 282
301 283
302 284
303 285
304 286
305 287
306 288
307 289
308 290
309 291
310 292
311 293
312 294
313 295
314 296
315 297
316 298
317 299
318 300
319 301
320 302
321 303
322 304
323 305
324 306
325 307
326 308
327 309
328 310
329 311
330 312
331 313
332 85
333 314
334 315
335 316
336 317
337 318
338 319
339 320
340 321
341 322
342 323
343 324
344 325
345 326
346 327
347 328
348 329
349 330
350 331
351 332
352 333
353 334
354 335
355 336
356 337
357 3492
358 338
359 3492
360 339
361 340
362 341
363 342
364 343
365 3492
366 344
367 3492
368 4153
369 345
370 346
371 4393
372 347
373 348
374 349
375 350
376 351
377 352
378 353
379 354
380 355
381 4153
382 356
383 357
384 358
385 359
386 360
387 361
388 362
389 363
390 364
391 365
392 366
393 367
394 368
395 369
396 370
397 371
398 372
399 373
400 374
401 375
402 376
403 377
404 378
405 379
406 380
407 381
408 382
409 383
410 384
411 385
412 386
413 387
414 388
415 389
416 390
417 391
418 4456
419 392
420 393
421 394
422 395
423 396
424 397
425 398
426 399
427 400
428 401
429 402
430 403
431 404
432 3492
433 405
434 406
435 407
436 408
437 409
438 410
439 411
440 412
441 3492
442 413
443 3492
444 414
445 415
446 416
447 417
448 418
449 419
450 420
451 421
452 422
453 423
454 424
455 425
456 426
457 427
458 428
459 429
460 430
461 431
462 515
463 432
464 433
465 434
466 435
467 436
468 437
469 438
470 439
471 440
472 441
473 442
474 443
475 444
476 445
477 446
478 447
479 448
480 449
481 450
482 451
483 452
484 453
485 4153
486 454
487 515
488 455
489 456
490 457
491 85
492 1174
493 458
494 459
495 460
496 461
497 462
498 463
499 464
500 465
501 466
502 467
503 468
504 469
505 470
506 471
507 472
508 473
509 474
510 475
511 476
512 4153
513 477
514 478
515 479
516 85
517 480
518 481
519 482
520 483
521 484
522 485
523 486
524 487
525 488
526 489
527 490
528 491
529 492
530 493
531 494
532 495
533 496
534 497
535 498
536 499
537 500
538 4393
539 501
540 502
541 3492
542 503
543 504
544 505
545 506
546 507
547 508
548 509
549 510
550 511
551 512
552 513
553 514
554 515
555 516
556 517
557 518
558 4393
559 519
560 520
561 521
562 522
563 523
564 524
565 525
566 526
567 527
568 528
569 529
570 530
571 531
572 532
573 533
574 534
575 535
576 536
577 537
578 538
579 539
580 540
581 541
582 542
583 543
584 544
585 545
586 546
587 547
588 548
589 549
590 550
591 551
592 552
593 553
594 554
595 555
596 556
597 557
598 558
599 559
600 560
601 561
602 562
603 563
604 564
605 565
606 566
607 567
608 568
609 569
610 570
611 571
612 572
613 573
614 574
615 575
616 576
617 577
618 578
619 579
620 580
621 581
622 582
623 583
624 584
625 585
626 586
627 587
628 4456
629 588
630 589
631 590
632 591
633 592
634 593
635 594
636 3525
637 595
638 596
639 597
640 598
641 599
642 600
643 601
644 602
645 603
646 604
647 942
648 605
649 606
650 607
651 608
652 609
653 610
654 3492
655 611
656 612
657 613
658 614
659 615
660 616
661 617
662 618
663 619
664 620
665 3492
666 621
667 622
668 623
669 624
670 625
671 626
672 627
673 628
674 629
675 630
676 631
677 632
678 633
679 634
680 635
681 636
682 3492
683 637
684 638
685 639
686 640
687 641
688 642
689 643
690 644
691 645
692 646
693 647
694 648
695 649
696 650
697 651
698 652
699 653
700 654
701 655
702 656
703 657
704 658
705 659
706 660
707 661
708 662
709 663
710 664
711 665
712 666
713 667
714 668
715 669
716 670
717 671
718 672
719 673
720 3492
721 674
722 675
723 676
724 677
725 678
726 679
727 680
728 681
729 4642
730 682
731 683
732 684
733 685
734 686
735 687
736 688
737 689
738 690
739 691
740 692
741 693
742 694
743 695
744 696
745 697
746 698
747 699
748 700
749 701
750 702
751 703
752 704
753 705
754 706
755 707
756 708
757 709
758 710
759 711
760 712
761 713
762 714
763 715
764 716
765 717
766 718
767 4393
768 719
769 720
770 721
771 722
772 723
773 724
774 725
775 726
776 727
777 728
778 4153
779 729
780 730
781 3492
782 731
783 732
784 733
785 734
786 735
787 736
788 737
789 738
790 739
791 740
792 741
793 742
794 743
795 744
796 745
797 746
798 4153
799 747
800 748
801 749
802 750
803 751
804 752
805 753
806 754
807 755
808 756
809 757
810 758
811 759
812 760
813 761
814 762
815 763
816 764
817 765
818 766
819 767
820 768
821 769
822 770
823 771
824 772
825 773
826 774
827 775
828 776
829 777
830 778
831 779
832 780
833 781
834 782
835 783
836 784
837 785
838 786
839 3492
840 787
841 788
842 789
843 790
844 791
845 792
846 793
847 3492
848 794
849 795
850 15
851 4153
852 796
853 797
854 798
855 799
856 800
857 801
858 802
859 803
860 804
861 805
862 3228
863 806
864 807
865 808
866 809
867 3492
868 810
869 811
870 812
871 515
872 813
873 814
874 815
875 816
876 817
877 818
878 819
879 820
880 821
881 822
882 823
883 824
884 825
885 826
886 827
887 828
888 829
889 830
890 831
891 832
892 833
893 834
894 835
895 836
896 837
897 838
898 839
899 840
900 841
901 842
902 843
903 3492
904 844
905 845
906 846
907 847
908 848
909 849
910 850
911 851
912 852
913 853
914 854
915 855
916 856
917 857
918 858
919 859
920 860
921 861
922 862
923 863
924 864
925 865
926 866
927 867
928 868
929 869
930 870
931 871
932 872
933 873
934 874
935 3492
936 875
937 876
938 877
939 878
940 879
941 880
942 881
943 882
944 883
945 884
946 885
947 886
948 887
949 888
950 889
951 890
952 891
953 892
954 893
955 894
956 895
957 896
958 897
959 898
960 899
961 900
962 901
963 902
964 903
965 904
966 905
967 906
968 907
969 908
970 909
971 910
972 911
973 912
974 913
975 914
976 915
977 916
978 4376
979 917
980 918
981 919
982 920
983 921
984 922
985 923
986 924
987 925
988 926
989 927
990 928
991 929
992 930
993 931
994 932
995 933
996 934
997 935
998 936
999 1174
1000 937
1001 938
1002 939
1003 940
1004 941
1005 942
1006 943
1007 944
1008 945
1009 946
1010 947
1011 948
1012 949
1013 950
1014 951
1015 952
1016 953
1017 954
1018 955
1019 956
1020 3492
1021 957
1022 958
1023 959
1024 960
1025 961
1026 962
1027 963
1028 964
1029 965
1030 966
1031 967
1032 968
1033 969
1034 970
1035 971
1036 4153
1037 972
1038 973
1039 974
1040 975
1041 976
1042 515
1043 977
1044 978
1045 979
1046 980
1047 981
1048 982
1049 4456
1050 3492
1051 983
1052 984
1053 3492
1054 985
1055 986
1056 987
1057 3492
1058 988
1059 989
1060 990
1061 4456
1062 991
1063 992
1064 1174
1065 993
1066 994
1067 995
1068 996
1069 997
1070 998
1071 999
1072 1000
1073 1001
1074 1002
1075 1003
1076 1668
1077 1004
1078 1005
1079 1006
1080 1007
1081 1008
1082 1009
1083 1010
1084 1011
1085 1012
1086 1013
1087 1014
1088 1015
1089 1016
1090 1017
1091 1018
1092 1019
1093 515
1094 1020
1095 1021
1096 1022
1097 1023
1098 1024
1099 1025
1100 1026
1101 1027
1102 1028
1103 1029
1104 1030
1105 1031
1106 1032
1107 1033
1108 1034
1109 1035
1110 1036
1111 1037
1112 1038
1113 1039
1114 1040
1115 1041
1116 1042
1117 1043
1118 1044
1119 1045
1120 1046
1121 1047
1122 1048
1123 1049
1124 1050
1125 1051
1126 1052
1127 1053
1128 1054
1129 1055
1130 1056
1131 1057
1132 1058
1133 1059
1134 1060
1135 1061
1136 1062
1137 1063
1138 1064
1139 1065
1140 1066
1141 1067
1142 1068
1143 1069
1144 1070
1145 4153
1146 1071
1147 1072
1148 1073
1149 1074
1150 1075
1151 1076
1152 1077
1153 1078
1154 1079
1155 1080
1156 1081
1157 1082
1158 1083
1159 1084
1160 1085
1161 1086
1162 1087
1163 1088
1164 1089
1165 1090
1166 1091
1167 1092
1168 1093
1169 1094
1170 1095
1171 1096
1172 1097
1173 1098
1174 1099
1175 1100
1176 1101
1177 1102
1178 1103
1179 1104
1180 1105
1181 1106
1182 1107
1183 1108
1184 1109
1185 1110
1186 1111
1187 1112
1188 1113
1189 1114
1190 1115
1191 1116
1192 4456
1193 1117
1194 1118
1195 1119
1196 1120
1197 1121
1198 1122
1199 1123
1200 1124
1201 1125
1202 1126
1203 1127
1204 1128
1205 1129
1206 1130
1207 1131
1208 1132
1209 1133
1210 1134
1211 1135
1212 1136
1213 1137
1214 1138
1215 1139
1216 1140
1217 1141
1218 1142
1219 1143
1220 1144
1221 1145
1222 1146
1223 1147
1224 1148
1225 1149
1226 1150
1227 1151
1228 3492
1229 1152
1230 1153
1231 1154
1232 1155
1233 1156
1234 1157
1235 1158
1236 1159
1237 1160
1238 1161
1239 1162
1240 1163
1241 1164
1242 4153
1243 1165
1244 1166
1245 1167
1246 1168
1247 1169
1248 1170
1249 1171
1250 1172
1251 1173
1252 1174
1253 1175
1254 3492
1255 1176
1256 4393
1257 1177
1258 1178
1259 1179
1260 1180
1261 1181
1262 1182
1263 1183
1264 1184
1265 1185
1266 1186
1267 1187
1268 1188
1269 3492
1270 4153
1271 1189
1272 1190
1273 1191
1274 1192
1275 1193
1276 1194
1277 1195
1278 1196
1279 1197
1280 1198
1281 1199
1282 1200
1283 1201
1284 1202
1285 1203
1286 1204
1287 1205
1288 1206
1289 1207
1290 1208
1291 1209
1292 1210
1293 1211
1294 1212
1295 3492
1296 1213
1297 1214
1298 1215
1299 1216
1300 3492
1301 1217
1302 1218
1303 1219
1304 1220
1305 1221
1306 1222
1307 1223
1308 1224
1309 1225
1310 1226
1311 1227
1312 1228
1313 1229
1314 1230
1315 1231
1316 1232
1317 4153
1318 1233
1319 1234
1320 1235
1321 1236
1322 1237
1323 1238
1324 1239
1325 1240
1326 1241
1327 1242
1328 4456
1329 15
1330 1243
1331 1244
1332 1245
1333 4393
1334 1246
1335 1247
1336 1248
1337 1249
1338 1250
1339 15
1340 1251
1341 3228
1342 1252
1343 1253
1344 1254
1345 1255
1346 1256
1347 1257
1348 1258
1349 1259
1350 1260
1351 1261
1352 1262
1353 1263
1354 1264
1355 1265
1356 515
1357 1266
1358 1267
1359 1268
1360 1269
1361 1270
1362 1271
1363 1272
1364 1273
1365 1274
1366 1275
1367 1276
1368 1277
1369 1278
1370 1279
1371 4393
1372 1280
1373 1281
1374 1282
1375 1283
1376 1284
1377 1285
1378 1286
1379 1287
1380 1288
1381 1289
1382 1290
1383 1291
1384 1292
1385 1293
1386 1294
1387 1295
1388 1296
1389 1297
1390 1298
1391 1299
1392 1300
1393 1301
1394 1302
1395 1303
1396 1304
1397 1305
1398 1306
1399 1307
1400 1308
1401 1309
1402 4393
1403 1310
1404 1311
1405 1312
1406 1313
1407 1314
1408 1315
1409 1316
1410 1317
1411 1318
1412 1319
1413 1320
1414 3492
1415 1321
1416 1322
1417 1323
1418 1324
1419 1325
1420 1326
1421 1327
1422 1328
1423 1329
1424 1330
1425 1331
1426 3492
1427 1332
1428 1333
1429 1334
1430 3525
1431 1335
1432 1336
1433 1337
1434 1338
1435 1339
1436 1340
1437 1341
1438 1342
1439 1343
1440 1344
1441 1345
1442 1346
1443 1347
1444 1348
1445 1349
1446 1350
1447 1351
1448 1352
1449 1353
1450 1354
1451 1355
1452 1356
1453 1357
1454 1358
1455 1359
1456 1360
1457 1361
1458 1362
1459 1363
1460 1364
1461 1365
1462 1366
1463 1367
1464 1368
1465 1369
1466 1370
1467 1371
1468 1372
1469 3492
1470 3492
1471 1373
1472 1374
1473 1375
1474 1376
1475 1377
1476 1378
1477 1379
1478 1380
1479 1381
1480 1382
1481 1383
1482 1384
1483 1385
1484 1386
1485 1387
1486 1388
1487 1389
1488 1390
1489 1391
1490 1392
1491 1393
1492 1394
1493 1395
1494 1396
1495 1397
1496 1398
1497 1399
1498 1400
1499 1401
1500 1402
1501 1403
1502 1404
1503 1405
1504 1406
1505 1407
1506 3492
1507 1408
1508 1409
1509 1410
1510 1411
1511 3492
1512 1412
1513 1413
1514 1414
1515 1415
1516 1416
1517 1417
1518 1418
1519 1419
1520 1420
1521 1421
1522 1422
1523 1423
1524 1424
1525 1425
1526 1426
1527 1427
1528 1428
1529 1429
1530 1430
1531 1431
1532 1432
1533 1433
1534 1434
1535 1435
1536 1436
1537 1437
1538 1438
1539 1439
1540 1440
1541 1441
1542 1442
1543 1443
1544 1444
1545 1445
1546 1174
1547 1446
1548 1447
1549 1448
1550 1449
1551 1450
1552 1451
1553 1452
1554 1453
1555 1454
1556 1455
1557 1456
1558 1457
1559 1458
1560 1459
1561 1460
1562 1461
1563 1462
1564 1463
1565 1464
1566 1465
1567 1466
1568 3228
1569 1467
1570 1468
1571 1469
1572 1470
1573 1471
1574 1472
1575 1473
1576 1474
1577 1475
1578 4153
1579 1476
1580 4393
1581 1478
1582 1479
1583 1480
1584 1481
1585 1482
1586 1483
1587 1484
1588 1485
1589 1486
1590 1487
1591 1488
1592 1489
1593 1490
1594 1491
1595 1492
1596 1493
1597 1494
1598 1495
1599 1496
1600 3525
1601 1497
1602 1498
1603 1499
1604 1500
1605 1501
1606 1502
1607 1503
1608 1504
1609 1505
1610 1506
1611 1507
1612 1508
1613 1509
1614 4456
1615 1510
1616 1511
1617 1512
1618 1513
1619 1514
1620 1515
1621 1516
1622 1517
1623 1518
1624 1519
1625 1520
1626 3492
1627 1521
1628 1522
1629 1523
1630 1524
1631 1525
1632 1526
1633 1527
1634 1528
1635 1529
1636 1530
1637 1531
1638 15
1639 1532
1640 1533
1641 1534
1642 1535
1643 1536
1644 1537
1645 1538
1646 1539
1647 1540
1648 1541
1649 1542
1650 1543
1651 1544
1652 1545
1653 1546
1654 3492
1655 1547
1656 4393
1657 1548
1658 1549
1659 1550
1660 1551
1661 1552
1662 1553
1663 1554
1664 1555
1665 1556
1666 1557
1667 1558
1668 1559
1669 1560
1670 1561
1671 1562
1672 1668
1673 1563
1674 1564
1675 1565
1676 1566
1677 1567
1678 1568
1679 1569
1680 1570
1681 1571
1682 1572
1683 1573
1684 4456
1685 1574
1686 1575
1687 1576
1688 1577
1689 1578
1690 1579
1691 1580
1692 44
1693 1581
1694 1582
1695 1583
1696 1584
1697 1585
1698 1586
1699 1587
1700 1588
1701 1589
1702 3492
1703 1590
1704 1591
1705 1592
1706 1593
1707 1594
1708 1595
1709 1596
1710 4153
1711 1597
1712 1598
1713 1599
1714 1600
1715 1601
1716 1602
1717 1603
1718 1604
1719 3228
1720 1605
1721 1606
1722 4859
1723 1607
1724 1608
1725 1609
1726 1610
1727 1611
1728 1612
1729 1613
1730 1614
1731 1615
1732 1616
1733 1617
1734 1618
1735 1619
1736 1620
1737 1621
1738 1622
1739 1623
1740 4153
1741 1624
1742 1625
1743 1626
1744 1627
1745 1628
1746 1629
1747 1630
1748 4153
1749 1631
1750 1632
1751 1633
1752 1634
1753 1635
1754 1636
1755 1637
1756 1638
1757 1639
1758 1640
1759 1641
1760 1642
1761 1174
1762 15
1763 1643
1764 1644
1765 1645
1766 1646
1767 1647
1768 1648
1769 1649
1770 1650
1771 4153
1772 1651
1773 1652
1774 1653
1775 1654
1776 1655
1777 1656
1778 1657
1779 1658
1780 1659
1781 1660
1782 1661
1783 1662
1784 1663
1785 1664
1786 1665
1787 1666
1788 1667
1789 1668
1790 1669
1791 1670
1792 1671
1793 1672
1794 1673
1795 515
1796 1674
1797 1675
1798 1676
1799 1677
1800 1678
1801 1679
1802 1680
1803 1681
1804 1682
1805 1683
1806 1684
1807 1685
1808 1686
1809 4153
1810 4859
1811 4153
1812 1687
1813 1688
1814 1689
1815 1690
1816 1691
1817 1692
1818 1693
1819 1694
1820 1695
1821 1696
1822 1697
1823 1698
1824 4456
1825 1699
1826 1700
1827 1701
1828 1702
1829 1703
1830 1704
1831 1705
1832 4153
1833 1706
1834 1707
1835 1708
1836 1709
1837 1710
1838 1711
1839 1712
1840 1713
1841 1714
1842 1715
1843 1716
1844 1717
1845 1718
1846 3492
1847 1719
1848 1720
1849 1721
1850 1722
1851 1723
1852 1724
1853 1725
1854 1726
1855 1727
1856 1728
1857 1729
1858 1730
1859 1731
1860 1732
1861 1733
1862 1734
1863 1735
1864 1736
1865 1737
1866 4456
1867 4153
1868 1738
1869 1739
1870 1740
1871 1741
1872 1742
1873 1743
1874 1744
1875 1745
1876 1746
1877 1747
1878 1748
1879 1749
1880 1750
1881 1751
1882 1752
1883 1753
1884 1754
1885 3492
1886 1755
1887 1756
1888 1757
1889 1758
1890 1759
1891 1760
1892 1761
1893 1762
1894 1763
1895 1764
1896 1765
1897 3492
1898 1766
1899 1767
1900 1768
1901 1769
1902 1770
1903 1771
1904 1772
1905 1773
1906 15
1907 1774
1908 1775
1909 1776
1910 1777
1911 1778
1912 1779
1913 1780
1914 1781
1915 1782
1916 4153
1917 1783
1918 1784
1919 1785
1920 1786
1921 1787
1922 1788
1923 1789
1924 1790
1925 1791
1926 1792
1927 1793
1928 1794
1929 1795
1930 1796
1931 1797
1932 1798
1933 1799
1934 1800
1935 1801
1936 1802
1937 1803
1938 1804
1939 1805
1940 1806
1941 1807
1942 1808
1943 1809
1944 1810
1945 1811
1946 1812
1947 1813
1948 1814
1949 1815
1950 1816
1951 1817
1952 1818
1953 1819
1954 1820
1955 1821
1956 1822
1957 1823
1958 1824
1959 1825
1960 1826
1961 1827
1962 1828
1963 1829
1964 1830
1965 1831
1966 1832
1967 1833
1968 1834
1969 1835
1970 1836
1971 1837
1972 1838
1973 1839
1974 1840
1975 1841
1976 1842
1977 1843
1978 1844
1979 1845
1980 3228
1981 1846
1982 2829
1983 1847
1984 1848
1985 3492
1986 1849
1987 1850
1988 1851
1989 1852
1990 1853
1991 3492
1992 1854
1993 1855
1994 1856
1995 1857
1996 1858
1997 1859
1998 1860
1999 1861
2000 2829
2001 1862
2002 1863
2003 1864
2004 1865
2005 1866
2006 3492
2007 1867
2008 3492
2009 1868
2010 1869
2011 1870
2012 1871
2013 1872
2014 1873
2015 1874
2016 1875
2017 1876
2018 1877
2019 1878
2020 1879
2021 1880
2022 1881
2023 1882
2024 1883
2025 1884
2026 1885
2027 1886
2028 1887
2029 1888
2030 1889
2031 1890
2032 1891
2033 3492
2034 1892
2035 1893
2036 1894
2037 1895
2038 1896
2039 1897
2040 1898
2041 1899
2042 1900
2043 1901
2044 1902
2045 1903
2046 1904
2047 1905
2048 1906
2049 1907
2050 4456
2051 1908
2052 1909
2053 1910
2054 1911
2055 1912
2056 1174
2057 1913
2058 1914
2059 1915
2060 1916
2061 1917
2062 1918
2063 1919
2064 1920
2065 1921
2066 1922
2067 1923
2068 1924
2069 1925
2070 1926
2071 1927
2072 1928
2073 1929
2074 1930
2075 1931
2076 1932
2077 1933
2078 1934
2079 1935
2080 15
2081 1936
2082 1937
2083 1938
2084 1939
2085 1940
2086 1941
2087 1942
2088 1943
2089 3603
2090 1174
2091 1944
2092 1945
2093 1946
2094 1947
2095 1948
2096 1949
2097 1950
2098 1951
2099 1952
2100 1953
2101 1954
2102 1955
2103 1956
2104 1957
2105 1958
2106 1959
2107 1960
2108 1961
2109 1962
2110 1963
2111 1964
2112 4376
2113 1965
2114 1966
2115 1967
2116 1968
2117 1969
2118 1970
2119 1971
2120 1972
2121 1973
2122 1974
2123 1975
2124 1976
2125 1977
2126 1978
2127 1979
2128 1980
2129 1981
2130 1982
2131 1983
2132 1984
2133 1985
2134 1986
2135 1987
2136 1988
2137 1989
2138 1990
2139 1991
2140 1992
2141 1993
2142 1994
2143 1995
2144 1996
2145 4859
2146 1997
2147 1998
2148 1999
2149 2000
2150 2001
2151 2002
2152 2003
2153 2004
2154 2005
2155 2006
2156 2007
2157 4153
2158 2008
2159 2009
2160 2010
2161 2011
2162 2012
2163 2013
2164 2014
2165 2015
2166 2016
2167 2017
2168 2018
2169 2019
2170 2020
2171 4456
2172 2021
2173 2022
2174 3492
2175 2023
2176 2024
2177 2025
2178 2026
2179 2027
2180 1477
2181 2028
2182 2029
2183 4393
2184 2030
2185 2031
2186 2032
2187 2033
2188 2034
2189 2035
2190 2036
2191 2037
2192 2038
2193 2039
2194 2040
2195 2041
2196 2042
2197 2043
2198 2044
2199 2045
2200 2046
2201 2047
2202 2048
2203 2049
2204 2050
2205 2051
2206 2052
2207 2053
2208 3492
2209 2054
2210 2055
2211 2056
2212 2057
2213 2058
2214 2059
2215 2060
2216 2061
2217 2062
2218 2063
2219 3492
2220 2064
2221 2065
2222 4456
2223 2066
2224 2067
2225 2068
2226 2069
2227 2070
2228 2071
2229 2072
2230 2073
2231 2074
2232 2075
2233 2076
2234 2077
2235 2078
2236 2079
2237 2080
2238 2081
2239 2082
2240 2083
2241 2084
2242 2085
2243 2086
2244 2087
2245 3525
2246 3492
2247 2088
2248 2089
2249 2090
2250 2091
2251 2092
2252 44
2253 2093
2254 2094
2255 2095
2256 2096
2257 2097
2258 2098
2259 2099
2260 2100
2261 2101
2262 2102
2263 2103
2264 2104
2265 2105
2266 2106
2267 2107
2268 2108
2269 2109
2270 2110
2271 2111
2272 2112
2273 2113
2274 2114
2275 2115
2276 2116
2277 2117
2278 4456
2279 3492
2280 2118
2281 2119
2282 2120
2283 3492
2284 2121
2285 2122
2286 2123
2287 2124
2288 2125
2289 2126
2290 2127
2291 2128
2292 2129
2293 4153
2294 2130
2295 2131
2296 2132
2297 2133
2298 2134
2299 2135
2300 2136
2301 2137
2302 2138
2303 2139
2304 2140
2305 2141
2306 2142
2307 2143
2308 2144
2309 2145
2310 2146
2311 2147
2312 2148
2313 3492
2314 2149
2315 2150
2316 2151
2317 2152
2318 2153
2319 2154
2320 2155
2321 2156
2322 2157
2323 2158
2324 2159
2325 2160
2326 2161
2327 2162
2328 2163
2329 2164
2330 2165
2331 2166
2332 2167
2333 2168
2334 2169
2335 2170
2336 2171
2337 2172
2338 2173
2339 2174
2340 2175
2341 2176
2342 2177
2343 2178
2344 2179
2345 2180
2346 2181
2347 2182
2348 2183
2349 2184
2350 2185
2351 2186
2352 2187
2353 2188
2354 2189
2355 2190
2356 2191
2357 2192
2358 2193
2359 2194
2360 2195
2361 2196
2362 2197
2363 2198
2364 2199
2365 2200
2366 2201
2367 2202
2368 2203
2369 2204
2370 2205
2371 2206
2372 2207
2373 2208
2374 2209
2375 2210
2376 2211
2377 2212
2378 2213
2379 2214
2380 2215
2381 2216
2382 2217
2383 2218
2384 2219
2385 2220
2386 2221
2387 2222
2388 2223
2389 2224
2390 2225
2391 2226
2392 2227
2393 2228
2394 3492
2395 2229
2396 2230
2397 2231
2398 2232
2399 2233
2400 2234
2401 2235
2402 2236
2403 2237
2404 2238
2405 2239
2406 2240
2407 2241
2408 2242
2409 2243
2410 2244
2411 2245
2412 2246
2413 2247
2414 2248
2415 2249
2416 2250
2417 2251
2418 2252
2419 2253
2420 2254
2421 2255
2422 2256
2423 4393
2424 2257
2425 2258
2426 2259
2427 2260
2428 2261
2429 2262
2430 1477
2431 2263
2432 2264
2433 2265
2434 2266
2435 2267
2436 2268
2437 2269
2438 2270
2439 2271
2440 2272
2441 4393
2442 2273
2443 2274
2444 2275
2445 2276
2446 2277
2447 2278
2448 2279
2449 2280
2450 2281
2451 2282
2452 2283
2453 2284
2454 2285
2455 2286
2456 2287
2457 2288
2458 2289
2459 2290
2460 2291
2461 2292
2462 2293
2463 2294
2464 2295
2465 2296
2466 2297
2467 2298
2468 2299
2469 2300
2470 2301
2471 2302
2472 2303
2473 2304
2474 2305
2475 4859
2476 15
2477 2306
2478 2307
2479 2308
2480 4153
2481 2309
2482 2310
2483 3492
2484 2311
2485 2312
2486 2313
2487 2314
2488 2315
2489 2316
2490 2317
2491 2318
2492 2319
2493 2320
2494 2321
2495 2322
2496 2323
2497 2324
2498 2325
2499 2326
2500 2327
2501 1668
2502 2328
2503 3492
2504 2329
2505 4153
2506 2330
2507 2331
2508 2332
2509 2333
2510 2334
2511 2335
2512 2336
2513 2337
2514 2338
2515 2339
2516 2340
2517 2341
2518 2342
2519 2343
2520 2344
2521 2345
2522 2346
2523 2347
2524 2348
2525 2349
2526 2350
2527 2351
2528 2352
2529 2353
2530 2354
2531 2355
2532 2356
2533 2357
2534 2358
2535 2359
2536 2360
2537 2361
2538 2362
2539 2363
2540 2364
2541 2365
2542 2366
2543 2367
2544 2368
2545 2369
2546 2370
2547 2371
2548 2372
2549 2373
2550 2374
2551 2375
2552 2376
2553 2377
2554 2378
2555 2379
2556 2380
2557 2381
2558 2382
2559 2383
2560 2384
2561 2385
2562 2386
2563 2387
2564 2388
2565 2389
2566 2390
2567 2391
2568 2392
2569 2393
2570 2394
2571 2395
2572 2396
2573 2397
2574 2398
2575 2399
2576 2400
2577 2401
2578 2402
2579 4153
2580 3492
2581 4376
2582 3228
2583 2403
2584 2404
2585 2405
2586 2406
2587 2407
2588 2408
2589 2409
2590 2410
2591 4456
2592 15
2593 2411
2594 2412
2595 2413
2596 2414
2597 2415
2598 2416
2599 1477
2600 2417
2601 2418
2602 2419
2603 2420
2604 2421
2605 15
2606 2422
2607 2423
2608 2424
2609 4393
2610 2425
2611 15
2612 2426
2613 2427
2614 2428
2615 2429
2616 4456
2617 2430
2618 2431
2619 2432
2620 2433
2621 2434
2622 2435
2623 2436
2624 2437
2625 2438
2626 2439
2627 2440
2628 2441
2629 2442
2630 4153
2631 2443
2632 2444
2633 3492
2634 2445
2635 2446
2636 2447
2637 2448
2638 2449
2639 2450
2640 2451
2641 2452
2642 2453
2643 2454
2644 2455
2645 2456
2646 2457
2647 2458
2648 2459
2649 2460
2650 2461
2651 2462
2652 2463
2653 2464
2654 2465
2655 2466
2656 2467
2657 2468
2658 2469
2659 2470
2660 2471
2661 4456
2662 2472
2663 2473
2664 2474
2665 2475
2666 2476
2667 3492
2668 2477
2669 2478
2670 2479
2671 2480
2672 2481
2673 2482
2674 2483
2675 2484
2676 2485
2677 2486
2678 2487
2679 2488
2680 2489
2681 2490
2682 2491
2683 2492
2684 2493
2685 2494
2686 2495
2687 2496
2688 2497
2689 2498
2690 2499
2691 2500
2692 2501
2693 2502
2694 3492
2695 2503
2696 2504
2697 2505
2698 2506
2699 4456
2700 2507
2701 2508
2702 2509
2703 2510
2704 2511
2705 2512
2706 2513
2707 2514
2708 2515
2709 2516
2710 2517
2711 2518
2712 2519
2713 2520
2714 2521
2715 2522
2716 2523
2717 2524
2718 2525
2719 2526
2720 2527
2721 4376
2722 4456
2723 2528
2724 2529
2725 3492
2726 2530
2727 2531
2728 2532
2729 2533
2730 2534
2731 2535
2732 3492
2733 2536
2734 2537
2735 2538
2736 2539
2737 2540
2738 2541
2739 2542
2740 2543
2741 2544
2742 2545
2743 2546
2744 2547
2745 2548
2746 2549
2747 2550
2748 2551
2749 3492
2750 2552
2751 2553
2752 2554
2753 2555
2754 2556
2755 2557
2756 2558
2757 3492
2758 2559
2759 2560
2760 2561
2761 2562
2762 2563
2763 4456
2764 2564
2765 2565
2766 2566
2767 2567
2768 2568
2769 2569
2770 2570
2771 2571
2772 3492
2773 2572
2774 2573
2775 2574
2776 2575
2777 2576
2778 2577
2779 2578
2780 2579
2781 2580
2782 2581
2783 2582
2784 2583
2785 2584
2786 2585
2787 4153
2788 2586
2789 2587
2790 2588
2791 2589
2792 4859
2793 4153
2794 2590
2795 2591
2796 2592
2797 2593
2798 2594
2799 2595
2800 2596
2801 2597
2802 4456
2803 2598
2804 2599
2805 2600
2806 3492
2807 2601
2808 2602
2809 2603
2810 2604
2811 2605
2812 2606
2813 2607
2814 2608
2815 2609
2816 2610
2817 2611
2818 2612
2819 2613
2820 2614
2821 2615
2822 2616
2823 2617
2824 2618
2825 2619
2826 2620
2827 2621
2828 2622
2829 2623
2830 2624
2831 2625
2832 2626
2833 1477
2834 2627
2835 4153
2836 2628
2837 2629
2838 2630
2839 2631
2840 2632
2841 2633
2842 2634
2843 2635
2844 2636
2845 2637
2846 2638
2847 2639
2848 2640
2849 2641
2850 2642
2851 2643
2852 2644
2853 2645
2854 2646
2855 2647
2856 2648
2857 2649
2858 2650
2859 2651
2860 2652
2861 2653
2862 2654
2863 2655
2864 2656
2865 2657
2866 2658
2867 3492
2868 2659
2869 2660
2870 2661
2871 2662
2872 2663
2873 2664
2874 2665
2875 2666
2876 2667
2877 2668
2878 2669
2879 3492
2880 2670
2881 2671
2882 2672
2883 2673
2884 2674
2885 2675
2886 2676
2887 2677
2888 2678
2889 2679
2890 2680
2891 2681
2892 2682
2893 2683
2894 2684
2895 2685
2896 2686
2897 2687
2898 2688
2899 2689
2900 2690
2901 2691
2902 2692
2903 2693
2904 3492
2905 2694
2906 2695
2907 2696
2908 2697
2909 2698
2910 2699
2911 2700
2912 2701
2913 2702
2914 2703
2915 2704
2916 2705
2917 2706
2918 2707
2919 2708
2920 2709
2921 2710
2922 2711
2923 2712
2924 2713
2925 2714
2926 4376
2927 2715
2928 2716
2929 2717
2930 2718
2931 2719
2932 2720
2933 2721
2934 2722
2935 2723
2936 2724
2937 2725
2938 2726
2939 2727
2940 2728
2941 2729
2942 2730
2943 2731
2944 2732
2945 2733
2946 2734
2947 2735
2948 2736
2949 2737
2950 2738
2951 2739
2952 2740
2953 2741
2954 2742
2955 2743
2956 2744
2957 2745
2958 2746
2959 2747
2960 2748
2961 2749
2962 2750
2963 2751
2964 2752
2965 2753
2966 2754
2967 2755
2968 2756
2969 2757
2970 2758
2971 2759
2972 2760
2973 2761
2974 2762
2975 2763
2976 2764
2977 2765
2978 2766
2979 2767
2980 2768
2981 2769
2982 2770
2983 2771
2984 2772
2985 2773
2986 2774
2987 2775
2988 2776
2989 2777
2990 2778
2991 2779
2992 2780
2993 2781
2994 2782
2995 2783
2996 2784
2997 2785
2998 2786
2999 2787
3000 85
3001 4456
3002 2788
3003 2789
3004 2790
3005 2791
3006 15
3007 2792
3008 2793
3009 2794
3010 2795
3011 2796
3012 2797
3013 2798
3014 2799
3015 2800
3016 2801
3017 2802
3018 2803
3019 4153
3020 2804
3021 2805
3022 2806
3023 515
3024 2807
3025 4456
3026 2808
3027 2809
3028 2810
3029 2811
3030 2812
3031 2813
3032 2814
3033 2815
3034 2816
3035 2817
3036 2818
3037 2819
3038 2820
3039 2821
3040 2822
3041 2823
3042 2824
3043 2825
3044 2826
3045 2827
3046 2828
3047 3492
3048 2829
3049 2830
3050 3603
3051 2831
3052 2832
3053 2833
3054 2834
3055 2835
3056 2836
3057 2837
3058 2838
3059 2839
3060 3492
3061 2840
3062 2841
3063 2842
3064 2843
3065 2844
3066 2845
3067 2846
3068 2847
3069 2848
3070 2849
3071 2850
3072 2851
3073 2852
3074 2853
3075 2854
3076 2855
3077 2856
3078 2857
3079 2858
3080 2859
3081 3492
3082 2860
3083 2861
3084 2862
3085 2863
3086 2864
3087 2865
3088 2866
3089 2867
3090 2868
3091 2869
3092 2870
3093 2871
3094 2872
3095 3492
3096 2873
3097 2874
3098 2875
3099 2876
3100 2877
3101 2878
3102 2879
3103 2880
3104 2881
3105 2882
3106 2883
3107 2884
3108 2885
3109 2886
3110 2887
3111 2888
3112 2889
3113 2890
3114 2891
3115 2892
3116 2893
3117 2894
3118 2895
3119 2896
3120 2897
3121 2898
3122 2899
3123 2900
3124 2901
3125 2902
3126 2903
3127 2904
3128 2905
3129 2906
3130 2907
3131 2908
3132 2909
3133 15
3134 2910
3135 2911
3136 2912
3137 4456
3138 2913
3139 2914
3140 2915
3141 2916
3142 2917
3143 2918
3144 2919
3145 2920
3146 2921
3147 2922
3148 2923
3149 2924
3150 2925
3151 2926
3152 2927
3153 2928
3154 2929
3155 2930
3156 3492
3157 2931
3158 4153
3159 2932
3160 2933
3161 2934
3162 2935
3163 2936
3164 2937
3165 2938
3166 2939
3167 2940
3168 2941
3169 2942
3170 2943
3171 2944
3172 4153
3173 2945
3174 2946
3175 2947
3176 2948
3177 2949
3178 2950
3179 2951
3180 2952
3181 2953
3182 2954
3183 2955
3184 2956
3185 2957
3186 2958
3187 2959
3188 2960
3189 2961
3190 2962
3191 2963
3192 2964
3193 2965
3194 2966
3195 2967
3196 2968
3197 2969
3198 2970
3199 2971
3200 3492
3201 2972
3202 2973
3203 2974
3204 2975
3205 2976
3206 2977
3207 2978
3208 2979
3209 2980
3210 2981
3211 2982
3212 2983
3213 4553
3214 2984
3215 2985
3216 2986
3217 2987
3218 4456
3219 2988
3220 2989
3221 2990
3222 2991
3223 2992
3224 2993
3225 2994
3226 2995
3227 2996
3228 2997
3229 2998
3230 2999
3231 3000
3232 3001
3233 4376
3234 3002
3235 3003
3236 3004
3237 3005
3238 3006
3239 3007
3240 3008
3241 3009
3242 3010
3243 3011
3244 3012
3245 3013
3246 3014
3247 3015
3248 3016
3249 3017
3250 3018
3251 3019
3252 3020
3253 3021
3254 3022
3255 515
3256 3023
3257 3024
3258 3025
3259 3026
3260 3027
3261 3028
3262 3029
3263 3030
3264 3031
3265 3032
3266 3033
3267 3034
3268 3035
3269 3036
3270 3037
3271 3038
3272 3039
3273 3040
3274 3041
3275 3042
3276 3043
3277 3044
3278 3045
3279 3046
3280 3047
3281 3048
3282 3049
3283 3050
3284 3051
3285 3052
3286 3053
3287 3054
3288 3055
3289 4393
3290 3056
3291 3057
3292 3058
3293 3059
3294 3060
3295 3061
3296 3062
3297 3063
3298 3064
3299 3065
3300 3066
3301 3067
3302 3068
3303 3069
3304 3070
3305 3071
3306 3072
3307 3073
3308 3492
3309 3074
3310 3075
3311 3076
3312 3077
3313 3078
3314 3079
3315 3080
3316 3081
3317 3082
3318 3083
3319 3084
3320 3085
3321 3086
3322 3087
3323 3088
3324 3089
3325 3090
3326 3091
3327 3092
3328 3093
3329 3094
3330 3095
3331 3096
3332 3097
3333 3098
3334 3099
3335 3100
3336 3101
3337 3102
3338 3103
3339 3104
3340 3105
3341 3106
3342 3107
3343 3108
3344 3109
3345 3110
3346 3111
3347 3112
3348 3113
3349 3114
3350 3115
3351 3116
3352 3117
3353 3118
3354 15
3355 4456
3356 3119
3357 3120
3358 3492
3359 515
3360 3121
3361 3122
3362 3123
3363 3124
3364 3125
3365 3126
3366 3127
3367 3128
3368 3129
3369 3130
3370 3131
3371 1477
3372 3132
3373 3133
3374 3134
3375 3135
3376 3136
3377 3137
3378 3138
3379 3139
3380 4376
3381 3140
3382 3141
3383 3142
3384 3143
3385 3144
3386 3145
3387 3146
3388 3147
3389 3148
3390 3149
3391 3150
3392 3151
3393 3152
3394 3153
3395 3154
3396 3155
3397 3156
3398 3157
3399 3158
3400 3159
3401 3160
3402 3161
3403 4153
3404 3162
3405 3163
3406 3164
3407 3165
3408 3166
3409 3492
3410 3167
3411 3168
3412 3169
3413 3170
3414 3171
3415 3172
3416 3173
3417 3174
3418 3175
3419 3176
3420 3177
3421 3178
3422 3492
3423 3179
3424 3180
3425 3181
3426 3182
3427 3183
3428 3184
3429 3185
3430 3186
3431 3187
3432 3188
3433 3492
3434 3189
3435 3190
3436 3191
3437 3192
3438 3193
3439 3194
3440 3195
3441 3196
3442 3197
3443 3198
3444 3199
3445 3228
3446 3200
3447 3201
3448 3202
3449 3203
3450 515
3451 3204
3452 3205
3453 3206
3454 3207
3455 3208
3456 3209
3457 3210
3458 3211
3459 3212
3460 3213
3461 3214
3462 3215
3463 3216
3464 3217
3465 3218
3466 3219
3467 3220
3468 3221
3469 3222
3470 4393
3471 3223
3472 3224
3473 3225
3474 3226
3475 3227
3476 3228
3477 3229
3478 3230
3479 3231
3480 3232
3481 3233
3482 3234
3483 3235
3484 3236
3485 3237
3486 3238
3487 3239
3488 3240
3489 3241
3490 3242
3491 3243
3492 3244
3493 4153
3494 3245
3495 3246
3496 3247
3497 3248
3498 3249
3499 4153
3500 3492
3501 3250
3502 3492
3503 4153
3504 3251
3505 3252
3506 4376
3507 3253
3508 3254
3509 3255
3510 3256
3511 3257
3512 3258
3513 3259
3514 44
3515 3260
3516 3261
3517 3262
3518 3263
3519 4456
3520 3264
3521 3265
3522 3266
3523 3267
3524 3268
3525 3269
3526 3270
3527 3271
3528 3272
3529 3273
3530 3274
3531 3275
3532 3276
3533 3277
3534 3278
3535 3279
3536 3280
3537 3281
3538 3282
3539 515
3540 4153
3541 3283
3542 3284
3543 3285
3544 3286
3545 3287
3546 3288
3547 3289
3548 3290
3549 3291
3550 3292
3551 3293
3552 3294
3553 3295
3554 3296
3555 3297
3556 3298
3557 3299
3558 3300
3559 3301
3560 3302
3561 3303
3562 3304
3563 3305
3564 3306
3565 3307
3566 3308
3567 3309
3568 3310
3569 3311
3570 3312
3571 3313
3572 4456
3573 3314
3574 3315
3575 3316
3576 515
3577 3317
3578 3318
3579 3319
3580 3320
3581 3321
3582 3322
3583 3323
3584 3324
3585 3325
3586 3326
3587 4393
3588 3327
3589 3328
3590 3329
3591 3330
3592 3331
3593 3332
3594 3333
3595 3334
3596 4153
3597 3335
3598 3336
3599 3337
3600 4859
3601 3338
3602 3339
3603 3340
3604 3341
3605 3342
3606 3343
3607 3344
3608 4153
3609 3345
3610 3346
3611 3347
3612 3348
3613 3349
3614 3350
3615 3351
3616 3352
3617 3353
3618 3354
3619 3355
3620 3356
3621 3357
3622 3358
3623 3359
3624 3360
3625 3361
3626 3362
3627 3363
3628 3364
3629 3492
3630 3365
3631 3366
3632 3367
3633 3368
3634 3369
3635 3370
3636 3371
3637 3372
3638 3373
3639 3374
3640 3375
3641 3376
3642 3377
3643 3378
3644 3379
3645 3380
3646 3381
3647 3382
3648 3383
3649 3384
3650 3385
3651 3386
3652 3387
3653 3388
3654 3389
3655 3390
3656 3391
3657 3392
3658 4376
3659 3393
3660 3492
3661 3394
3662 3395
3663 3396
3664 3397
3665 3398
3666 3399
3667 3400
3668 3401
3669 4153
3670 3402
3671 3403
3672 3404
3673 3405
3674 3406
3675 3407
3676 3408
3677 3409
3678 4456
3679 3410
3680 3411
3681 3412
3682 3413
3683 3414
3684 3415
3685 3416
3686 3417
3687 3418
3688 3419
3689 3420
3690 3421
3691 3422
3692 3423
3693 3424
3694 3425
3695 3426
3696 3427
3697 3428
3698 3429
3699 3430
3700 3431
3701 4456
3702 3432
3703 3433
3704 3434
3705 3435
3706 3436
3707 3437
3708 3438
3709 3439
3710 3440
3711 3441
3712 4153
3713 3442
3714 3443
3715 3444
3716 3445
3717 3446
3718 3447
3719 3448
3720 15
3721 3449
3722 3450
3723 3451
3724 3452
3725 3453
3726 3454
3727 3455
3728 3456
3729 3457
3730 4456
3731 3458
3732 3459
3733 3460
3734 3461
3735 3462
3736 3463
3737 3464
3738 3465
3739 3466
3740 3467
3741 3468
3742 3469
3743 3470
3744 3471
3745 3472
3746 3473
3747 3492
3748 3474
3749 3475
3750 3476
3751 3477
3752 3478
3753 4153
3754 3479
3755 942
3756 3480
3757 3481
3758 3482
3759 3483
3760 3484
3761 3485
3762 3486
3763 3487
3764 1477
3765 3488
3766 3489
3767 3490
3768 3491
3769 3492
3770 3493
3771 3494
3772 3495
3773 4456
3774 3496
3775 1174
3776 3497
3777 942
3778 3498
3779 3499
3780 3500
3781 3501
3782 3502
3783 3503
3784 3504
3785 3505
3786 3492
3787 3506
3788 3507
3789 3508
3790 3509
3791 3510
3792 3492
3793 3511
3794 3512
3795 3513
3796 3514
3797 3515
3798 3516
3799 3517
3800 3518
3801 3519
3802 3520
3803 3521
3804 3522
3805 3523
3806 3524
3807 3525
3808 4153
3809 3526
3810 3527
3811 3528
3812 3529
3813 3525
3814 3530
3815 3531
3816 3532
3817 3492
3818 3533
3819 3534
3820 3535
3821 3536
3822 3537
3823 3538
3824 85
3825 3539
3826 3492
3827 3540
3828 3541
3829 3542
3830 3543
3831 3544
3832 3545
3833 3546
3834 3547
3835 3548
3836 3549
3837 3550
3838 3551
3839 3552
3840 3553
3841 3554
3842 3555
3843 3492
3844 3556
3845 3557
3846 3558
3847 3559
3848 3560
3849 3561
3850 3562
3851 3563
3852 3564
3853 3565
3854 3566
3855 3567
3856 3568
3857 3569
3858 3570
3859 3571
3860 3572
3861 3573
3862 15
3863 3492
3864 3574
3865 3575
3866 3576
3867 3577
3868 3578
3869 4642
3870 3579
3871 3580
3872 3581
3873 3582
3874 3583
3875 3584
3876 3585
3877 3586
3878 3587
3879 3588
3880 3589
3881 3590
3882 3591
3883 3592
3884 3593
3885 3594
3886 3595
3887 3596
3888 3597
3889 3598
3890 3599
3891 3600
3892 3601
3893 3602
3894 4153
3895 3604
3896 3605
3897 3606
3898 3607
3899 3608
3900 3609
3901 3610
3902 3611
3903 3612
3904 3613
3905 3614
3906 3615
3907 4153
3908 3616
3909 3617
3910 3618
3911 3619
3912 3620
3913 3621
3914 3622
3915 3623
3916 3624
3917 3625
3918 3626
3919 3627
3920 3492
3921 3628
3922 3629
3923 3630
3924 3631
3925 3632
3926 4859
3927 3633
3928 3634
3929 3635
3930 3636
3931 1668
3932 3637
3933 3638
3934 3639
3935 3640
3936 3641
3937 3642
3938 3643
3939 3644
3940 3645
3941 4456
3942 3646
3943 3647
3944 3648
3945 3649
3946 3650
3947 3651
3948 3652
3949 3653
3950 3654
3951 3492
3952 3655
3953 3656
3954 3657
3955 3658
3956 3659
3957 3660
3958 3661
3959 3662
3960 3663
3961 3664
3962 3665
3963 3492
3964 3666
3965 3667
3966 3668
3967 3669
3968 3670
3969 3671
3970 3672
3971 3673
3972 3674
3973 4553
3974 3675
3975 3676
3976 4153
3977 3677
3978 3678
3979 3679
3980 3680
3981 3681
3982 3682
3983 3683
3984 3684
3985 3685
3986 3686
3987 3687
3988 3688
3989 3689
3990 3690
3991 3691
3992 3692
3993 3693
3994 3694
3995 3695
3996 3696
3997 3697
3998 3698
3999 3699
4000 3700
4001 3701
4002 3702
4003 3703
4004 3704
4005 3705
4006 3706
4007 3707
4008 3708
4009 3709
4010 3710
4011 3711
4012 3712
4013 3713
4014 3714
4015 3715
4016 3716
4017 3717
4018 3718
4019 3719
4020 3492
4021 3720
4022 3721
4023 3722
4024 3723
4025 3724
4026 4153
4027 3725
4028 3726
4029 3727
4030 3728
4031 3729
4032 4553
4033 3730
4034 4153
4035 3731
4036 3732
4037 3733
4038 3734
4039 3735
4040 3736
4041 3737
4042 3738
4043 3739
4044 3740
4045 3741
4046 3742
4047 3743
4048 3744
4049 3745
4050 3746
4051 3747
4052 3748
4053 3749
4054 3750
4055 3751
4056 3752
4057 3753
4058 3492
4059 3754
4060 3755
4061 3756
4062 3757
4063 3758
4064 3759
4065 3760
4066 3761
4067 3762
4068 3763
4069 3764
4070 3765
4071 3766
4072 3767
4073 3768
4074 3769
4075 3770
4076 3771
4077 3772
4078 3773
4079 3774
4080 3775
4081 3776
4082 3777
4083 3778
4084 3779
4085 3780
4086 3781
4087 4642
4088 3782
4089 3783
4090 3784
4091 3785
4092 3786
4093 3787
4094 3788
4095 3789
4096 3790
4097 3791
4098 3792
4099 3793
4100 3794
4101 3795
4102 3796
4103 3797
4104 3798
4105 3799
4106 3800
4107 3801
4108 3802
4109 3803
4110 3804
4111 3805
4112 3806
4113 3807
4114 3808
4115 3809
4116 3810
4117 3811
4118 3812
4119 3813
4120 3814
4121 3815
4122 3816
4123 3817
4124 3818
4125 3819
4126 3820
4127 3821
4128 3822
4129 3823
4130 3824
4131 3492
4132 3825
4133 3826
4134 3827
4135 3828
4136 3829
4137 3830
4138 3831
4139 3832
4140 3492
4141 3833
4142 3834
4143 3835
4144 3836
4145 3837
4146 3838
4147 3839
4148 3840
4149 3841
4150 3842
4151 3843
4152 3844
4153 3845
4154 3846
4155 3847
4156 3848
4157 3849
4158 3850
4159 3851
4160 3852
4161 3853
4162 3854
4163 3855
4164 3856
4165 3857
4166 3858
4167 3859
4168 3860
4169 3861
4170 3862
4171 3863
4172 3864
4173 3865
4174 3866
4175 3867
4176 3868
4177 3869
4178 3870
4179 3871
4180 3872
4181 3873
4182 3874
4183 3875
4184 3876
4185 3877
4186 3492
4187 3878
4188 3879
4189 3228
4190 3880
4191 3881
4192 3882
4193 4456
4194 3883
4195 3884
4196 3885
4197 3492
4198 3886
4199 3887
4200 3888
4201 3889
4202 3890
4203 3891
4204 3892
4205 4859
4206 3893
4207 3894
4208 3895
4209 3896
4210 3897
4211 3898
4212 3899
4213 3900
4214 3901
4215 3902
4216 3903
4217 3904
4218 4153
4219 3905
4220 3906
4221 3907
4222 3908
4223 3909
4224 3910
4225 3911
4226 3912
4227 3913
4228 3914
4229 3915
4230 3916
4231 3917
4232 3918
4233 3919
4234 3920
4235 3921
4236 3922
4237 3923
4238 3924
4239 3925
4240 3926
4241 3927
4242 3928
4243 3929
4244 3930
4245 3931
4246 3932
4247 3933
4248 3934
4249 3935
4250 3936
4251 3937
4252 3938
4253 3939
4254 3940
4255 3941
4256 1477
4257 3942
4258 3943
4259 3944
4260 3945
4261 3946
4262 3947
4263 3948
4264 4153
4265 3949
4266 3950
4267 1668
4268 3951
4269 3952
4270 3953
4271 3954
4272 3955
4273 3956
4274 3957
4275 3958
4276 3959
4277 3960
4278 3961
4279 3962
4280 3963
4281 3964
4282 3965
4283 3966
4284 4393
4285 3967
4286 3968
4287 3969
4288 3970
4289 3971
4290 3972
4291 3973
4292 3974
4293 3975
4294 3976
4295 3977
4296 3978
4297 3979
4298 3980
4299 3981
4300 3982
4301 3983
4302 3984
4303 3985
4304 3986
4305 3987
4306 3988
4307 3989
4308 3990
4309 3991
4310 4153
4311 3992
4312 3993
4313 3994
4314 3995
4315 3996
4316 3997
4317 3998
4318 3999
4319 4000
4320 4001
4321 4456
4322 4002
4323 4003
4324 4004
4325 4005
4326 4006
4327 4007
4328 4008
4329 4153
4330 4009
4331 4010
4332 4011
4333 4012
4334 3492
4335 4013
4336 4014
4337 4456
4338 4015
4339 4016
4340 4017
4341 4018
4342 4019
4343 4020
4344 4021
4345 4022
4346 3492
4347 4023
4348 4024
4349 4025
4350 4153
4351 4026
4352 4027
4353 4028
4354 4029
4355 4030
4356 4031
4357 4032
4358 4033
4359 4034
4360 4035
4361 4036
4362 4037
4363 4038
4364 4039
4365 4040
4366 4041
4367 4042
4368 4043
4369 4044
4370 4045
4371 4046
4372 4153
4373 4047
4374 4048
4375 4049
4376 4050
4377 4051
4378 4052
4379 4053
4380 4054
4381 4055
4382 4056
4383 4393
4384 4057
4385 4058
4386 4059
4387 4060
4388 4061
4389 4062
4390 4063
4391 4064
4392 4065
4393 4066
4394 4067
4395 3907
4396 4068
4397 4069
4398 4070
4399 4071
4400 4072
4401 4073
4402 4074
4403 4075
4404 4076
4405 4077
4406 4078
4407 4079
4408 4080
4409 4081
4410 4082
4411 4153
4412 4083
4413 4084
4414 4085
4415 4086
4416 4087
4417 4088
4418 4089
4419 4090
4420 4091
4421 4092
4422 3228
4423 4093
4424 4094
4425 4095
4426 4096
4427 4097
4428 4098
4429 3492
4430 4099
4431 4100
4432 4101
4433 4102
4434 4103
4435 4104
4436 4105
4437 4106
4438 4107
4439 3492
4440 4108
4441 4109
4442 4110
4443 4111
4444 4112
4445 4113
4446 4114
4447 4115
4448 4116
4449 4117
4450 4118
4451 4119
4452 4120
4453 4121
4454 4122
4455 4123
4456 4124
4457 4125
4458 4126
4459 4127
4460 4128
4461 4129
4462 4130
4463 4131
4464 4132
4465 4133
4466 4134
4467 4135
4468 4136
4469 4137
4470 3492
4471 4138
4472 4139
4473 4140
4474 4141
4475 4142
4476 4143
4477 4144
4478 4145
4479 4146
4480 4147
4481 4148
4482 4149
4483 4150
4484 4151
4485 4152
4486 4153
4487 4456
4488 4154
4489 4155
4490 4156
4491 4157
4492 4158
4493 4159
4494 4160
4495 4161
4496 4162
4497 4163
4498 4164
4499 4165
4500 4166
4501 4167
4502 4168
4503 4169
4504 4170
4505 4171
4506 4172
4507 4173
4508 4174
4509 4175
4510 4176
4511 4177
4512 4178
4513 4179
4514 3492
4515 4153
4516 4180
4517 515
4518 4181
4519 4182
4520 4183
4521 4184
4522 3228
4523 4185
4524 4186
4525 3492
4526 4187
4527 4188
4528 4189
4529 4190
4530 4191
4531 4192
4532 4193
4533 4194
4534 4195
4535 4196
4536 4197
4537 4198
4538 4199
4539 4200
4540 4153
4541 4201
4542 4202
4543 4203
4544 4204
4545 4205
4546 4206
4547 4207
4548 4208
4549 4209
4550 4210
4551 4211
4552 4212
4553 4213
4554 4214
4555 4215
4556 4216
4557 4217
4558 4218
4559 4219
4560 4220
4561 4221
4562 4222
4563 4223
4564 4224
4565 4225
4566 4226
4567 4227
4568 4228
4569 4229
4570 4393
4571 4230
4572 4231
4573 4153
4574 4232
4575 4233
4576 4234
4577 4235
4578 4236
4579 4237
4580 4238
4581 4239
4582 4240
4583 4241
4584 4242
4585 4243
4586 4244
4587 4245
4588 4246
4589 4247
4590 4248
4591 4249
4592 4250
4593 4251
4594 4252
4595 4253
4596 4254
4597 4255
4598 4256
4599 4257
4600 4258
4601 4259
4602 4260
4603 4261
4604 4262
4605 4263
4606 4264
4607 4265
4608 4266
4609 4267
4610 4268
4611 4859
4612 4269
4613 4270
4614 4271
4615 4272
4616 4273
4617 4274
4618 4275
4619 4276
4620 4277
4621 4278
4622 4279
4623 4280
4624 4281
4625 4282
4626 4283
4627 4284
4628 4285
4629 4393
4630 4286
4631 4287
4632 4288
4633 4289
4634 4290
4635 4291
4636 4292
4637 4293
4638 4294
4639 4295
4640 4296
4641 4297
4642 4298
4643 4299
4644 4300
4645 4301
4646 4302
4647 4303
4648 4304
4649 4305
4650 4456
4651 4306
4652 4307
4653 4308
4654 4309
4655 4310
4656 4311
4657 4312
4658 4313
4659 4314
4660 4315
4661 4316
4662 4317
4663 4318
4664 4319
4665 4320
4666 4321
4667 4322
4668 4323
4669 4324
4670 3492
4671 4325
4672 4326
4673 4327
4674 4328
4675 4329
4676 4330
4677 4331
4678 4332
4679 4333
4680 4334
4681 4335
4682 4336
4683 4337
4684 4338
4685 4339
4686 4340
4687 4341
4688 3492
4689 4342
4690 4343
4691 3492
4692 4344
4693 4345
4694 4346
4695 4347
4696 4348
4697 4349
4698 4350
4699 4351
4700 4352
4701 4353
4702 4354
4703 4355
4704 4356
4705 4357
4706 4358
4707 4359
4708 4360
4709 4361
4710 4362
4711 4363
4712 4364
4713 4365
4714 4366
4715 4456
4716 4393
4717 4367
4718 4368
4719 4369
4720 4370
4721 4371
4722 4372
4723 4373
4724 4374
4725 4375
4726 4376
4727 4377
4728 4378
4729 4379
4730 4380
4731 4381
4732 4382
4733 4383
4734 4384
4735 3492
4736 4385
4737 4386
4738 4387
4739 4388
4740 4389
4741 4390
4742 4391
4743 4392
4744 4393
4745 4394
4746 4395
4747 4396
4748 4397
4749 4398
4750 4399
4751 4400
4752 4401
4753 4402
4754 4403
4755 4404
4756 4405
4757 4406
4758 4407
4759 4153
4760 4408
4761 4409
4762 4410
4763 4411
4764 4412
4765 4413
4766 4414
4767 4415
4768 4416
4769 4393
4770 4417
4771 4418
4772 4419
4773 4420
4774 4421
4775 4422
4776 4423
4777 4424
4778 4425
4779 4426
4780 4427
4781 1174
4782 4428
4783 3228
4784 4429
4785 4430
4786 4431
4787 4432
4788 4433
4789 4434
4790 4435
4791 4436
4792 4437
4793 4438
4794 4439
4795 4440
4796 4441
4797 4442
4798 4443
4799 4444
4800 4445
4801 4446
4802 4447
4803 4456
4804 4448
4805 4449
4806 4450
4807 4451
4808 4452
4809 4453
4810 4454
4811 4455
4812 15
4813 4456
4814 4456
4815 4457
4816 4458
4817 4459
4818 4460
4819 4642
4820 4461
4821 4462
4822 4463
4823 4464
4824 4465
4825 4466
4826 4467
4827 4468
4828 4469
4829 4470
4830 4471
4831 4472
4832 4473
4833 4474
4834 4859
4835 4475
4836 4476
4837 4477
4838 4478
4839 4479
4840 4480
4841 4481
4842 4482
4843 4483
4844 4484
4845 4485
4846 4486
4847 4487
4848 4488
4849 4489
4850 4490
4851 4491
4852 4492
4853 4493
4854 4494
4855 4495
4856 4496
4857 4497
4858 4498
4859 4499
4860 4500
4861 4501
4862 4502
4863 4503
4864 4504
4865 4505
4866 4506
4867 4507
4868 4508
4869 3492
4870 4509
4871 4510
4872 4511
4873 4512
4874 4513
4875 4514
4876 4515
4877 4516
4878 4517
4879 4518
4880 4519
4881 4520
4882 4521
4883 4522
4884 4523
4885 4524
4886 4525
4887 4526
4888 4527
4889 4528
4890 4529
4891 4530
4892 4531
4893 4532
4894 4533
4895 4534
4896 4535
4897 4536
4898 4537
4899 4538
4900 4539
4901 4540
4902 4541
4903 4542
4904 4543
4905 4544
4906 4545
4907 4546
4908 4547
4909 4548
4910 4549
4911 4550
4912 4551
4913 4552
4914 3492
4915 4554
4916 4555
4917 4556
4918 4557
4919 4558
4920 4559
4921 4560
4922 4561
4923 4562
4924 4563
4925 4564
4926 4565
4927 4566
4928 4567
4929 4568
4930 4569
4931 4570
4932 4571
4933 4572
4934 4573
4935 4574
4936 4575
4937 4576
4938 3492
4939 4577
4940 4578
4941 4579
4942 4580
4943 3492
4944 4581
4945 1477
4946 4582
4947 4583
4948 4584
4949 4585
4950 4586
4951 4587
4952 4588
4953 4589
4954 4590
4955 4591
4956 4592
4957 4593
4958 4594
4959 4595
4960 4596
4961 4456
4962 4597
4963 4598
4964 4599
4965 4600
4966 4601
4967 4602
4968 4603
4969 4604
4970 4605
4971 4606
4972 4607
4973 4608
4974 4609
4975 4610
4976 4611
4977 4612
4978 4613
4979 4614
4980 4615
4981 4616
4982 3492
4983 85
4984 4617
4985 4618
4986 4619
4987 4620
4988 4621
4989 4622
4990 4623
4991 4624
4992 4625
4993 3492
4994 4626
4995 4627
4996 4628
4997 4629
4998 4630
4999 4631
5000 4632
5001 4456
5002 4633
5003 4634
5004 4635
5005 4636
5006 4637
5007 4638
5008 4639
5009 4640
5010 4641
5011 4393
5012 4643
5013 4644
5014 4645
5015 4646
5016 4647
5017 4648
5018 4649
5019 4650
5020 4651
5021 4652
5022 4653
5023 4654
5024 4655
5025 4656
5026 4642
5027 4657
5028 4658
5029 4659
5030 4660
5031 4661
5032 4662
5033 4663
5034 4664
5035 4665
5036 4666
5037 4667
5038 4668
5039 4859
5040 4669
5041 4153
5042 4670
5043 4671
5044 4672
5045 4673
5046 4674
5047 4675
5048 4676
5049 4677
5050 4678
5051 4679
5052 4680
5053 4681
5054 4682
5055 4683
5056 4684
5057 4685
5058 4456
5059 4686
5060 4687
5061 4688
5062 4689
5063 4690
5064 4691
5065 4692
5066 4693
5067 4694
5068 4695
5069 4696
5070 4697
5071 4698
5072 4699
5073 4700
5074 4701
5075 4702
5076 4153
5077 4703
5078 4704
5079 4705
5080 4706
5081 4707
5082 4708
5083 4709
5084 4710
5085 4711
5086 4712
5087 4713
5088 4714
5089 3492
5090 3228
5091 4715
5092 4716
5093 4717
5094 4718
5095 4719
5096 4720
5097 4721
5098 4722
5099 4723
5100 4724
5101 3492
5102 4725
5103 4726
5104 4727
5105 4728
5106 4729
5107 4730
5108 4731
5109 4732
5110 4733
5111 4734
5112 4735
5113 4736
5114 4737
5115 4738
5116 4739
5117 4740
5118 4741
5119 4742
5120 4743
5121 4744
5122 4745
5123 4746
5124 4747
5125 4748
5126 4749
5127 4750
5128 4751
5129 4752
5130 1174
5131 4753
5132 4754
5133 4755
5134 4756
5135 4757
5136 4758
5137 4759
5138 4760
5139 15
5140 4761
5141 4762
5142 4763
5143 4764
5144 4765
5145 4766
5146 4767
5147 4768
5148 4769
5149 4770
5150 4771
5151 4772
5152 4773
5153 4774
5154 4775
5155 4776
5156 4777
5157 4778
5158 4779
5159 4780
5160 4781
5161 4782
5162 4783
5163 4784
5164 4785
5165 4786
5166 4787
5167 4788
5168 4789
5169 4790
5170 4791
5171 4792
5172 4793
5173 4794
5174 4795
5175 4796
5176 4797
5177 4798
5178 4799
5179 4800
5180 4801
5181 4802
5182 4803
5183 4804
5184 4805
5185 3492
5186 4153
5187 4806
5188 4807
5189 4808
5190 4809
5191 4810
5192 4811
5193 4812
5194 4813
5195 4814
5196 4815
5197 4816
5198 4817
5199 4818
5200 4819
5201 15
5202 4820
5203 4821
5204 4822
5205 4823
5206 4824
5207 4153
5208 4825
5209 4826
5210 4827
5211 4828
5212 4153
5213 4829
5214 4830
5215 4831
5216 4832
5217 4833
5218 4834
5219 4835
5220 4836
5221 4837
5222 4838
5223 4839
5224 4840
5225 3492
5226 4841
5227 4842
5228 4843
5229 4844
5230 4845
5231 4846
5232 4847
5233 4848
5234 4849
5235 4850
5236 4851
5237 4852
5238 4853
5239 4854
5240 4855
5241 4856
5242 4857
5243 4858
5244 4859
