0 0
1 1
2 2
3 3
4 4
5 5
6 6
7 7
8 8
9 9
10 10
11 11
12 12
13 13
14 14
15 15
16 16
17 17
18 18
19 19
20 20
21 21
22 22
23 23
24 24
25 25
26 26
27 27
28 28
29 29
30 30
31 31
32 32
33 33
34 34
35 35
36 36
37 37
38 38
39 39
40 40
41 41
42 42
43 43
44 44
45 45
46 46
47 47
48 48
49 49
50 50
51 51
52 52
53 53
54 54
55 55
56 56
57 57
58 58
59 59
60 1427
61 60
62 61
63 62
64 63
65 64
66 65
67 66
68 67
69 68
70 69
71 70
72 71
73 72
74 73
75 74
76 75
77 76
78 77
79 78
80 79
81 80
82 81
83 82
84 83
85 84
86 85
87 86
88 87
89 88
90 89
91 90
92 91
93 92
94 93
95 94
96 95
97 96
98 97
99 98
100 99
101 100
102 101
103 102
104 103
105 104
106 105
107 106
108 107
109 108
110 109
111 110
112 111
113 112
114 113
115 114
116 115
117 116
118 117
119 118
120 119
121 120
122 121
123 122
124 123
125 124
126 125
127 126
128 127
129 128
130 129
131 130
132 131
133 132
134 133
135 134
136 135
137 136
138 137
139 138
140 139
141 140
142 141
143 142
144 143
145 144
146 145
147 146
148 147
149 148
150 149
151 150
152 151
153 152
154 153
155 154
156 155
157 156
158 157
159 158
160 159
161 160
162 161
163 162
164 163
165 164
166 165
167 747
168 166
169 167
170 168
171 169
172 170
173 171
174 172
175 173
176 174
177 175
178 176
179 177
180 178
181 179
182 180
183 181
184 182
185 183
186 184
187 185
188 186
189 187
190 188
191 189
192 190
193 191
194 192
195 193
196 194
197 195
198 196
199 197
200 198
201 199
202 200
203 201
204 202
205 203
206 204
207 205
208 206
209 207
210 208
211 1427
212 209
213 210
214 211
215 212
216 213
217 214
218 899
219 215
220 216
221 217
222 218
223 219
224 220
225 221
226 222
227 223
228 224
229 225
230 226
231 227
232 228
233 229
234 230
235 231
236 232
237 233
238 234
239 235
240 236
241 237
242 238
243 239
244 240
245 241
246 242
247 243
248 244
249 245
250 246
251 247
252 248
253 249
254 250
255 251
256 252
257 253
258 254
259 255
260 256
261 257
262 258
263 259
264 260
265 261
266 262
267 263
268 264
269 265
270 266
271 267
272 268
273 269
274 270
275 271
276 272
277 273
278 274
279 275
280 276
281 277
282 278
283 279
284 280
285 281
286 282
287 283
288 284
289 285
290 286
291 287
292 288
293 289
294 290
295 747
296 291
297 292
298 293
299 294
300 295
301 296
302 297
303 298
304 299
305 300
306 301
307 302
308 1427
309 303
310 304
311 305
312 306
313 307
314 308
315 309
316 310
317 311
318 312
319 313
320 314
321 315
322 316
323 317
324 318
325 319
326 320
327 321
328 322
329 323
330 324
331 325
332 326
333 747
334 327
335 328
336 329
337 330
338 331
339 332
340 333
341 334
342 335
343 336
344 337
345 338
346 339
347 340
348 341
349 342
350 343
351 344
352 345
353 346
354 347
355 348
356 349
357 350
358 351
359 352
360 353
361 354
362 355
363 356
364 357
365 358
366 359
367 360
368 361
369 362
370 363
371 364
372 365
373 366
374 367
375 368
376 369
377 370
378 371
379 372
380 373
381 374
382 375
383 376
384 377
385 378
386 379
387 380
388 381
389 382
390 383
391 384
392 385
393 386
394 387
395 388
396 389
397 390
398 391
399 392
400 747
401 393
402 394
403 395
404 396
405 397
406 398
407 399
408 400
409 401
410 402
411 403
412 404
413 405
414 406
415 407
416 408
417 409
418 410
419 411
420 412
421 413
422 414
423 415
424 416
425 417
426 418
427 419
428 420
429 1427
430 421
431 422
432 423
433 747
434 424
435 425
436 426
437 427
438 428
439 429
440 430
441 431
442 432
443 433
444 434
445 435
446 436
447 437
448 438
449 439
450 440
451 441
452 442
453 443
454 444
455 445
456 446
457 447
458 448
459 449
460 450
461 451
462 452
463 453
464 454
465 455
466 456
467 457
468 458
469 459
470 460
471 461
472 462
473 463
474 464
475 465
476 466
477 467
478 468
479 469
480 470
481 471
482 472
483 473
484 474
485 475
486 476
487 477
488 478
489 479
490 480
491 481
492 482
493 483
494 484
495 485
496 486
497 487
498 488
499 489
500 490
501 491
502 492
503 493
504 494
505 495
506 496
507 497
508 498
509 499
510 500
511 1427
512 501
513 502
514 503
515 504
516 505
517 506
518 507
519 508
520 509
521 510
522 511
523 512
524 513
525 514
526 515
527 516
528 517
529 518
530 519
531 520
532 521
533 522
534 523
535 524
536 525
537 526
538 527
539 528
540 1427
541 529
542 530
543 531
544 532
545 533
546 534
547 535
548 536
549 537
550 538
551 539
552 540
553 541
554 542
555 543
556 1427
557 544
558 545
559 546
560 547
561 548
562 549
563 550
564 551
565 552
566 553
567 554
568 555
569 556
570 557
571 558
572 559
573 560
574 561
575 562
576 563
577 564
578 565
579 566
580 567
581 568
582 569
583 570
584 571
585 572
586 899
587 573
588 574
589 575
590 576
591 577
592 578
593 579
594 580
595 581
596 582
597 583
598 584
599 585
600 586
601 587
602 588
603 589
604 590
605 591
606 592
607 593
608 594
609 595
610 596
611 597
612 598
613 599
614 600
615 601
616 602
617 603
618 604
619 605
620 606
621 607
622 608
623 609
624 610
625 611
626 612
627 613
628 614
629 615
630 616
631 617
632 618
633 619
634 620
635 621
636 622
637 623
638 624
639 625
640 626
641 627
642 628
643 629
644 630
645 631
646 632
647 633
648 634
649 635
650 636
651 637
652 638
653 639
654 640
655 641
656 642
657 643
658 644
659 645
660 646
661 647
662 648
663 649
664 650
665 651
666 652
667 653
668 654
669 655
670 656
671 657
672 658
673 659
674 660
675 661
676 662
677 663
678 664
679 665
680 666
681 667
682 668
683 669
684 670
685 671
686 672
687 673
688 674
689 675
690 676
691 677
692 678
693 679
694 680
695 681
696 682
697 683
698 684
699 685
700 686
701 687
702 688
703 689
704 690
705 691
706 692
707 693
708 694
709 695
710 696
711 697
712 698
713 699
714 700
715 701
716 702
717 703
718 704
719 1427
720 705
721 706
722 707
723 708
724 709
725 710
726 711
727 712
728 713
729 714
730 899
731 899
732 715
733 716
734 717
735 718
736 719
737 720
738 721
739 722
740 723
741 724
742 725
743 726
744 727
745 728
746 729
747 730
748 731
749 732
750 733
751 734
752 735
753 736
754 737
755 738
756 739
757 740
758 741
759 742
760 743
761 744
762 745
763 746
764 747
765 748
766 749
767 750
768 751
769 752
770 753
771 754
772 755
773 756
774 757
775 758
776 759
777 760
778 761
779 762
780 763
781 764
782 765
783 766
784 767
785 768
786 769
787 770
788 771
789 772
790 773
791 774
792 775
793 776
794 777
795 778
796 779
797 780
798 781
799 782
800 783
801 784
802 785
803 786
804 787
805 788
806 789
807 790
808 791
809 792
810 793
811 794
812 795
813 796
814 747
815 797
816 798
817 799
818 800
819 801
820 802
821 803
822 804
823 805
824 806
825 807
826 808
827 809
828 810
829 811
830 812
831 813
832 814
833 815
834 816
835 817
836 818
837 819
838 820
839 821
840 822
841 823
842 824
843 2892
844 825
845 826
846 827
847 828
848 829
849 830
850 831
851 832
852 833
853 834
854 835
855 836
856 837
857 838
858 839
859 840
860 841
861 842
862 843
863 844
864 845
865 846
866 847
867 848
868 849
869 850
870 851
871 852
872 853
873 854
874 855
875 856
876 857
877 858
878 859
879 860
880 861
881 862
882 863
883 864
884 865
885 866
886 867
887 868
888 869
889 870
890 871
891 872
892 873
893 874
894 875
895 876
896 877
897 878
898 879
899 880
900 881
901 882
902 883
903 884
904 885
905 886
906 887
907 888
908 889
909 890
910 891
911 892
912 893
913 894
914 895
915 896
916 897
917 898
918 899
919 900
920 901
921 902
922 903
923 904
924 905
925 906
926 907
927 908
928 909
929 910
930 911
931 912
932 913
933 914
934 915
935 916
936 1427
937 917
938 918
939 919
940 920
941 921
942 922
943 923
944 924
945 925
946 926
947 927
948 899
949 928
950 929
951 1427
952 930
953 931
954 932
955 933
956 934
957 935
958 936
959 937
960 938
961 939
962 940
963 941
964 942
965 943
966 944
967 945
968 946
969 947
970 948
971 949
972 950
973 951
974 952
975 953
976 954
977 955
978 956
979 957
980 958
981 959
982 960
983 961
984 962
985 963
986 964
987 965
988 966
989 967
990 968
991 969
992 970
993 971
994 972
995 973
996 974
997 975
998 976
999 977
1000 978
1001 979
1002 980
1003 981
1004 982
1005 983
1006 984
1007 985
1008 986
1009 987
1010 988
1011 989
1012 990
1013 991
1014 992
1015 993
1016 994
1017 995
1018 996
1019 997
1020 998
1021 999
1022 1000
1023 1001
1024 1002
1025 1003
1026 1004
1027 1005
1028 1006
1029 1007
1030 1008
1031 1009
1032 1010
1033 1011
1034 1012
1035 1013
1036 1014
1037 1015
1038 1016
1039 1017
1040 1018
1041 1019
1042 1020
1043 1021
1044 1022
1045 1023
1046 1024
1047 1427
1048 1025
1049 1026
1050 1027
1051 1028
1052 1029
1053 1030
1054 1031
1055 1032
1056 1033
1057 1034
1058 1035
1059 1036
1060 1037
1061 1038
1062 1039
1063 1040
1064 1041
1065 1042
1066 1043
1067 747
1068 1044
1069 1045
1070 1046
1071 1047
1072 1048
1073 1049
1074 1050
1075 1051
1076 1052
1077 1053
1078 1054
1079 1055
1080 1056
1081 1057
1082 1058
1083 1059
1084 1060
1085 1061
1086 1062
1087 1063
1088 1064
1089 1065
1090 1066
1091 1067
1092 1068
1093 1069
1094 1070
1095 1071
1096 1072
1097 1073
1098 1074
1099 1075
1100 1076
1101 1077
1102 1078
1103 1079
1104 1080
1105 1081
1106 1082
1107 1083
1108 1084
1109 1085
1110 1086
1111 1087
1112 1088
1113 1089
1114 1090
1115 1091
1116 1092
1117 1093
1118 1094
1119 1095
1120 1096
1121 1097
1122 1098
1123 1099
1124 1100
1125 1101
1126 1102
1127 1103
1128 1104
1129 1105
1130 1106
1131 1107
1132 1108
1133 1109
1134 1110
1135 1111
1136 1112
1137 1113
1138 1114
1139 1115
1140 1116
1141 1117
1142 1118
1143 1119
1144 1120
1145 1121
1146 1122
1147 1123
1148 1124
1149 1125
1150 1126
1151 1127
1152 1128
1153 1129
1154 1130
1155 1427
1156 1131
1157 1132
1158 1133
1159 1134
1160 1135
1161 1136
1162 1137
1163 1138
1164 1139
1165 1140
1166 1141
1167 1142
1168 1143
1169 1144
1170 1145
1171 1146
1172 1147
1173 1148
1174 1149
1175 1150
1176 1151
1177 1152
1178 1153
1179 1154
1180 1155
1181 1156
1182 1157
1183 1158
1184 1159
1185 1160
1186 1161
1187 1162
1188 1163
1189 1164
1190 1165
1191 1166
1192 1167
1193 1168
1194 1169
1195 1170
1196 1171
1197 1172
1198 1173
1199 1174
1200 1175
1201 1176
1202 1177
1203 1178
1204 1179
1205 1180
1206 1181
1207 1182
1208 1183
1209 1184
1210 1185
1211 1186
1212 1187
1213 1188
1214 1189
1215 1190
1216 1191
1217 1192
1218 1193
1219 1194
1220 1195
1221 1196
1222 1197
1223 1198
1224 1199
1225 1200
1226 1201
1227 1202
1228 1203
1229 1204
1230 1205
1231 1206
1232 1207
1233 1427
1234 1208
1235 1209
1236 1210
1237 1211
1238 1212
1239 1213
1240 1214
1241 1215
1242 1216
1243 1217
1244 1218
1245 1219
1246 1220
1247 1221
1248 1222
1249 1223
1250 1224
1251 1225
1252 1226
1253 1227
1254 1228
1255 1229
1256 1230
1257 1231
1258 1232
1259 1233
1260 1234
1261 1235
1262 1236
1263 1237
1264 1238
1265 1239
1266 1240
1267 1241
1268 1242
1269 1243
1270 1244
1271 1245
1272 1246
1273 1247
1274 1248
1275 1249
1276 1250
1277 1251
1278 1252
1279 1253
1280 1254
1281 1255
1282 1256
1283 1257
1284 1258
1285 1259
1286 1260
1287 1261
1288 1262
1289 1263
1290 1264
1291 1265
1292 1266
1293 1267
1294 1268
1295 1269
1296 1270
1297 1271
1298 1272
1299 1273
1300 1274
1301 1275
1302 1276
1303 1277
1304 1278
1305 1279
1306 1280
1307 1281
1308 1282
1309 1283
1310 1284
1311 1285
1312 1286
1313 1287
1314 1427
1315 1288
1316 1289
1317 1290
1318 1291
1319 1292
1320 1293
1321 1294
1322 1295
1323 1296
1324 1297
1325 1298
1326 1299
1327 1300
1328 1301
1329 1302
1330 1303
1331 1304
1332 1305
1333 1306
1334 1307
1335 1308
1336 1309
1337 1310
1338 1427
1339 1311
1340 1312
1341 1313
1342 1314
1343 1315
1344 1316
1345 1317
1346 1318
1347 1319
1348 1320
1349 1321
1350 1322
1351 1323
1352 1324
1353 1325
1354 1326
1355 1327
1356 1328
1357 1427
1358 1329
1359 1330
1360 1331
1361 1332
1362 1333
1363 1334
1364 1335
1365 1336
1366 1337
1367 1338
1368 1339
1369 1340
1370 1341
1371 1342
1372 1343
1373 1344
1374 1345
1375 1346
1376 1347
1377 1348
1378 1349
1379 1350
1380 1351
1381 1352
1382 1353
1383 1354
1384 1355
1385 1356
1386 1357
1387 1358
1388 1359
1389 1360
1390 1361
1391 1362
1392 1363
1393 1364
1394 1365
1395 1366
1396 1367
1397 1368
1398 1369
1399 1370
1400 1371
1401 1372
1402 1373
1403 1374
1404 1427
1405 1375
1406 1376
1407 1377
1408 1378
1409 1379
1410 1380
1411 1381
1412 1382
1413 1383
1414 1384
1415 1385
1416 1386
1417 1387
1418 1388
1419 1389
1420 1390
1421 1427
1422 1391
1423 1392
1424 1393
1425 1394
1426 1395
1427 1396
1428 1397
1429 1398
1430 1399
1431 1400
1432 1401
1433 1402
1434 1403
1435 1404
1436 1405
1437 1406
1438 1407
1439 1408
1440 1409
1441 1410
1442 1411
1443 1412
1444 1413
1445 1414
1446 1415
1447 1416
1448 1417
1449 1418
1450 1419
1451 1420
1452 1421
1453 1422
1454 1423
1455 1424
1456 1425
1457 1426
1458 1427
1459 1428
1460 1429
1461 1430
1462 1431
1463 1432
1464 1433
1465 1434
1466 899
1467 1435
1468 1436
1469 1437
1470 1438
1471 1439
1472 1440
1473 1441
1474 1442
1475 1443
1476 1444
1477 1445
1478 1446
1479 1447
1480 1448
1481 1449
1482 1450
1483 1451
1484 1452
1485 1453
1486 1454
1487 1455
1488 1456
1489 1457
1490 1458
1491 1459
1492 1460
1493 1461
1494 1462
1495 1463
1496 1464
1497 1465
1498 1466
1499 1467
1500 1468
1501 1469
1502 1470
1503 1471
1504 1472
1505 1473
1506 1474
1507 1475
1508 1476
1509 1477
1510 1478
1511 1479
1512 1480
1513 1481
1514 1482
1515 1483
1516 1484
1517 1485
1518 1486
1519 1487
1520 1488
1521 1489
1522 1490
1523 1491
1524 1492
1525 1493
1526 1494
1527 747
1528 1495
1529 1496
1530 1497
1531 1498
1532 1499
1533 1500
1534 1501
1535 1502
1536 1503
1537 1504
1538 1505
1539 1506
1540 1507
1541 1508
1542 1509
1543 1510
1544 1427
1545 1511
1546 1512
1547 1513
1548 1514
1549 1515
1550 1516
1551 1517
1552 1518
1553 1519
1554 1520
1555 1521
1556 1522
1557 1523
1558 1524
1559 1525
1560 1526
1561 1527
1562 1528
1563 1529
1564 1530
1565 1531
1566 1532
1567 1533
1568 1534
1569 1535
1570 1536
1571 1537
1572 1538
1573 1539
1574 1540
1575 1541
1576 1542
1577 1543
1578 1544
1579 1545
1580 1546
1581 1547
1582 1548
1583 1549
1584 1550
1585 1551
1586 1552
1587 1553
1588 1554
1589 1555
1590 1556
1591 1557
1592 1558
1593 1559
1594 1560
1595 1561
1596 1562
1597 1563
1598 1564
1599 1565
1600 1566
1601 1567
1602 1568
1603 1569
1604 1570
1605 1571
1606 1572
1607 1573
1608 1574
1609 1575
1610 1576
1611 1577
1612 1578
1613 1579
1614 1580
1615 1581
1616 1582
1617 1583
1618 1584
1619 1585
1620 1586
1621 1587
1622 1588
1623 1589
1624 1590
1625 1591
1626 1592
1627 1593
1628 1594
1629 1595
1630 1596
1631 1597
1632 1598
1633 1599
1634 1600
1635 1601
1636 1602
1637 1603
1638 1604
1639 1605
1640 1606
1641 899
1642 1607
1643 1608
1644 1609
1645 1610
1646 1611
1647 1612
1648 1613
1649 1614
1650 1615
1651 1616
1652 1617
1653 1618
1654 1619
1655 1620
1656 1621
1657 1622
1658 1623
1659 1624
1660 1625
1661 1626
1662 1627
1663 1628
1664 1629
1665 1630
1666 1631
1667 1632
1668 1633
1669 1634
1670 1635
1671 1636
1672 1637
1673 1638
1674 1639
1675 1640
1676 1641
1677 1642
1678 1643
1679 1644
1680 1645
1681 1646
1682 1647
1683 1648
1684 1649
1685 1650
1686 1651
1687 1652
1688 1653
1689 1654
1690 1655
1691 1656
1692 1657
1693 1658
1694 1659
1695 1660
1696 1661
1697 1662
1698 1663
1699 1664
1700 1665
1701 1666
1702 1667
1703 1668
1704 1669
1705 1670
1706 1671
1707 1672
1708 1673
1709 1674
1710 1675
1711 1676
1712 1677
1713 1678
1714 1679
1715 1680
1716 1681
1717 1682
1718 1683
1719 1684
1720 1685
1721 1686
1722 1687
1723 1688
1724 1689
1725 1690
1726 1691
1727 1692
1728 1693
1729 1694
1730 1695
1731 1696
1732 1697
1733 1698
1734 1699
1735 1700
1736 1701
1737 1702
1738 1703
1739 1704
1740 1705
1741 1706
1742 1707
1743 1708
1744 1709
1745 1710
1746 1427
1747 1711
1748 1712
1749 1713
1750 1714
1751 1715
1752 1716
1753 1717
1754 1718
1755 1719
1756 1720
1757 1721
1758 1722
1759 1723
1760 1724
1761 1725
1762 1726
1763 1727
1764 1728
1765 1729
1766 1730
1767 1731
1768 1732
1769 1733
1770 1734
1771 1735
1772 1736
1773 1737
1774 1738
1775 1739
1776 1740
1777 1741
1778 1742
1779 1743
1780 1744
1781 1745
1782 1746
1783 1747
1784 1748
1785 1749
1786 1750
1787 1751
1788 1752
1789 1753
1790 1754
1791 1755
1792 1756
1793 1757
1794 1758
1795 1759
1796 1760
1797 1761
1798 1762
1799 1763
1800 1764
1801 1765
1802 1766
1803 1767
1804 1768
1805 1769
1806 1770
1807 1771
1808 1772
1809 1773
1810 1774
1811 1775
1812 1776
1813 1777
1814 1778
1815 1427
1816 1779
1817 1780
1818 1781
1819 1782
1820 1783
1821 1784
1822 1785
1823 1786
1824 1787
1825 1788
1826 1789
1827 1790
1828 1791
1829 1792
1830 1793
1831 1794
1832 1795
1833 1796
1834 1797
1835 1798
1836 1799
1837 1800
1838 1801
1839 1802
1840 1803
1841 1804
1842 1805
1843 1806
1844 1807
1845 1808
1846 1809
1847 1810
1848 1811
1849 1812
1850 1813
1851 1814
1852 1815
1853 1816
1854 1817
1855 1818
1856 1819
1857 1820
1858 1821
1859 1822
1860 1823
1861 1824
1862 1825
1863 1826
1864 1827
1865 1828
1866 1829
1867 1830
1868 1831
1869 1832
1870 1833
1871 1834
1872 1835
1873 1836
1874 1837
1875 1838
1876 1839
1877 1840
1878 1841
1879 1842
1880 1843
1881 1844
1882 1845
1883 747
1884 899
1885 1846
1886 1847
1887 1848
1888 1849
1889 1850
1890 1851
1891 1852
1892 1853
1893 1854
1894 1855
1895 1856
1896 1857
1897 1858
1898 1859
1899 1860
1900 1861
1901 1862
1902 1863
1903 1864
1904 1865
1905 1866
1906 1867
1907 1868
1908 1869
1909 1870
1910 1871
1911 1872
1912 1873
1913 1874
1914 1875
1915 1876
1916 1877
1917 1878
1918 1879
1919 1880
1920 1881
1921 1882
1922 1883
1923 1884
1924 1885
1925 1427
1926 1427
1927 1886
1928 1887
1929 1888
1930 1889
1931 1890
1932 1891
1933 1892
1934 1893
1935 1894
1936 1895
1937 1896
1938 1897
1939 1898
1940 1899
1941 1900
1942 1901
1943 1902
1944 1903
1945 1904
1946 1905
1947 1906
1948 1907
1949 1908
1950 1909
1951 1910
1952 1911
1953 1912
1954 1913
1955 1914
1956 1915
1957 1916
1958 1917
1959 1918
1960 1919
1961 1920
1962 1921
1963 1922
1964 1923
1965 1924
1966 1925
1967 1926
1968 1927
1969 1928
1970 1929
1971 1930
1972 1931
1973 1932
1974 1933
1975 1934
1976 1935
1977 1936
1978 1937
1979 1938
1980 1939
1981 1940
1982 1941
1983 1942
1984 1943
1985 1944
1986 1945
1987 1946
1988 1947
1989 1948
1990 1949
1991 1950
1992 1951
1993 1952
1994 1953
1995 1954
1996 1955
1997 1956
1998 1957
1999 1958
2000 1959
2001 1960
2002 1961
2003 1962
2004 1963
2005 1964
2006 1965
2007 1966
2008 1967
2009 1968
2010 1969
2011 1970
2012 1971
2013 1972
2014 1973
2015 1974
2016 1975
2017 1976
2018 1977
2019 1978
2020 1979
2021 1980
2022 1981
2023 1982
2024 1983
2025 1984
2026 1985
2027 1986
2028 1987
2029 1988
2030 1989
2031 1990
2032 747
2033 1991
2034 1992
2035 1993
2036 1994
2037 1995
2038 1996
2039 1997
2040 1998
2041 1999
2042 2000
2043 2001
2044 2002
2045 2003
2046 2004
2047 2005
2048 2006
2049 2007
2050 2008
2051 2009
2052 2010
2053 2011
2054 2012
2055 2013
2056 2014
2057 2015
2058 2016
2059 2017
2060 2018
2061 2019
2062 2020
2063 2021
2064 2022
2065 2023
2066 2024
2067 2025
2068 2026
2069 2027
2070 2028
2071 2029
2072 2030
2073 2031
2074 2032
2075 2033
2076 2034
2077 2035
2078 2036
2079 2037
2080 2038
2081 2039
2082 747
2083 2040
2084 2041
2085 2042
2086 2043
2087 2044
2088 2045
2089 2046
2090 2047
2091 2048
2092 2049
2093 2050
2094 2051
2095 2052
2096 2053
2097 2054
2098 2055
2099 2056
2100 2057
2101 2058
2102 2059
2103 2060
2104 2061
2105 2062
2106 2063
2107 2064
2108 2065
2109 2066
2110 2067
2111 2068
2112 2069
2113 2070
2114 2071
2115 2072
2116 2073
2117 2074
2118 2075
2119 2076
2120 2077
2121 2078
2122 747
2123 2079
2124 2080
2125 2081
2126 2082
2127 2083
2128 2084
2129 2085
2130 2086
2131 2087
2132 2088
2133 2089
2134 2090
2135 2091
2136 2092
2137 2093
2138 2094
2139 2095
2140 2096
2141 2097
2142 2098
2143 2099
2144 2100
2145 2101
2146 2102
2147 1427
2148 2103
2149 2104
2150 2105
2151 2106
2152 2107
2153 2108
2154 2109
2155 2110
2156 2111
2157 2112
2158 2113
2159 2114
2160 2115
2161 2116
2162 2117
2163 2118
2164 2119
2165 2120
2166 2121
2167 2122
2168 2123
2169 2124
2170 2125
2171 2126
2172 2127
2173 2128
2174 2129
2175 2130
2176 2131
2177 2132
2178 2133
2179 2134
2180 2135
2181 2136
2182 2137
2183 2138
2184 2139
2185 2140
2186 2141
2187 2142
2188 2143
2189 2144
2190 2145
2191 2146
2192 2147
2193 2148
2194 2149
2195 2150
2196 2151
2197 2152
2198 2153
2199 2154
2200 2155
2201 2156
2202 2157
2203 2158
2204 2159
2205 2160
2206 2161
2207 2162
2208 2163
2209 2164
2210 2165
2211 2166
2212 2167
2213 2168
2214 2169
2215 2170
2216 2171
2217 2172
2218 2173
2219 2174
2220 2175
2221 2176
2222 2177
2223 2178
2224 2179
2225 2180
2226 2181
2227 2182
2228 2183
2229 2184
2230 2185
2231 2186
2232 2187
2233 2188
2234 2189
2235 2190
2236 2191
2237 2192
2238 2193
2239 2194
2240 2195
2241 2196
2242 2197
2243 2198
2244 2199
2245 2200
2246 2201
2247 2202
2248 2203
2249 2204
2250 2205
2251 2206
2252 2207
2253 2208
2254 2209
2255 2210
2256 2211
2257 2212
2258 2213
2259 2214
2260 2215
2261 2216
2262 2217
2263 747
2264 2218
2265 2219
2266 2220
2267 2221
2268 2222
2269 2223
2270 2224
2271 2225
2272 2226
2273 2227
2274 2228
2275 2229
2276 2230
2277 2231
2278 2232
2279 2233
2280 2234
2281 2235
2282 2236
2283 2237
2284 2238
2285 2239
2286 2240
2287 2241
2288 2242
2289 2243
2290 2244
2291 2245
2292 2246
2293 2247
2294 2248
2295 2249
2296 2250
2297 2251
2298 2252
2299 2253
2300 2254
2301 2255
2302 2256
2303 2257
2304 2258
2305 2259
2306 2260
2307 2261
2308 2262
2309 2263
2310 2264
2311 2265
2312 2266
2313 2267
2314 2268
2315 2269
2316 2270
2317 2271
2318 2272
2319 2273
2320 2274
2321 2275
2322 2276
2323 2277
2324 2278
2325 2279
2326 2280
2327 2281
2328 2282
2329 2283
2330 2284
2331 2285
2332 2286
2333 2287
2334 2288
2335 2289
2336 2290
2337 2291
2338 2292
2339 2293
2340 2294
2341 2295
2342 2296
2343 2297
2344 2298
2345 2299
2346 2300
2347 2301
2348 2302
2349 2303
2350 2304
2351 1427
2352 2305
2353 2306
2354 2307
2355 2308
2356 1427
2357 2309
2358 2310
2359 2311
2360 2312
2361 2313
2362 2314
2363 2315
2364 2316
2365 2317
2366 2318
2367 2319
2368 2320
2369 2321
2370 2322
2371 2323
2372 2324
2373 2325
2374 2326
2375 2327
2376 2328
2377 2329
2378 2330
2379 2331
2380 2332
2381 2333
2382 2334
2383 2335
2384 2336
2385 2337
2386 2338
2387 2339
2388 2340
2389 2341
2390 2342
2391 2343
2392 2344
2393 2345
2394 2346
2395 2347
2396 2348
2397 2349
2398 2350
2399 1427
2400 2351
2401 2352
2402 2353
2403 2354
2404 2355
2405 2356
2406 2357
2407 2358
2408 2359
2409 2360
2410 2361
2411 2362
2412 2363
2413 2364
2414 2365
2415 2366
2416 2367
2417 2368
2418 1427
2419 2369
2420 2370
2421 2371
2422 2372
2423 2373
2424 2374
2425 2375
2426 2376
2427 2377
2428 2378
2429 2379
2430 2380
2431 2381
2432 2382
2433 2383
2434 2384
2435 2385
2436 2386
2437 2387
2438 2388
2439 2389
2440 2390
2441 2391
2442 2392
2443 2393
2444 1427
2445 2394
2446 2395
2447 2396
2448 2397
2449 2398
2450 747
2451 2399
2452 2400
2453 2401
2454 2402
2455 2403
2456 2404
2457 2405
2458 2406
2459 2407
2460 2408
2461 2409
2462 2410
2463 2411
2464 2412
2465 2413
2466 2414
2467 2415
2468 2416
2469 2417
2470 2418
2471 2419
2472 2420
2473 2421
2474 2422
2475 2423
2476 2424
2477 2425
2478 2426
2479 2427
2480 2428
2481 2429
2482 2430
2483 2431
2484 2432
2485 2433
2486 2434
2487 2435
2488 2436
2489 2437
2490 2438
2491 2439
2492 2440
2493 2441
2494 2442
2495 2443
2496 2444
2497 2445
2498 2446
2499 2447
2500 2448
2501 2449
2502 2450
2503 2451
2504 2452
2505 2453
2506 2454
2507 2455
2508 2456
2509 2457
2510 2458
2511 2459
2512 2460
2513 2461
2514 2462
2515 2463
2516 2464
2517 2465
2518 2466
2519 2467
2520 2468
2521 2469
2522 2470
2523 2471
2524 2472
2525 2473
2526 2474
2527 2475
2528 2476
2529 1427
2530 1427
2531 2477
2532 2478
2533 2479
2534 2480
2535 2481
2536 2482
2537 2483
2538 2484
2539 2485
2540 2486
2541 2487
2542 2488
2543 2489
2544 2490
2545 2491
2546 2492
2547 2493
2548 2494
2549 2495
2550 2496
2551 2497
2552 2498
2553 2499
2554 2500
2555 2501
2556 2502
2557 2503
2558 2504
2559 2505
2560 2506
2561 2507
2562 2508
2563 2509
2564 2510
2565 2511
2566 2512
2567 2513
2568 2514
2569 2515
2570 2516
2571 2517
2572 2518
2573 2519
2574 2520
2575 2521
2576 2522
2577 2523
2578 2524
2579 2525
2580 2526
2581 2527
2582 2528
2583 2529
2584 2530
2585 2531
2586 2532
2587 2533
2588 2534
2589 2535
2590 2536
2591 2537
2592 2538
2593 2539
2594 2540
2595 2541
2596 2542
2597 2543
2598 2544
2599 2545
2600 2546
2601 2547
2602 2548
2603 747
2604 2549
2605 2550
2606 2551
2607 2552
2608 2553
2609 2554
2610 2555
2611 2556
2612 2557
2613 2558
2614 2559
2615 2560
2616 2561
2617 2562
2618 2563
2619 2564
2620 2565
2621 2566
2622 2567
2623 2568
2624 2569
2625 2570
2626 2571
2627 2572
2628 2573
2629 2574
2630 2575
2631 2576
2632 2577
2633 2578
2634 2579
2635 2580
2636 2581
2637 2582
2638 2583
2639 2584
2640 2585
2641 2586
2642 2587
2643 747
2644 2588
2645 2589
2646 2590
2647 2591
2648 2592
2649 2593
2650 2594
2651 2595
2652 2596
2653 2597
2654 2598
2655 2599
2656 2600
2657 2601
2658 2602
2659 2603
2660 2604
2661 2605
2662 2606
2663 2607
2664 2608
2665 2609
2666 2610
2667 2611
2668 2612
2669 2613
2670 2614
2671 2615
2672 2616
2673 2617
2674 2618
2675 2619
2676 2620
2677 2621
2678 2622
2679 2623
2680 2624
2681 2625
2682 2626
2683 2627
2684 2628
2685 2629
2686 2630
2687 2631
2688 2632
2689 2633
2690 2634
2691 2635
2692 2636
2693 2637
2694 2638
2695 2639
2696 2640
2697 2641
2698 2642
2699 2643
2700 2644
2701 2645
2702 2646
2703 2647
2704 2648
2705 2649
2706 2650
2707 2651
2708 2652
2709 2653
2710 2654
2711 2655
2712 2656
2713 2657
2714 2658
2715 2659
2716 2660
2717 2661
2718 2662
2719 2663
2720 2664
2721 2665
2722 2666
2723 2667
2724 2668
2725 2669
2726 1427
2727 2670
2728 2671
2729 2672
2730 2673
2731 2674
2732 2675
2733 2676
2734 2677
2735 2678
2736 2679
2737 2680
2738 2681
2739 2682
2740 2683
2741 2684
2742 2685
2743 2686
2744 2687
2745 2688
2746 2689
2747 2690
2748 2691
2749 2692
2750 2693
2751 2694
2752 2695
2753 2696
2754 2697
2755 2698
2756 2699
2757 2700
2758 2701
2759 2702
2760 2703
2761 2704
2762 2705
2763 2706
2764 2707
2765 2708
2766 2709
2767 2710
2768 2711
2769 2712
2770 2713
2771 2714
2772 2715
2773 2716
2774 2717
2775 2718
2776 2719
2777 2720
2778 2721
2779 2722
2780 2723
2781 2724
2782 2725
2783 2726
2784 2727
2785 2728
2786 2729
2787 2730
2788 2731
2789 2732
2790 1427
2791 2733
2792 2734
2793 2735
2794 2736
2795 2737
2796 2738
2797 2739
2798 2740
2799 2741
2800 2742
2801 2743
2802 2744
2803 2745
2804 2746
2805 2747
2806 2748
2807 2749
2808 2750
2809 2751
2810 2752
2811 2753
2812 2754
2813 2755
2814 2756
2815 2757
2816 2758
2817 2759
2818 2760
2819 2761
2820 2762
2821 2763
2822 2764
2823 2765
2824 1427
2825 2766
2826 2767
2827 2768
2828 2769
2829 2770
2830 2771
2831 2772
2832 2773
2833 2774
2834 2775
2835 2776
2836 2777
2837 2778
2838 2779
2839 2780
2840 2781
2841 2782
2842 2783
2843 2784
2844 2785
2845 2786
2846 2787
2847 2788
2848 2789
2849 2790
2850 2791
2851 2792
2852 2793
2853 2794
2854 2795
2855 2796
2856 2797
2857 2798
2858 2799
2859 2800
2860 2801
2861 2802
2862 2803
2863 2804
2864 2805
2865 2806
2866 1427
2867 2807
2868 2808
2869 2809
2870 2810
2871 2811
2872 2812
2873 2813
2874 2814
2875 2815
2876 2816
2877 2817
2878 2818
2879 2819
2880 2820
2881 2821
2882 2822
2883 2823
2884 2824
2885 2825
2886 2826
2887 2827
2888 2828
2889 2829
2890 2830
2891 2831
2892 2832
2893 2833
2894 2834
2895 2835
2896 2836
2897 747
2898 1427
2899 2837
2900 2838
2901 2839
2902 2840
2903 2841
2904 2842
2905 2843
2906 2844
2907 2845
2908 2846
2909 2847
2910 2848
2911 2849
2912 2850
2913 2851
2914 2852
2915 2853
2916 2854
2917 2855
2918 2856
2919 2857
2920 2858
2921 2859
2922 2860
2923 2861
2924 2862
2925 2863
2926 2864
2927 2865
2928 2866
2929 2867
2930 2868
2931 2869
2932 2870
2933 2871
2934 2872
2935 2873
2936 2874
2937 2875
2938 2876
2939 2877
2940 2878
2941 2879
2942 2880
2943 2881
2944 747
2945 2882
2946 2883
2947 2884
2948 2885
2949 2886
2950 2887
2951 2888
2952 2889
2953 2890
2954 2891
2955 2892
2956 2893
2957 2894
2958 2895
2959 2896
2960 2897
2961 2898
2962 2899
2963 2900
2964 2901
2965 2902
2966 2903
2967 2904
2968 2905
2969 2906
2970 2907
2971 2908
2972 2909
2973 2910
2974 2911
2975 2912
2976 2913
2977 2914
2978 2915
2979 2916
2980 2917
2981 2918
2982 2919
2983 2920
2984 2921
2985 2922
2986 2923
2987 2924
2988 2925
2989 2926
2990 2927
2991 2928
2992 2929
2993 2930
2994 2931
2995 2932
2996 2933
2997 2934
2998 2935
2999 2936
3000 2937
3001 2938
3002 2939
3003 2940
3004 2941
3005 2942
3006 2943
3007 2944
3008 2945
3009 2946
3010 2947
3011 2948
3012 2949
3013 2950
3014 2951
3015 1427
3016 2952
3017 2953
3018 2954
3019 2955
3020 2956
3021 2957
3022 2958
3023 2959
3024 2960
3025 2961
3026 2962
3027 2963
3028 2964
3029 2965
3030 2966
3031 2967
3032 2968
3033 2969
3034 1427
3035 2970
3036 2971
3037 2972
3038 2973
3039 2974
3040 2975
3041 2976
3042 2977
3043 2978
3044 2979
3045 2980
3046 2981
3047 2982
3048 2983
3049 2984
3050 2985
3051 2986
3052 2987
3053 2988
3054 2989
3055 2990
3056 2991
3057 747
3058 2992
3059 2993
3060 2994
3061 2995
3062 2996
3063 2997
3064 2998
3065 2999
3066 3000
3067 3836
3068 3001
3069 3002
3070 3003
3071 3004
3072 3005
3073 1427
3074 3006
3075 3007
3076 3008
3077 3009
3078 3010
3079 3011
3080 3012
3081 3013
3082 3014
3083 3015
3084 3016
3085 3017
3086 3018
3087 3019
3088 3020
3089 3021
3090 3022
3091 3023
3092 3024
3093 3025
3094 3026
3095 3027
3096 3028
3097 3029
3098 3030
3099 3031
3100 3032
3101 3033
3102 3034
3103 3035
3104 3036
3105 3037
3106 3038
3107 3039
3108 3040
3109 3041
3110 3042
3111 3043
3112 3044
3113 1427
3114 3045
3115 3046
3116 3047
3117 3048
3118 1427
3119 3049
3120 3050
3121 3051
3122 3052
3123 3053
3124 3054
3125 1427
3126 3055
3127 3056
3128 3057
3129 3058
3130 3059
3131 3060
3132 747
3133 3061
3134 3062
3135 3063
3136 3064
3137 3065
3138 3066
3139 3067
3140 3068
3141 3069
3142 3070
3143 3071
3144 3072
3145 3073
3146 3074
3147 3075
3148 3076
3149 3077
3150 3078
3151 3079
3152 3080
3153 3081
3154 3082
3155 3083
3156 3084
3157 3085
3158 3086
3159 3087
3160 3088
3161 3089
3162 3090
3163 3091
3164 3092
3165 3093
3166 3094
3167 3095
3168 3096
3169 3097
3170 3098
3171 3099
3172 3100
3173 3101
3174 3102
3175 3103
3176 3104
3177 3105
3178 3106
3179 3107
3180 3108
3181 3109
3182 3110
3183 3111
3184 3112
3185 3113
3186 3114
3187 3115
3188 3116
3189 3117
3190 3118
3191 3119
3192 3120
3193 3121
3194 3122
3195 3123
3196 3124
3197 3125
3198 3126
3199 3127
3200 3128
3201 3129
3202 3130
3203 3131
3204 3132
3205 3133
3206 3134
3207 3135
3208 3136
3209 3137
3210 3138
3211 3139
3212 3140
3213 3141
3214 3142
3215 3143
3216 3144
3217 3145
3218 3146
3219 3147
3220 3148
3221 3149
3222 3150
3223 3151
3224 3152
3225 3153
3226 3154
3227 3155
3228 747
3229 3156
3230 3157
3231 3158
3232 3159
3233 3160
3234 3161
3235 3162
3236 747
3237 3163
3238 3164
3239 3165
3240 3166
3241 3167
3242 3168
3243 3169
3244 3170
3245 3171
3246 3172
3247 3173
3248 3174
3249 3175
3250 3176
3251 3177
3252 1427
3253 3178
3254 3179
3255 3180
3256 3181
3257 3182
3258 3183
3259 3184
3260 3185
3261 3186
3262 3187
3263 3188
3264 3189
3265 3190
3266 3191
3267 3192
3268 3193
3269 3194
3270 3195
3271 3196
3272 3197
3273 3198
3274 3199
3275 3200
3276 3201
3277 3202
3278 3203
3279 3204
3280 3205
3281 3206
3282 3207
3283 3208
3284 3209
3285 3210
3286 3211
3287 3212
3288 1427
3289 3213
3290 3214
3291 3215
3292 3216
3293 3217
3294 3218
3295 3219
3296 899
3297 3220
3298 3221
3299 3222
3300 3223
3301 3224
3302 3225
3303 3226
3304 3227
3305 3228
3306 3229
3307 3230
3308 3231
3309 3232
3310 3233
3311 3234
3312 3235
3313 3236
3314 3237
3315 3238
3316 3239
3317 3240
3318 3241
3319 3242
3320 3243
3321 3244
3322 3245
3323 3246
3324 3247
3325 3248
3326 3249
3327 3250
3328 3251
3329 3252
3330 3253
3331 3254
3332 3255
3333 3256
3334 3257
3335 3258
3336 3259
3337 3260
3338 3261
3339 3262
3340 3263
3341 3264
3342 3265
3343 3266
3344 3267
3345 3268
3346 3269
3347 3270
3348 3271
3349 3272
3350 3273
3351 3274
3352 3275
3353 3276
3354 3277
3355 3278
3356 3279
3357 3280
3358 3281
3359 3282
3360 3283
3361 3284
3362 3285
3363 3286
3364 3287
3365 3288
3366 3289
3367 3290
3368 3291
3369 3292
3370 3293
3371 3294
3372 3295
3373 3296
3374 3297
3375 3298
3376 3299
3377 3300
3378 3301
3379 3302
3380 3303
3381 3304
3382 3305
3383 3306
3384 3307
3385 3308
3386 3309
3387 3310
3388 3311
3389 3312
3390 3313
3391 3314
3392 3315
3393 3316
3394 3317
3395 3318
3396 3319
3397 3320
3398 3321
3399 3322
3400 3323
3401 3324
3402 3325
3403 3326
3404 3327
3405 3328
3406 3329
3407 3330
3408 3331
3409 3332
3410 3333
3411 3334
3412 3335
3413 3336
3414 3337
3415 3338
3416 3339
3417 3340
3418 3341
3419 3342
3420 3343
3421 3344
3422 3345
3423 3346
3424 3347
3425 3348
3426 3349
3427 3350
3428 1427
3429 3351
3430 3352
3431 3353
3432 3354
3433 3355
3434 3356
3435 3357
3436 3358
3437 3359
3438 3360
3439 3361
3440 3362
3441 3363
3442 3364
3443 3365
3444 3366
3445 3367
3446 3368
3447 3369
3448 3370
3449 3371
3450 3372
3451 3373
3452 3374
3453 3375
3454 3376
3455 3377
3456 3378
3457 3379
3458 3380
3459 3381
3460 3382
3461 3383
3462 3384
3463 3385
3464 3386
3465 3387
3466 3388
3467 3389
3468 3390
3469 3391
3470 3392
3471 3393
3472 3394
3473 3395
3474 3396
3475 3397
3476 3398
3477 3399
3478 3400
3479 3401
3480 3402
3481 3403
3482 3404
3483 3405
3484 3406
3485 3407
3486 3408
3487 3409
3488 3410
3489 3411
3490 3412
3491 3413
3492 3414
3493 3415
3494 3416
3495 3417
3496 3418
3497 3419
3498 3420
3499 3421
3500 3422
3501 3423
3502 3424
3503 3425
3504 3426
3505 3427
3506 3428
3507 3429
3508 3430
3509 3431
3510 3432
3511 3433
3512 3434
3513 3435
3514 3436
3515 3437
3516 3438
3517 3439
3518 3440
3519 3441
3520 3442
3521 3443
3522 3444
3523 3445
3524 3446
3525 3447
3526 3448
3527 3449
3528 3450
3529 3451
3530 3452
3531 3453
3532 3454
3533 3455
3534 3456
3535 3457
3536 3458
3537 3459
3538 3460
3539 3461
3540 3462
3541 3463
3542 3464
3543 3465
3544 3466
3545 3467
3546 3468
3547 3469
3548 3470
3549 3471
3550 3472
3551 3473
3552 3474
3553 3475
3554 3476
3555 3477
3556 3478
3557 3479
3558 3480
3559 3481
3560 3482
3561 3483
3562 3484
3563 3485
3564 1427
3565 3486
3566 3487
3567 3488
3568 3489
3569 3490
3570 3491
3571 3492
3572 3493
3573 3494
3574 3495
3575 3496
3576 3497
3577 3498
3578 3499
3579 3500
3580 3501
3581 1427
3582 3502
3583 3503
3584 3504
3585 3505
3586 3506
3587 3507
3588 3508
3589 3509
3590 3510
3591 3511
3592 3512
3593 3513
3594 3514
3595 3515
3596 3516
3597 3517
3598 3518
3599 3519
3600 3520
3601 3521
3602 3522
3603 3523
3604 3524
3605 3525
3606 3526
3607 3527
3608 3528
3609 3529
3610 3530
3611 3531
3612 3532
3613 3533
3614 3534
3615 3535
3616 3536
3617 3537
3618 3538
3619 3539
3620 3540
3621 3541
3622 3542
3623 1427
3624 3543
3625 3544
3626 3545
3627 3546
3628 3547
3629 3548
3630 3549
3631 3550
3632 3551
3633 3552
3634 3553
3635 3554
3636 3555
3637 3556
3638 3557
3639 3558
3640 3559
3641 3560
3642 3561
3643 3562
3644 3563
3645 3564
3646 3565
3647 3566
3648 3567
3649 3568
3650 3569
3651 3570
3652 3571
3653 3572
3654 3573
3655 3574
3656 3575
3657 3576
3658 3577
3659 3578
3660 3579
3661 3580
3662 3581
3663 3582
3664 3583
3665 3584
3666 3585
3667 3586
3668 3587
3669 3588
3670 3589
3671 1427
3672 3590
3673 3591
3674 3592
3675 3593
3676 3594
3677 3595
3678 3596
3679 3597
3680 3598
3681 3599
3682 3600
3683 3601
3684 3602
3685 3603
3686 3604
3687 3605
3688 3606
3689 3607
3690 3608
3691 3609
3692 3610
3693 3611
3694 3612
3695 3613
3696 3614
3697 3615
3698 3616
3699 3617
3700 3618
3701 3619
3702 3620
3703 3621
3704 3622
3705 3623
3706 3624
3707 3625
3708 3626
3709 3627
3710 1427
3711 3628
3712 3629
3713 3630
3714 3631
3715 3632
3716 3633
3717 3634
3718 3635
3719 3636
3720 3637
3721 3638
3722 3639
3723 3640
3724 3641
3725 3642
3726 3643
3727 3644
3728 3645
3729 3646
3730 3647
3731 3648
3732 3649
3733 3650
3734 3651
3735 3652
3736 3653
3737 3654
3738 3655
3739 3656
3740 3657
3741 3658
3742 3659
3743 3660
3744 3661
3745 3662
3746 3663
3747 3664
3748 3665
3749 3666
3750 3667
3751 3668
3752 3669
3753 3670
3754 3671
3755 3672
3756 3673
3757 3674
3758 3675
3759 3676
3760 3677
3761 747
3762 3678
3763 3679
3764 3680
3765 3681
3766 3682
3767 1427
3768 3683
3769 3684
3770 3685
3771 3686
3772 3687
3773 3688
3774 3689
3775 3690
3776 3691
3777 3692
3778 3693
3779 3694
3780 3695
3781 3696
3782 3697
3783 3698
3784 3699
3785 3700
3786 3701
3787 3702
3788 3703
3789 3704
3790 3705
3791 3706
3792 3707
3793 3708
3794 3709
3795 3710
3796 3711
3797 3712
3798 3713
3799 3714
3800 3715
3801 3716
3802 3717
3803 3718
3804 3719
3805 3720
3806 3721
3807 3722
3808 3723
3809 3724
3810 3725
3811 3726
3812 3727
3813 3728
3814 3729
3815 3730
3816 3731
3817 3732
3818 3733
3819 3734
3820 3735
3821 3736
3822 3737
3823 3738
3824 3739
3825 3740
3826 3741
3827 3742
3828 3743
3829 3744
3830 3745
3831 3746
3832 3747
3833 3748
3834 3749
3835 3750
3836 3751
3837 3752
3838 3753
3839 3754
3840 3755
3841 3756
3842 3757
3843 3758
3844 3759
3845 3760
3846 3761
3847 3762
3848 3763
3849 3764
3850 3765
3851 3766
3852 3767
3853 3768
3854 3769
3855 3770
3856 3771
3857 3772
3858 3773
3859 3774
3860 3775
3861 1427
3862 3776
3863 3777
3864 3778
3865 3779
3866 3780
3867 3781
3868 3782
3869 3783
3870 3784
3871 3785
3872 3786
3873 3787
3874 3788
3875 3789
3876 3790
3877 3791
3878 3792
3879 3793
3880 3794
3881 3795
3882 3796
3883 3797
3884 3798
3885 3799
3886 3800
3887 3801
3888 3802
3889 3803
3890 3804
3891 3805
3892 3806
3893 3807
3894 3808
3895 3809
3896 3810
3897 3811
3898 3812
3899 3813
3900 3814
3901 3815
3902 3816
3903 3817
3904 3818
3905 3819
3906 3820
3907 3821
3908 1427
3909 3822
3910 3823
3911 3824
3912 3825
3913 3826
3914 3827
3915 3828
3916 3829
3917 3830
3918 3831
3919 3832
3920 3833
3921 3834
3922 3835
3923 3836
3924 3837
3925 3838
3926 3839
3927 3840
3928 3841
3929 3842
3930 3843
3931 3844
3932 3845
3933 3846
3934 3847
3935 3848
3936 3849
3937 3850
3938 3851
3939 747
3940 3852
3941 3853
3942 3854
3943 3855
3944 3856
3945 3857
3946 3858
3947 3859
3948 3860
3949 3861
3950 3862
3951 3863
3952 3864
3953 3865
3954 3866
3955 3867
3956 3868
3957 3869
3958 3870
3959 3871
3960 3872
3961 3873
3962 3874
3963 3875
3964 3876
3965 3877
3966 3878
3967 3879
3968 3880
3969 3881
3970 3882
3971 3883
3972 3884
3973 3885
3974 3886
3975 3887
3976 3888
3977 3889
3978 3890
3979 3891
3980 3892
3981 3893
3982 3894
3983 3895
3984 3896
3985 3897
3986 3898
3987 3899
3988 1427
3989 3900
3990 3901
3991 3902
3992 3903
3993 3904
3994 3905
3995 3906
3996 3907
3997 3908
3998 3909
3999 3910
4000 3911
4001 3912
4002 3913
4003 3914
4004 3915
4005 3916
4006 3917
4007 3918
4008 3919
4009 3920
4010 3921
4011 3922
4012 3923
4013 3924
4014 3925
4015 3926
4016 3927
4017 3928
4018 3929
4019 3930
4020 3931
4021 3932
4022 3933
4023 3934
4024 3935
4025 3936
4026 3937
4027 3938
4028 3939
4029 3940
4030 3941
4031 3942
4032 3943
4033 3944
4034 3945
4035 3946
4036 3947
4037 3948
4038 3949
4039 3950
4040 3951
4041 3952
4042 3953
4043 3954
4044 3955
4045 3956
4046 3957
4047 3958
4048 3959
4049 3960
4050 3961
4051 3962
4052 3963
4053 3964
4054 3965
4055 3966
4056 3967
4057 3968
4058 3969
4059 3970
4060 3971
4061 3972
4062 3973
4063 3974
4064 3975
4065 3976
4066 3977
4067 3978
4068 3979
4069 3980
4070 3981
4071 3982
4072 3983
4073 3984
4074 3985
4075 3986
4076 1427
4077 3987
4078 3988
4079 3989
4080 3990
4081 3991
4082 3992
4083 3993
4084 3994
4085 3995
4086 3996
4087 3997
4088 3998
4089 3999
4090 4000
4091 4001
4092 4002
4093 4003
4094 4004
4095 4005
4096 4006
4097 4007
4098 4008
4099 4009
4100 4010
4101 4011
4102 4012
4103 4013
4104 4014
4105 4015
4106 4016
4107 4017
4108 4018
4109 4019
4110 4020
4111 747
4112 4021
4113 4022
4114 4023
4115 4024
4116 4025
4117 4026
4118 4027
4119 4028
4120 4029
4121 4030
4122 4031
4123 4032
4124 4033
4125 4034
4126 4035
4127 4036
4128 4037
4129 4038
4130 4039
4131 4040
4132 4041
4133 4042
4134 4043
4135 4044
4136 4045
4137 4046
4138 4047
4139 4048
4140 4049
4141 4050
4142 4051
4143 4052
4144 4053
4145 4054
4146 4055
4147 4056
4148 4057
4149 4058
4150 4059
4151 4060
4152 4061
4153 4062
4154 4063
4155 4064
4156 4065
4157 4066
4158 4067
4159 4068
4160 4069
4161 4070
4162 4071
4163 4072
4164 4073
4165 4074
4166 4075
4167 4076
4168 4077
4169 4078
4170 4079
4171 4080
4172 4081
4173 4082
4174 4083
4175 4084
4176 4085
4177 4086
4178 4087
4179 4088
4180 1427
4181 4089
4182 4090
4183 4091
4184 4092
4185 4093
4186 4094
4187 4095
4188 1427
4189 4096
4190 4097
4191 4098
4192 4099
4193 4100
4194 4101
4195 1427
4196 4102
4197 4103
4198 4104
4199 4105
4200 4106
4201 4107
4202 4108
4203 4109
4204 4110
4205 4111
4206 4112
4207 4113
4208 4114
4209 4115
4210 4116
4211 4117
4212 4118
4213 4119
4214 4120
4215 4121
4216 4122
4217 4123
4218 4124
4219 4125
4220 4126
4221 4127
4222 4128
4223 4129
4224 4130
4225 4131
4226 4132
4227 4133
4228 4134
4229 4135
4230 1427
4231 4136
4232 4137
4233 4138
4234 4139
4235 4140
4236 4141
4237 4142
4238 4143
4239 4144
4240 4145
4241 4146
4242 4147
4243 4148
4244 4149
4245 4150
4246 4151
4247 4152
4248 4153
4249 4154
4250 4155
4251 4156
4252 4157
4253 4158
4254 4159
4255 4160
4256 4161
4257 4162
4258 4163
4259 4164
4260 4165
4261 4166
4262 4167
4263 4168
4264 4169
4265 4170
4266 4171
4267 4172
4268 4173
4269 4174
4270 4175
4271 4176
4272 4177
4273 4178
4274 4179
4275 4180
4276 4181
4277 4182
4278 4183
4279 4184
4280 4185
4281 4186
4282 4187
4283 4188
4284 4189
4285 4190
4286 4191
4287 4192
4288 2892
4289 4193
4290 4194
4291 4195
4292 4196
4293 4197
4294 4198
4295 4199
4296 4200
4297 4201
4298 4202
4299 4203
4300 4204
4301 4205
4302 4206
4303 4207
4304 4208
4305 4209
4306 4210
4307 4211
4308 4212
4309 4213
4310 4214
4311 4215
4312 4216
4313 4217
4314 4218
4315 4219
4316 4220
4317 4221
4318 4222
4319 4223
4320 4224
4321 4225
4322 4226
4323 4227
4324 4228
4325 4229
4326 4230
4327 4231
4328 4232
4329 4233
4330 4234
4331 4235
4332 4236
4333 4237
4334 4238
4335 4239
4336 4240
4337 4241
4338 4242
4339 4243
4340 1427
4341 4244
4342 4245
4343 4246
4344 4247
4345 4248
4346 4249
4347 4250
4348 4251
4349 4252
4350 4253
4351 4254
4352 4255
4353 4256
4354 4257
4355 4258
4356 4259
4357 4260
4358 4261
4359 4262
4360 1427
4361 4263
4362 4264
4363 4265
4364 4266
4365 4267
4366 4268
4367 4269
4368 4270
4369 4271
4370 4272
4371 4273
4372 4274
4373 4275
4374 4276
4375 4277
4376 4278
4377 4279
4378 4280
4379 4281
4380 4282
4381 4283
4382 4284
4383 4285
4384 4286
4385 4287
4386 4288
4387 4289
4388 4290
4389 4291
4390 4292
4391 4293
4392 4294
4393 4295
4394 4296
4395 4297
4396 4298
4397 4299
4398 4300
4399 4301
4400 4302
4401 4303
4402 4304
4403 4305
4404 4306
4405 4307
4406 4308
4407 4309
4408 4310
4409 4311
4410 4312
4411 4313
4412 747
4413 4314
4414 4315
4415 4316
4416 4317
4417 4318
4418 4319
4419 4320
4420 4321
4421 4322
4422 4323
4423 4324
4424 4325
4425 4326
4426 4327
4427 4328
4428 4329
4429 4330
4430 4331
4431 4332
4432 4333
4433 4334
4434 4335
4435 4336
4436 4337
4437 4338
4438 4339
4439 4340
4440 4341
4441 4342
4442 4343
4443 4344
4444 4345
4445 4346
4446 1427
4447 4347
4448 4348
4449 4349
4450 4350
4451 4351
4452 4352
4453 4353
4454 4354
4455 4355
4456 4356
4457 4357
4458 4358
4459 4359
4460 4360
4461 4361
4462 4362
4463 4363
4464 4364
4465 4365
4466 4366
4467 4367
4468 4368
4469 4369
4470 4370
4471 4371
4472 899
4473 4372
4474 4373
4475 4374
4476 4375
4477 4376
4478 4377
4479 4378
4480 4379
4481 4380
4482 4381
4483 4382
4484 4383
4485 4384
4486 4385
4487 4386
4488 4387
4489 4388
4490 4389
4491 4390
4492 4391
4493 4392
4494 4393
4495 4394
4496 4395
4497 4396
4498 4397
4499 4398
4500 4399
4501 4400
4502 4401
4503 4402
4504 4403
4505 4404
4506 4405
4507 4406
4508 4407
4509 747
4510 4408
4511 4409
4512 4410
4513 4411
4514 4412
4515 4413
4516 4414
4517 4415
4518 4416
4519 4417
4520 4418
4521 4419
4522 4420
4523 4421
4524 4422
4525 4423
4526 4424
4527 4425
4528 4426
4529 4427
4530 4428
4531 4429
4532 4430
4533 4431
4534 4432
4535 4433
4536 4434
4537 4435
4538 4436
4539 4437
4540 4438
4541 4439
4542 4440
4543 4441
4544 4442
4545 4443
4546 4444
4547 4445
4548 4446
4549 4447
4550 4448
4551 4449
4552 4450
4553 4451
4554 4452
4555 4453
4556 4454
4557 4455
4558 4456
4559 4457
4560 4458
4561 4459
4562 4460
4563 4461
4564 4462
4565 4463
4566 4464
4567 4465
4568 4466
4569 4467
4570 4468
4571 4469
4572 4470
4573 4471
4574 4472
4575 4473
4576 4474
4577 4475
4578 4476
4579 4477
4580 4478
4581 4479
4582 4480
4583 4481
4584 4482
4585 4483
4586 4484
4587 4485
4588 4486
4589 4487
4590 4488
4591 4489
4592 4490
4593 4491
4594 4492
4595 4493
4596 4494
4597 4495
4598 4496
4599 4497
4600 4498
4601 4499
4602 4500
4603 4501
4604 4502
4605 4503
4606 4504
4607 4505
4608 4506
4609 4507
4610 4508
4611 4509
4612 4510
4613 4511
4614 4512
4615 4513
4616 4514
4617 4515
4618 4516
4619 4517
4620 4518
4621 4519
4622 4520
4623 4521
4624 4522
4625 4523
4626 4524
4627 4525
4628 4526
4629 4527
4630 4528
4631 4529
4632 4530
4633 4531
4634 4532
4635 4533
4636 4534
4637 4535
4638 4536
4639 4537
4640 4538
4641 4539
4642 4540
4643 4541
4644 4542
4645 4543
4646 4544
4647 4545
4648 4546
4649 4547
4650 4548
4651 4549
4652 4550
4653 4551
4654 4552
4655 4553
4656 4554
4657 4555
4658 4556
4659 4557
4660 4558
4661 4559
4662 4560
4663 4561
4664 4562
4665 4563
4666 4564
4667 1427
4668 4565
4669 4566
4670 4567
4671 4568
4672 4569
4673 4570
4674 4571
4675 4572
4676 4573
4677 4574
4678 4575
4679 4576
4680 4577
4681 4578
4682 4579
4683 4580
4684 4581
4685 747
4686 4582
4687 4583
4688 4584
4689 4585
4690 4586
4691 4587
4692 4588
4693 4589
4694 4590
4695 4591
4696 4592
4697 4593
4698 4594
4699 4595
4700 4596
4701 4597
4702 4598
4703 4599
4704 4600
4705 4601
4706 4602
4707 4603
4708 4604
4709 4605
4710 4606
4711 4607
4712 1427
4713 4608
4714 4609
4715 4610
4716 4611
4717 4612
4718 4613
4719 4614
4720 4615
4721 4616
4722 4617
4723 4618
4724 4619
4725 4620
4726 4621
4727 4622
4728 1427
4729 4623
4730 4624
4731 4625
4732 4626
4733 4627
4734 4628
4735 4629
4736 4630
4737 4631
4738 4632
4739 4633
4740 4634
4741 4635
4742 4636
4743 4637
4744 4638
4745 4639
4746 4640
4747 4641
4748 4642
4749 4643
4750 4644
4751 1427
4752 4645
4753 4646
4754 4647
4755 4648
4756 4649
4757 4650
4758 4651
4759 4652
4760 4653
4761 4654
4762 747
4763 4655
4764 4656
4765 4657
4766 4658
4767 4659
4768 4660
4769 4661
4770 4662
4771 4663
4772 4664
4773 4665
4774 4666
4775 4667
4776 4668
4777 4669
4778 4670
4779 4671
4780 4672
4781 4673
4782 4674
4783 4675
4784 4676
4785 4677
4786 4678
4787 4679
4788 4680
4789 4681
4790 4682
4791 4683
4792 4684
4793 4685
4794 4686
4795 4687
4796 4688
4797 4689
4798 4690
4799 4691
4800 4692
4801 4693
4802 4694
4803 4695
4804 4696
4805 4697
4806 4698
4807 4699
4808 4700
4809 4701
4810 1427
4811 4702
4812 4703
4813 4704
4814 4705
4815 4706
4816 4707
4817 4708
4818 4709
4819 4710
4820 4711
4821 4712
4822 4713
4823 4714
4824 4715
4825 747
4826 4716
4827 4717
4828 4718
4829 4719
4830 4720
4831 4721
4832 4722
4833 4723
4834 4724
4835 4725
4836 4726
4837 4727
4838 4728
4839 4729
4840 4730
4841 4731
4842 4732
4843 4733
4844 4734
4845 4735
4846 4736
4847 4737
4848 4738
4849 4739
4850 4740
4851 4741
4852 4742
4853 4743
4854 4744
4855 4745
4856 4746
4857 4747
4858 4748
4859 4749
4860 4750
4861 4751
4862 4752
4863 4753
4864 4754
4865 4755
4866 4756
4867 4757
4868 747
4869 4758
4870 4759
4871 4760
4872 4761
4873 4762
4874 4763
4875 4764
4876 4765
4877 4766
4878 4767
4879 4768
4880 4769
4881 4770
4882 4771
4883 4772
4884 4773
4885 4774
4886 4775
4887 4776
4888 4777
4889 4778
4890 4779
4891 4780
4892 4781
4893 4782
4894 4783
4895 4784
4896 4785
4897 4786
4898 4787
4899 4788
4900 4789
4901 4790
4902 4791
4903 4792
4904 4793
4905 4794
4906 4795
4907 4796
4908 4797
4909 4798
4910 4799
4911 4800
4912 4801
4913 4802
4914 4803
4915 4804
4916 4805
4917 4806
4918 4807
4919 4808
4920 4809
4921 4810
4922 4811
4923 4812
4924 4813
4925 4814
4926 747
4927 4815
4928 4816
4929 4817
4930 4818
4931 4819
4932 4820
4933 4821
4934 4822
4935 747
4936 4823
4937 4824
4938 4825
4939 4826
4940 4827
4941 4828
4942 4829
4943 4830
4944 4831
4945 4832
4946 4833
4947 1427
4948 4834
4949 4835
4950 4836
4951 4837
4952 4838
4953 4839
4954 4840
4955 4841
4956 4842
4957 4843
4958 4844
4959 4845
4960 4846
4961 4847
4962 4848
4963 4849
4964 4850
4965 4851
4966 4852
4967 4853
4968 4854
4969 4855
4970 4856
4971 4857
4972 4858
4973 4859
4974 4860
4975 4861
4976 4862
4977 4863
4978 4864
4979 4865
4980 4866
4981 4867
4982 4868
4983 4869
4984 4870
4985 4871
4986 4872
4987 4873
4988 4874
4989 4875
4990 4876
4991 4877
4992 4878
4993 4879
4994 4880
4995 4881
4996 4882
4997 4883
4998 4884
4999 4885
5000 4886
5001 4887
5002 4888
5003 4889
5004 4890
5005 4891
5006 4892
5007 4893
5008 4894
5009 4895
5010 4896
5011 4897
5012 4898
5013 4899
5014 4900
5015 4901
5016 4902
5017 4903
5018 4904
5019 4905
5020 4906
5021 4907
5022 4908
5023 4909
5024 4910
5025 4911
5026 4912
5027 4913
5028 4914
5029 4915
5030 4916
5031 4917
5032 4918
5033 4919
5034 4920
5035 4921
5036 4922
5037 4923
5038 4924
5039 4925
5040 4926
5041 4927
5042 4928
5043 747
5044 4929
5045 4930
5046 4931
5047 4932
5048 4933
5049 4934
5050 4935
5051 4936
5052 4937
5053 4938
5054 4939
5055 4940
5056 4941
5057 4942
5058 4943
5059 4944
5060 1427
5061 4945
5062 4946
5063 4947
5064 4948
5065 4949
5066 1427
5067 4950
5068 4951
5069 4952
5070 4953
5071 4954
5072 4955
5073 4956
5074 4957
5075 4958
5076 4959
5077 4960
5078 4961
5079 4962
5080 4963
5081 4964
5082 4965
5083 4966
5084 4967
5085 4968
5086 4969
5087 4970
5088 4971
5089 4972
5090 4973
5091 4974
5092 4975
5093 4976
5094 4977
5095 4978
5096 4979
5097 4980
5098 4981
5099 4982
5100 4983
5101 4984
5102 4985
5103 4986
5104 4987
5105 4988
5106 4989
5107 4990
5108 4991
5109 899
5110 4992
5111 4993
5112 4994
5113 4995
5114 4996
5115 4997
5116 4998
5117 4999
5118 5000
5119 5001
5120 5002
5121 5003
5122 5004
5123 5005
5124 5006
5125 1427
5126 5007
5127 5008
5128 5009
5129 5010
5130 5011
5131 5012
5132 5013
5133 899
5134 5014
5135 5015
5136 5016
5137 5017
5138 5018
5139 5019
5140 5020
5141 5021
5142 5022
5143 5023
5144 5024
5145 5025
5146 5026
5147 5027
5148 5028
5149 5029
5150 5030
5151 5031
5152 5032
5153 5033
5154 5034
5155 5035
5156 5036
5157 5037
5158 5038
5159 5039
5160 5040
5161 5041
5162 5042
5163 5043
5164 5044
5165 5045
5166 5046
5167 5047
5168 5048
5169 5049
5170 5050
5171 5051
5172 5052
5173 5053
5174 5054
5175 5055
5176 5056
5177 5057
5178 5058
5179 5059
5180 5060
5181 5061
5182 5062
5183 5063
5184 5064
5185 5065
5186 5066
5187 5067
5188 5068
5189 5069
5190 5070
5191 5071
5192 5072
5193 5073
5194 5074
5195 5075
5196 5076
5197 5077
5198 5078
5199 5079
5200 5080
5201 5081
5202 5082
5203 5083
5204 5084
5205 5085
5206 5086
5207 5087
5208 5088
5209 5089
5210 5090
5211 5091
5212 5092
5213 5093
5214 5094
5215 5095
5216 5096
5217 5097
5218 5098
5219 5099
5220 5100
5221 5101
5222 5102
5223 5103
5224 5104
5225 5105
5226 5106
5227 5107
5228 5108
5229 5109
5230 5110
5231 5111
5232 5112
5233 5113
5234 5114
5235 5115
5236 5116
5237 5117
5238 5118
5239 5119
5240 5120
5241 5121
5242 5122
5243 5123
5244 5124
5245 5125
5246 5126
5247 5127
5248 5128
5249 1427
