0 0
1 1
2 2
3 3
4 4
5 5
6 6
7 7
8 8
9 9
10 10
11 11
12 12
13 13
14 14
15 15
16 16
17 17
18 18
19 19
20 20
21 21
22 22
23 23
24 3850
25 24
26 25
27 26
28 27
29 28
30 29
31 30
32 31
33 32
34 33
35 3850
36 34
37 35
38 4454
39 36
40 37
41 38
42 2460
43 39
44 40
45 41
46 42
47 43
48 44
49 45
50 46
51 47
52 48
53 49
54 50
55 51
56 52
57 53
58 54
59 55
60 56
61 57
62 58
63 59
64 60
65 61
66 62
67 63
68 64
69 65
70 66
71 67
72 68
73 69
74 70
75 71
76 72
77 73
78 74
79 75
80 76
81 77
82 78
83 79
84 80
85 81
86 82
87 3850
88 83
89 84
90 85
91 86
92 87
93 88
94 89
95 90
96 91
97 92
98 93
99 94
100 95
101 96
102 97
103 98
104 99
105 100
106 101
107 102
108 103
109 104
110 105
111 106
112 107
113 108
114 109
115 110
116 111
117 112
118 113
119 114
120 115
121 116
122 117
123 118
124 119
125 120
126 121
127 122
128 123
129 124
130 125
131 126
132 127
133 128
134 129
135 130
136 131
137 132
138 133
139 134
140 135
141 136
142 137
143 138
144 139
145 140
146 141
147 142
148 143
149 144
150 145
151 146
152 147
153 3850
154 148
155 149
156 150
157 151
158 152
159 153
160 154
161 155
162 156
163 157
164 158
165 159
166 160
167 161
168 162
169 163
170 3850
171 164
172 165
173 166
174 167
175 168
176 169
177 170
178 171
179 172
180 173
181 4454
182 174
183 175
184 176
185 177
186 178
187 179
188 180
189 181
190 182
191 183
192 184
193 185
194 186
195 187
196 188
197 189
198 190
199 191
200 192
201 193
202 194
203 195
204 196
205 197
206 198
207 199
208 200
209 2460
210 201
211 202
212 203
213 204
214 205
215 206
216 207
217 208
218 209
219 210
220 211
221 212
222 213
223 214
224 215
225 216
226 11
227 217
228 218
229 219
230 220
231 221
232 222
233 223
234 224
235 2460
236 225
237 226
238 227
239 228
240 229
241 230
242 231
243 232
244 233
245 234
246 235
247 236
248 237
249 238
250 239
251 240
252 241
253 242
254 243
255 244
256 245
257 246
258 247
259 248
260 249
261 250
262 251
263 252
264 253
265 254
266 255
267 256
268 257
269 258
270 259
271 260
272 261
273 262
274 263
275 2460
276 264
277 265
278 266
279 267
280 268
281 269
282 270
283 271
284 272
285 273
286 274
287 275
288 276
289 277
290 278
291 279
292 280
293 281
294 282
295 283
296 284
297 285
298 286
299 287
300 288
301 289
302 11
303 290
304 291
305 292
306 293
307 294
308 295
309 296
310 297
311 298
312 299
313 300
314 301
315 302
316 303
317 304
318 305
319 306
320 307
321 308
322 309
323 310
324 311
325 312
326 313
327 3850
328 314
329 315
330 316
331 317
332 318
333 319
334 320
335 321
336 322
337 323
338 324
339 325
340 326
341 327
342 328
343 329
344 330
345 331
346 332
347 333
348 334
349 335
350 336
351 337
352 338
353 339
354 340
355 341
356 342
357 343
358 344
359 345
360 346
361 347
362 348
363 349
364 350
365 351
366 352
367 353
368 354
369 355
370 356
371 357
372 358
373 359
374 360
375 361
376 362
377 363
378 364
379 365
380 366
381 367
382 368
383 369
384 370
385 371
386 372
387 373
388 374
389 375
390 376
391 377
392 378
393 379
394 380
395 381
396 382
397 383
398 384
399 385
400 386
401 387
402 388
403 389
404 390
405 391
406 392
407 393
408 394
409 395
410 396
411 397
412 398
413 399
414 400
415 401
416 402
417 403
418 404
419 405
420 406
421 407
422 408
423 409
424 410
425 411
426 412
427 413
428 414
429 415
430 416
431 417
432 418
433 419
434 420
435 421
436 422
437 423
438 424
439 425
440 426
441 427
442 428
443 429
444 430
445 431
446 432
447 433
448 434
449 435
450 436
451 437
452 438
453 439
454 440
455 441
456 442
457 4454
458 443
459 444
460 445
461 446
462 447
463 448
464 449
465 450
466 451
467 452
468 453
469 454
470 455
471 456
472 457
473 458
474 459
475 460
476 461
477 462
478 463
479 464
480 465
481 466
482 467
483 468
484 469
485 470
486 471
487 472
488 473
489 474
490 475
491 476
492 477
493 478
494 479
495 480
496 481
497 482
498 483
499 484
500 485
501 486
502 487
503 488
504 489
505 490
506 491
507 492
508 493
509 494
510 495
511 496
512 497
513 498
514 499
515 500
516 501
517 502
518 503
519 504
520 505
521 506
522 507
523 508
524 509
525 510
526 511
527 3850
528 512
529 513
530 514
531 515
532 516
533 517
534 518
535 519
536 520
537 521
538 522
539 523
540 524
541 525
542 526
543 527
544 528
545 529
546 530
547 531
548 532
549 533
550 534
551 535
552 536
553 537
554 538
555 539
556 540
557 541
558 542
559 543
560 544
561 545
562 546
563 547
564 548
565 549
566 550
567 551
568 552
569 553
570 3850
571 554
572 555
573 556
574 557
575 3850
576 558
577 559
578 560
579 561
580 562
581 563
582 564
583 565
584 566
585 567
586 568
587 569
588 570
589 571
590 572
591 573
592 574
593 575
594 576
595 577
596 578
597 579
598 580
599 581
600 582
601 583
602 584
603 585
604 586
605 587
606 588
607 589
608 590
609 591
610 592
611 593
612 594
613 595
614 596
615 597
616 598
617 599
618 600
619 601
620 602
621 603
622 604
623 605
624 606
625 607
626 608
627 609
628 610
629 611
630 612
631 613
632 614
633 615
634 616
635 617
636 618
637 619
638 620
639 621
640 622
641 623
642 624
643 625
644 626
645 627
646 628
647 629
648 4454
649 630
650 631
651 632
652 633
653 634
654 635
655 636
656 637
657 638
658 639
659 640
660 641
661 642
662 643
663 644
664 645
665 646
666 647
667 648
668 649
669 650
670 651
671 652
672 653
673 654
674 655
675 656
676 657
677 658
678 659
679 660
680 661
681 662
682 663
683 664
684 665
685 666
686 667
687 3850
688 668
689 669
690 670
691 671
692 672
693 673
694 674
695 675
696 676
697 677
698 678
699 679
700 680
701 681
702 682
703 683
704 684
705 685
706 686
707 687
708 688
709 689
710 690
711 691
712 692
713 693
714 694
715 695
716 696
717 697
718 698
719 699
720 700
721 701
722 702
723 703
724 704
725 705
726 706
727 707
728 708
729 709
730 710
731 711
732 712
733 713
734 714
735 715
736 716
737 717
738 718
739 719
740 720
741 721
742 722
743 723
744 724
745 725
746 726
747 727
748 728
749 729
750 730
751 731
752 732
753 733
754 734
755 735
756 736
757 737
758 738
759 739
760 740
761 741
762 742
763 743
764 744
765 745
766 746
767 747
768 748
769 749
770 750
771 751
772 752
773 753
774 754
775 755
776 756
777 757
778 758
779 759
780 760
781 761
782 762
783 763
784 764
785 765
786 766
787 767
788 768
789 769
790 770
791 771
792 772
793 773
794 774
795 775
796 776
797 777
798 778
799 779
800 780
801 781
802 782
803 783
804 784
805 785
806 786
807 787
808 4454
809 788
810 789
811 790
812 791
813 792
814 793
815 794
816 795
817 796
818 797
819 798
820 799
821 800
822 801
823 802
824 803
825 804
826 805
827 806
828 807
829 808
830 809
831 810
832 811
833 812
834 813
835 814
836 815
837 816
838 817
839 818
840 819
841 820
842 821
843 822
844 823
845 824
846 825
847 826
848 827
849 828
850 829
851 830
852 831
853 832
854 833
855 834
856 835
857 836
858 837
859 838
860 839
861 840
862 841
863 842
864 843
865 844
866 845
867 846
868 847
869 848
870 849
871 850
872 851
873 852
874 853
875 854
876 855
877 856
878 857
879 858
880 859
881 860
882 861
883 862
884 863
885 864
886 865
887 866
888 867
889 868
890 3850
891 869
892 870
893 871
894 872
895 873
896 874
897 875
898 876
899 877
900 878
901 879
902 880
903 881
904 882
905 883
906 884
907 885
908 886
909 887
910 888
911 889
912 890
913 891
914 892
915 893
916 894
917 895
918 896
919 897
920 898
921 899
922 900
923 901
924 902
925 903
926 904
927 905
928 906
929 907
930 908
931 909
932 910
933 4454
934 911
935 912
936 913
937 914
938 4454
939 915
940 916
941 917
942 918
943 919
944 920
945 921
946 922
947 923
948 924
949 925
950 926
951 927
952 928
953 929
954 930
955 931
956 932
957 933
958 934
959 935
960 936
961 937
962 938
963 939
964 940
965 941
966 942
967 943
968 944
969 945
970 946
971 947
972 948
973 949
974 950
975 951
976 952
977 953
978 954
979 955
980 956
981 957
982 958
983 959
984 960
985 961
986 962
987 963
988 964
989 965
990 966
991 967
992 968
993 969
994 970
995 971
996 972
997 973
998 974
999 975
1000 976
1001 977
1002 978
1003 2460
1004 3850
1005 979
1006 980
1007 981
1008 982
1009 983
1010 984
1011 985
1012 986
1013 987
1014 988
1015 2460
1016 989
1017 990
1018 2460
1019 991
1020 992
1021 993
1022 994
1023 995
1024 996
1025 997
1026 998
1027 999
1028 1000
1029 1001
1030 1002
1031 1003
1032 1004
1033 1005
1034 1006
1035 4454
1036 1007
1037 1008
1038 1009
1039 1010
1040 1011
1041 1012
1042 1013
1043 1014
1044 1015
1045 1016
1046 1017
1047 1018
1048 1019
1049 1020
1050 1021
1051 1022
1052 1023
1053 1024
1054 1025
1055 1026
1056 1027
1057 1028
1058 1029
1059 1030
1060 1031
1061 1032
1062 1033
1063 1034
1064 1035
1065 1036
1066 1037
1067 1038
1068 1039
1069 1040
1070 1041
1071 1042
1072 1043
1073 1044
1074 1045
1075 1046
1076 1047
1077 1048
1078 1049
1079 1050
1080 1051
1081 1052
1082 1053
1083 1054
1084 1055
1085 1056
1086 1057
1087 1058
1088 1059
1089 1060
1090 1061
1091 1062
1092 1063
1093 1064
1094 1065
1095 1066
1096 2460
1097 1067
1098 1068
1099 1069
1100 1070
1101 1071
1102 1072
1103 1073
1104 1074
1105 1075
1106 1076
1107 1077
1108 1078
1109 1079
1110 1080
1111 1081
1112 1082
1113 1083
1114 1084
1115 1085
1116 1086
1117 1087
1118 1088
1119 1089
1120 1090
1121 1091
1122 1092
1123 1093
1124 1094
1125 1095
1126 1096
1127 1097
1128 1098
1129 1099
1130 1100
1131 1101
1132 1102
1133 1103
1134 1104
1135 1105
1136 1106
1137 1107
1138 1108
1139 1109
1140 1110
1141 1111
1142 1112
1143 1113
1144 1114
1145 1115
1146 1116
1147 1117
1148 1118
1149 1119
1150 1120
1151 1121
1152 328
1153 1122
1154 1123
1155 1124
1156 1125
1157 1126
1158 1127
1159 1128
1160 1129
1161 1130
1162 1131
1163 1132
1164 1133
1165 1134
1166 1135
1167 1136
1168 1137
1169 1138
1170 1139
1171 11
1172 1140
1173 1141
1174 1142
1175 1143
1176 1144
1177 1145
1178 1146
1179 1147
1180 1148
1181 1149
1182 1150
1183 1151
1184 1152
1185 1153
1186 1154
1187 1155
1188 1156
1189 1157
1190 1158
1191 1159
1192 1160
1193 1161
1194 1162
1195 1163
1196 1164
1197 1165
1198 1166
1199 1167
1200 1168
1201 1169
1202 1170
1203 1171
1204 1172
1205 1173
1206 1174
1207 1175
1208 1176
1209 1177
1210 1178
1211 1179
1212 1180
1213 1181
1214 1182
1215 1183
1216 1184
1217 1185
1218 1186
1219 1187
1220 1188
1221 1189
1222 1190
1223 1191
1224 1192
1225 1193
1226 1194
1227 1195
1228 1196
1229 1197
1230 1198
1231 1199
1232 1200
1233 1201
1234 1202
1235 1203
1236 1204
1237 1205
1238 1206
1239 1207
1240 1208
1241 1209
1242 1210
1243 1211
1244 1212
1245 1213
1246 1214
1247 1215
1248 1216
1249 2460
1250 1217
1251 1218
1252 1219
1253 1220
1254 1221
1255 1222
1256 1223
1257 1224
1258 4454
1259 1225
1260 1226
1261 2460
1262 1227
1263 1228
1264 1229
1265 1230
1266 1231
1267 1232
1268 1233
1269 1234
1270 1235
1271 1236
1272 1237
1273 1238
1274 1239
1275 1240
1276 1241
1277 1242
1278 1243
1279 1244
1280 1245
1281 1246
1282 1247
1283 1248
1284 1249
1285 1250
1286 1251
1287 1252
1288 1253
1289 1254
1290 1255
1291 2460
1292 1256
1293 1257
1294 1258
1295 1259
1296 1260
1297 1261
1298 1262
1299 1263
1300 1264
1301 1265
1302 1266
1303 1267
1304 1268
1305 1269
1306 2460
1307 1270
1308 1271
1309 1272
1310 1273
1311 1274
1312 1275
1313 1276
1314 1277
1315 1278
1316 1279
1317 1280
1318 1281
1319 1282
1320 1283
1321 1284
1322 1285
1323 2460
1324 1286
1325 1287
1326 1288
1327 1289
1328 1290
1329 1291
1330 1292
1331 1293
1332 1294
1333 1295
1334 1296
1335 1297
1336 1298
1337 1299
1338 1300
1339 1301
1340 1302
1341 1303
1342 1304
1343 1305
1344 1306
1345 1307
1346 1308
1347 1309
1348 1310
1349 1311
1350 4454
1351 1312
1352 1313
1353 1314
1354 1315
1355 1316
1356 1317
1357 1318
1358 1319
1359 1320
1360 1321
1361 1322
1362 1323
1363 1324
1364 1325
1365 1326
1366 1327
1367 1328
1368 1329
1369 3850
1370 1330
1371 1331
1372 1332
1373 1333
1374 1334
1375 1335
1376 1336
1377 1337
1378 1338
1379 1339
1380 1340
1381 1341
1382 1342
1383 1343
1384 1344
1385 1345
1386 1346
1387 1347
1388 1348
1389 1349
1390 1350
1391 1351
1392 1352
1393 1353
1394 1354
1395 1355
1396 1356
1397 1357
1398 1358
1399 1359
1400 1360
1401 1361
1402 1362
1403 1363
1404 1364
1405 1365
1406 1366
1407 1367
1408 1368
1409 1369
1410 1370
1411 1371
1412 1372
1413 1373
1414 1374
1415 1375
1416 1376
1417 1377
1418 1378
1419 1379
1420 1380
1421 1381
1422 1382
1423 2460
1424 1383
1425 1384
1426 1385
1427 1386
1428 1387
1429 1388
1430 1389
1431 1390
1432 1391
1433 1392
1434 1393
1435 1394
1436 1395
1437 1396
1438 1397
1439 1398
1440 1399
1441 1400
1442 1401
1443 1402
1444 1403
1445 1404
1446 1405
1447 1406
1448 1407
1449 1408
1450 1409
1451 1410
1452 1411
1453 1412
1454 1413
1455 1414
1456 1415
1457 1416
1458 1417
1459 1418
1460 1419
1461 1420
1462 3850
1463 1421
1464 1422
1465 1423
1466 1424
1467 1425
1468 1426
1469 1427
1470 1428
1471 1429
1472 1430
1473 1431
1474 1432
1475 1433
1476 1434
1477 1435
1478 1436
1479 1437
1480 3850
1481 1438
1482 1439
1483 1440
1484 1441
1485 1442
1486 1443
1487 1444
1488 1445
1489 1446
1490 1447
1491 1448
1492 1449
1493 1450
1494 1451
1495 1452
1496 1453
1497 1454
1498 1455
1499 1456
1500 1457
1501 1458
1502 1459
1503 1460
1504 1461
1505 1462
1506 1463
1507 1464
1508 1465
1509 1466
1510 1467
1511 1468
1512 1469
1513 1470
1514 1471
1515 1472
1516 1473
1517 1474
1518 1475
1519 1476
1520 4454
1521 1477
1522 1478
1523 1479
1524 1480
1525 1481
1526 1482
1527 1483
1528 1484
1529 1485
1530 4454
1531 1486
1532 1487
1533 1488
1534 1489
1535 1490
1536 1491
1537 1492
1538 1493
1539 1494
1540 1495
1541 1496
1542 1497
1543 1498
1544 1499
1545 1500
1546 1501
1547 1502
1548 1503
1549 1504
1550 1505
1551 1506
1552 1507
1553 3850
1554 1508
1555 1509
1556 1510
1557 1511
1558 1512
1559 1513
1560 1514
1561 1515
1562 1516
1563 1517
1564 1518
1565 1519
1566 1520
1567 1521
1568 1522
1569 1523
1570 1524
1571 1525
1572 1526
1573 1527
1574 1528
1575 1529
1576 1530
1577 1531
1578 1532
1579 1533
1580 1534
1581 1535
1582 1536
1583 1537
1584 1538
1585 1539
1586 1540
1587 1541
1588 1542
1589 1543
1590 1544
1591 1545
1592 1546
1593 1547
1594 1548
1595 1549
1596 1550
1597 328
1598 1551
1599 1552
1600 1553
1601 1554
1602 1555
1603 1556
1604 1557
1605 1558
1606 1559
1607 1560
1608 1561
1609 1562
1610 1563
1611 1564
1612 1565
1613 1566
1614 1567
1615 1568
1616 1569
1617 1570
1618 1571
1619 1572
1620 1573
1621 1574
1622 1575
1623 1576
1624 1577
1625 1578
1626 1579
1627 1580
1628 1581
1629 1582
1630 1583
1631 1584
1632 1585
1633 1586
1634 1587
1635 1588
1636 1589
1637 1590
1638 1591
1639 1592
1640 1593
1641 1594
1642 1595
1643 1596
1644 1597
1645 1598
1646 1599
1647 1600
1648 1601
1649 1602
1650 1603
1651 1604
1652 1605
1653 1606
1654 1607
1655 1608
1656 1609
1657 1610
1658 1611
1659 1612
1660 1613
1661 1614
1662 1615
1663 1616
1664 1617
1665 1618
1666 1619
1667 1620
1668 1621
1669 1622
1670 1623
1671 1624
1672 1625
1673 1626
1674 1627
1675 1628
1676 1629
1677 1630
1678 1631
1679 1632
1680 1633
1681 1634
1682 1635
1683 1636
1684 1637
1685 1638
1686 1639
1687 1640
1688 1641
1689 1642
1690 1643
1691 1644
1692 1645
1693 1646
1694 3850
1695 2460
1696 1647
1697 1648
1698 1649
1699 1650
1700 1651
1701 1652
1702 1653
1703 1654
1704 1655
1705 1656
1706 1657
1707 1658
1708 1659
1709 1660
1710 1661
1711 1662
1712 1663
1713 1664
1714 4454
1715 1665
1716 1666
1717 1667
1718 1668
1719 1669
1720 1670
1721 1671
1722 1672
1723 1673
1724 1674
1725 1675
1726 1676
1727 1677
1728 1678
1729 1679
1730 1680
1731 1681
1732 1682
1733 1683
1734 1684
1735 1685
1736 1686
1737 1687
1738 1688
1739 1689
1740 1690
1741 1691
1742 1692
1743 1693
1744 1694
1745 1695
1746 1696
1747 1697
1748 1698
1749 1699
1750 1700
1751 1701
1752 1702
1753 1703
1754 1704
1755 1705
1756 1706
1757 1707
1758 1708
1759 1709
1760 1710
1761 1711
1762 1712
1763 1713
1764 1714
1765 1715
1766 1716
1767 1717
1768 1718
1769 1719
1770 1720
1771 1721
1772 1722
1773 1723
1774 1724
1775 1725
1776 1726
1777 1727
1778 1728
1779 1729
1780 1730
1781 1731
1782 1732
1783 1733
1784 1734
1785 1735
1786 2460
1787 1736
1788 1737
1789 1738
1790 1739
1791 1740
1792 1741
1793 1742
1794 1743
1795 1744
1796 1745
1797 1746
1798 1747
1799 1748
1800 1749
1801 1750
1802 1751
1803 1752
1804 2460
1805 1753
1806 1754
1807 1755
1808 1756
1809 1757
1810 1758
1811 1759
1812 1760
1813 1761
1814 1762
1815 1763
1816 1764
1817 1765
1818 1766
1819 1767
1820 1768
1821 3850
1822 1769
1823 1770
1824 1771
1825 1772
1826 1773
1827 1774
1828 1775
1829 1776
1830 1777
1831 1778
1832 1779
1833 1780
1834 1781
1835 1782
1836 1783
1837 1784
1838 1785
1839 1786
1840 1787
1841 1788
1842 1789
1843 1790
1844 1791
1845 3850
1846 1792
1847 1793
1848 1794
1849 1795
1850 1796
1851 1797
1852 1798
1853 1799
1854 1800
1855 1801
1856 1802
1857 1803
1858 1804
1859 1805
1860 1806
1861 1807
1862 1808
1863 1809
1864 1810
1865 1811
1866 1812
1867 1813
1868 1814
1869 1815
1870 1816
1871 1817
1872 1818
1873 1819
1874 1820
1875 1821
1876 1822
1877 1823
1878 1824
1879 1825
1880 1826
1881 1827
1882 1828
1883 1829
1884 1830
1885 1831
1886 1832
1887 1833
1888 1834
1889 1835
1890 1836
1891 1837
1892 1838
1893 1839
1894 1840
1895 1841
1896 1842
1897 1843
1898 1844
1899 1845
1900 1846
1901 1847
1902 1848
1903 1849
1904 1850
1905 1851
1906 1852
1907 1853
1908 1854
1909 1855
1910 1856
1911 1857
1912 1858
1913 1859
1914 1860
1915 1861
1916 1862
1917 1863
1918 1864
1919 1865
1920 1866
1921 1867
1922 1868
1923 1869
1924 1870
1925 1871
1926 1872
1927 1873
1928 1874
1929 1875
1930 1876
1931 1877
1932 1878
1933 1879
1934 1880
1935 1881
1936 1882
1937 1883
1938 1884
1939 1885
1940 1886
1941 1887
1942 1888
1943 2460
1944 1889
1945 2460
1946 4454
1947 1890
1948 1891
1949 1892
1950 1893
1951 1894
1952 1895
1953 1896
1954 1897
1955 1898
1956 1899
1957 1900
1958 1901
1959 1902
1960 1903
1961 1904
1962 1905
1963 1906
1964 1907
1965 1908
1966 1909
1967 1910
1968 1911
1969 1912
1970 1913
1971 1914
1972 1915
1973 1916
1974 1917
1975 1918
1976 1919
1977 1920
1978 1921
1979 1922
1980 1923
1981 1924
1982 1925
1983 1926
1984 1927
1985 1928
1986 1929
1987 1930
1988 1931
1989 1932
1990 1933
1991 1934
1992 1935
1993 1936
1994 1937
1995 1938
1996 1939
1997 1940
1998 1941
1999 1942
2000 1943
2001 1944
2002 1945
2003 1946
2004 1947
2005 1948
2006 1949
2007 1950
2008 1951
2009 1952
2010 3850
2011 1953
2012 1954
2013 1955
2014 1956
2015 1957
2016 1958
2017 1959
2018 1960
2019 1961
2020 1962
2021 1963
2022 1964
2023 1965
2024 1966
2025 1967
2026 1968
2027 1969
2028 1970
2029 1971
2030 1972
2031 1973
2032 1974
2033 1975
2034 1976
2035 1977
2036 1978
2037 1979
2038 1980
2039 1981
2040 1982
2041 1983
2042 1984
2043 1985
2044 1986
2045 1987
2046 1988
2047 1989
2048 1990
2049 1991
2050 1992
2051 1993
2052 1994
2053 1995
2054 1996
2055 1997
2056 1998
2057 1999
2058 2000
2059 2001
2060 2002
2061 2003
2062 2004
2063 2005
2064 2006
2065 2007
2066 2008
2067 2009
2068 2010
2069 2011
2070 2012
2071 4454
2072 2013
2073 2014
2074 2015
2075 2016
2076 2017
2077 2018
2078 2019
2079 2020
2080 2021
2081 2022
2082 2023
2083 2024
2084 2025
2085 2026
2086 2027
2087 2028
2088 2029
2089 2030
2090 2031
2091 2032
2092 2033
2093 2034
2094 2035
2095 2036
2096 2037
2097 2038
2098 2039
2099 2040
2100 2041
2101 2042
2102 2043
2103 2044
2104 2045
2105 2046
2106 2047
2107 3850
2108 2048
2109 2049
2110 2050
2111 2051
2112 2052
2113 2053
2114 2054
2115 2055
2116 2056
2117 2057
2118 2058
2119 2059
2120 2060
2121 2061
2122 2062
2123 2063
2124 2064
2125 2065
2126 2066
2127 2067
2128 2068
2129 2069
2130 2070
2131 2071
2132 2072
2133 2073
2134 2074
2135 2075
2136 2076
2137 2460
2138 2077
2139 2078
2140 3850
2141 2079
2142 2080
2143 2081
2144 2082
2145 2083
2146 2084
2147 2085
2148 2086
2149 2087
2150 2088
2151 2089
2152 2090
2153 2091
2154 2092
2155 2093
2156 2094
2157 2095
2158 2096
2159 2097
2160 2098
2161 2099
2162 2100
2163 2101
2164 2102
2165 2103
2166 2104
2167 2105
2168 2106
2169 2107
2170 2108
2171 2109
2172 2110
2173 2111
2174 2112
2175 2113
2176 2114
2177 2115
2178 2116
2179 2117
2180 2118
2181 2119
2182 2120
2183 2121
2184 2122
2185 2123
2186 2124
2187 2125
2188 2126
2189 2127
2190 2128
2191 2129
2192 2130
2193 2131
2194 2132
2195 2133
2196 2134
2197 2135
2198 2136
2199 2137
2200 2138
2201 2139
2202 2140
2203 2141
2204 2142
2205 2143
2206 2144
2207 2145
2208 2146
2209 2147
2210 2148
2211 2149
2212 2150
2213 2151
2214 2152
2215 2153
2216 2154
2217 2155
2218 2156
2219 2157
2220 2158
2221 2159
2222 2160
2223 2161
2224 2162
2225 2163
2226 2164
2227 2165
2228 2166
2229 2167
2230 2168
2231 2169
2232 2170
2233 2171
2234 2172
2235 2173
2236 2174
2237 2175
2238 2176
2239 2460
2240 2177
2241 2178
2242 2179
2243 2180
2244 2181
2245 2182
2246 2183
2247 2184
2248 2185
2249 2186
2250 2187
2251 2188
2252 2189
2253 2190
2254 2191
2255 2192
2256 2193
2257 2194
2258 2195
2259 2196
2260 2197
2261 2198
2262 2199
2263 2200
2264 2201
2265 2202
2266 2203
2267 2204
2268 2205
2269 2206
2270 2207
2271 2208
2272 2209
2273 2210
2274 2211
2275 2212
2276 2213
2277 2214
2278 2215
2279 2216
2280 2217
2281 2218
2282 2219
2283 2220
2284 2221
2285 2222
2286 2223
2287 2224
2288 2225
2289 2226
2290 2227
2291 2228
2292 2229
2293 2230
2294 2231
2295 2232
2296 2460
2297 2233
2298 2234
2299 2235
2300 2236
2301 2237
2302 2238
2303 2239
2304 2240
2305 2241
2306 2242
2307 2243
2308 2244
2309 2245
2310 2246
2311 2247
2312 2248
2313 2249
2314 2460
2315 2250
2316 2251
2317 2252
2318 2253
2319 2254
2320 2255
2321 2256
2322 2257
2323 2258
2324 2259
2325 2260
2326 2261
2327 2262
2328 2263
2329 2264
2330 2265
2331 2266
2332 2267
2333 2268
2334 2269
2335 2270
2336 2271
2337 2272
2338 2273
2339 2274
2340 2275
2341 2276
2342 2277
2343 2278
2344 2279
2345 2280
2346 2460
2347 2281
2348 2282
2349 2283
2350 2284
2351 2285
2352 2286
2353 2287
2354 2288
2355 2289
2356 2290
2357 2291
2358 2292
2359 2293
2360 2294
2361 2295
2362 2296
2363 2297
2364 2298
2365 2299
2366 2300
2367 2301
2368 2302
2369 2303
2370 2304
2371 2305
2372 2306
2373 2307
2374 2308
2375 2309
2376 2310
2377 2311
2378 2312
2379 2313
2380 2314
2381 2315
2382 2316
2383 2317
2384 2318
2385 2319
2386 2320
2387 2321
2388 2322
2389 2323
2390 2324
2391 2325
2392 2326
2393 2327
2394 2328
2395 2329
2396 2330
2397 2331
2398 2332
2399 2333
2400 2334
2401 2335
2402 2336
2403 2337
2404 2338
2405 2339
2406 2340
2407 2341
2408 2342
2409 2343
2410 2344
2411 2345
2412 2346
2413 2347
2414 2348
2415 2349
2416 2350
2417 2351
2418 2352
2419 2353
2420 2354
2421 2355
2422 2356
2423 2357
2424 2358
2425 2359
2426 2360
2427 2361
2428 2362
2429 2363
2430 2364
2431 2365
2432 2366
2433 2367
2434 3850
2435 2368
2436 2369
2437 2370
2438 2371
2439 2372
2440 2373
2441 2374
2442 2375
2443 2376
2444 2377
2445 2378
2446 2379
2447 2380
2448 2381
2449 2382
2450 2383
2451 2384
2452 2385
2453 2386
2454 4454
2455 2387
2456 2388
2457 2389
2458 2390
2459 2391
2460 2392
2461 2393
2462 2394
2463 2395
2464 2396
2465 2397
2466 2398
2467 2399
2468 2400
2469 2401
2470 2402
2471 2403
2472 2404
2473 2405
2474 2406
2475 2407
2476 2408
2477 2409
2478 2410
2479 2411
2480 2412
2481 2413
2482 2414
2483 2415
2484 2416
2485 2417
2486 2418
2487 2419
2488 2420
2489 2421
2490 2422
2491 2423
2492 328
2493 2424
2494 2425
2495 2426
2496 2427
2497 2428
2498 2429
2499 2430
2500 2431
2501 2432
2502 2433
2503 2434
2504 2435
2505 2436
2506 2437
2507 2438
2508 3850
2509 2439
2510 2440
2511 2441
2512 2442
2513 3850
2514 2443
2515 2444
2516 2445
2517 2446
2518 2447
2519 2448
2520 2449
2521 2450
2522 2451
2523 2452
2524 2453
2525 2454
2526 2455
2527 2456
2528 2457
2529 2458
2530 2459
2531 2460
2532 2461
2533 2462
2534 2463
2535 2464
2536 2465
2537 2466
2538 2467
2539 2468
2540 2469
2541 2470
2542 2471
2543 2472
2544 2473
2545 2474
2546 2475
2547 2476
2548 2477
2549 2478
2550 2479
2551 2480
2552 2481
2553 2482
2554 2483
2555 2484
2556 2485
2557 2486
2558 2487
2559 2488
2560 2489
2561 2490
2562 2491
2563 2492
2564 2493
2565 2494
2566 2495
2567 2496
2568 2460
2569 2497
2570 2498
2571 11
2572 2499
2573 2500
2574 2501
2575 2502
2576 2460
2577 2503
2578 2504
2579 2505
2580 2506
2581 2507
2582 2508
2583 2509
2584 2510
2585 2511
2586 2512
2587 2513
2588 2514
2589 2515
2590 2516
2591 2517
2592 2518
2593 2519
2594 2520
2595 2521
2596 2522
2597 2523
2598 2524
2599 2525
2600 2526
2601 2527
2602 2528
2603 2529
2604 2530
2605 2531
2606 2532
2607 2533
2608 2534
2609 2535
2610 2536
2611 2537
2612 2538
2613 2539
2614 2540
2615 2541
2616 2542
2617 2543
2618 2544
2619 2545
2620 2546
2621 2547
2622 2548
2623 2549
2624 2550
2625 2551
2626 2552
2627 2553
2628 2554
2629 2555
2630 2556
2631 2557
2632 2558
2633 2559
2634 3850
2635 2560
2636 2561
2637 2562
2638 2563
2639 2564
2640 2565
2641 2566
2642 2567
2643 2568
2644 2569
2645 2570
2646 2571
2647 2572
2648 2573
2649 2574
2650 2575
2651 2576
2652 2577
2653 2578
2654 2579
2655 2580
2656 2581
2657 2582
2658 2583
2659 2584
2660 2585
2661 2586
2662 2587
2663 2588
2664 2589
2665 2590
2666 2591
2667 2592
2668 2593
2669 2594
2670 2595
2671 2596
2672 2597
2673 2598
2674 2599
2675 2600
2676 2601
2677 2602
2678 2603
2679 2604
2680 2605
2681 2606
2682 2607
2683 2608
2684 2609
2685 2610
2686 2611
2687 2612
2688 2613
2689 2614
2690 2615
2691 2616
2692 2617
2693 2618
2694 2619
2695 2620
2696 2621
2697 2622
2698 2623
2699 2624
2700 2625
2701 2626
2702 2627
2703 2628
2704 2629
2705 2630
2706 2631
2707 2632
2708 2633
2709 2634
2710 2635
2711 2636
2712 2637
2713 2638
2714 2639
2715 2640
2716 2641
2717 2642
2718 2643
2719 2644
2720 2645
2721 2646
2722 2647
2723 2648
2724 2649
2725 2650
2726 2651
2727 2652
2728 2653
2729 2654
2730 2655
2731 2656
2732 2657
2733 2658
2734 2659
2735 2660
2736 2661
2737 2662
2738 2663
2739 2664
2740 2665
2741 2666
2742 2667
2743 2668
2744 2669
2745 2670
2746 2671
2747 2672
2748 2673
2749 2674
2750 2675
2751 2676
2752 2677
2753 2678
2754 2679
2755 2680
2756 2681
2757 2682
2758 2683
2759 2684
2760 2685
2761 2686
2762 2687
2763 2688
2764 2689
2765 2690
2766 2691
2767 2692
2768 2693
2769 2694
2770 2695
2771 2696
2772 2697
2773 2698
2774 2699
2775 2700
2776 2701
2777 2702
2778 2703
2779 2704
2780 2705
2781 2706
2782 2707
2783 2708
2784 2709
2785 2710
2786 2711
2787 2712
2788 2713
2789 2714
2790 2715
2791 2716
2792 2717
2793 2718
2794 2719
2795 2720
2796 2721
2797 2722
2798 2723
2799 2724
2800 2725
2801 2726
2802 2727
2803 2728
2804 2729
2805 2730
2806 2731
2807 2732
2808 2733
2809 2734
2810 2735
2811 2736
2812 2737
2813 2738
2814 2739
2815 2740
2816 2741
2817 2742
2818 2743
2819 2744
2820 2745
2821 2746
2822 2747
2823 2748
2824 2749
2825 2750
2826 2751
2827 2752
2828 2753
2829 2754
2830 2755
2831 2756
2832 2757
2833 2758
2834 2759
2835 2760
2836 2761
2837 2762
2838 2763
2839 2764
2840 2765
2841 2766
2842 2767
2843 2768
2844 2769
2845 2770
2846 2771
2847 2772
2848 2773
2849 2774
2850 2775
2851 2776
2852 2777
2853 2778
2854 2779
2855 2780
2856 2781
2857 2782
2858 2783
2859 2784
2860 2785
2861 2786
2862 2787
2863 2788
2864 2789
2865 2790
2866 2791
2867 2792
2868 2793
2869 2794
2870 2795
2871 2796
2872 2460
2873 2797
2874 2798
2875 2799
2876 2800
2877 2801
2878 2802
2879 2803
2880 2804
2881 3850
2882 2805
2883 2806
2884 2807
2885 2808
2886 2809
2887 2810
2888 2811
2889 2812
2890 2813
2891 2814
2892 2815
2893 2816
2894 2817
2895 2818
2896 2819
2897 2820
2898 2821
2899 2822
2900 2823
2901 2824
2902 2825
2903 2826
2904 2827
2905 2828
2906 2829
2907 2830
2908 2831
2909 2832
2910 2833
2911 2834
2912 2835
2913 2836
2914 2837
2915 2838
2916 2839
2917 2840
2918 2841
2919 2842
2920 2843
2921 2844
2922 2845
2923 2846
2924 2847
2925 2848
2926 2849
2927 3850
2928 2850
2929 2851
2930 2852
2931 2853
2932 2854
2933 2855
2934 2856
2935 2857
2936 2460
2937 2858
2938 2859
2939 2860
2940 2861
2941 2862
2942 2863
2943 2864
2944 2865
2945 2866
2946 2867
2947 2868
2948 2869
2949 2870
2950 2460
2951 2871
2952 2872
2953 2873
2954 2874
2955 2875
2956 2876
2957 2877
2958 2878
2959 2879
2960 2880
2961 2881
2962 2882
2963 2883
2964 2884
2965 2885
2966 2886
2967 2887
2968 2888
2969 2889
2970 2890
2971 2891
2972 2892
2973 2893
2974 2894
2975 2895
2976 2896
2977 2897
2978 2898
2979 2899
2980 4454
2981 2900
2982 2901
2983 2902
2984 2903
2985 2904
2986 2905
2987 2906
2988 2907
2989 2908
2990 2909
2991 2910
2992 2911
2993 2912
2994 2913
2995 2914
2996 2915
2997 2916
2998 2917
2999 2918
3000 2919
3001 2920
3002 2921
3003 2922
3004 2923
3005 2924
3006 2925
3007 2926
3008 2927
3009 2928
3010 2929
3011 2930
3012 2931
3013 2932
3014 2933
3015 2934
3016 2935
3017 2936
3018 2937
3019 2938
3020 4454
3021 2939
3022 2940
3023 2941
3024 2942
3025 2943
3026 2944
3027 2945
3028 2946
3029 2947
3030 2948
3031 2949
3032 2950
3033 2951
3034 2952
3035 2953
3036 2954
3037 2955
3038 2956
3039 2957
3040 2958
3041 2959
3042 2960
3043 2961
3044 2962
3045 2963
3046 2964
3047 2965
3048 2966
3049 2967
3050 2968
3051 2969
3052 2970
3053 2971
3054 2972
3055 2973
3056 2974
3057 2975
3058 2976
3059 2977
3060 2978
3061 2979
3062 2980
3063 2981
3064 2982
3065 2983
3066 2984
3067 2985
3068 2986
3069 2987
3070 2988
3071 2989
3072 2990
3073 2991
3074 2992
3075 2993
3076 2994
3077 3850
3078 2995
3079 2996
3080 2997
3081 2998
3082 2999
3083 3000
3084 3001
3085 3002
3086 3003
3087 3004
3088 3005
3089 3006
3090 3007
3091 3008
3092 3009
3093 3010
3094 3011
3095 3012
3096 3013
3097 3014
3098 3015
3099 3016
3100 3017
3101 3018
3102 3019
3103 3020
3104 3021
3105 3022
3106 3023
3107 3024
3108 3025
3109 3026
3110 3027
3111 2460
3112 3028
3113 3029
3114 3030
3115 3031
3116 3032
3117 3033
3118 3034
3119 3035
3120 3036
3121 3037
3122 3038
3123 2460
3124 3039
3125 3040
3126 3041
3127 3042
3128 3043
3129 3044
3130 3045
3131 2460
3132 3046
3133 3047
3134 3048
3135 3049
3136 3050
3137 3051
3138 3052
3139 3053
3140 3054
3141 3055
3142 3056
3143 3057
3144 3058
3145 3059
3146 3060
3147 3061
3148 3062
3149 3063
3150 3064
3151 3065
3152 3066
3153 3067
3154 3068
3155 3069
3156 3070
3157 3071
3158 3072
3159 3073
3160 3074
3161 3075
3162 3076
3163 3077
3164 3078
3165 3079
3166 3080
3167 3081
3168 4454
3169 3082
3170 3083
3171 3084
3172 3085
3173 3086
3174 3087
3175 3088
3176 4454
3177 3089
3178 3090
3179 3091
3180 3092
3181 3093
3182 3094
3183 3095
3184 3096
3185 3097
3186 3098
3187 3099
3188 3100
3189 3101
3190 3102
3191 3103
3192 4454
3193 3104
3194 3105
3195 3106
3196 3107
3197 3108
3198 3109
3199 3110
3200 3111
3201 3112
3202 3113
3203 3114
3204 3115
3205 3116
3206 3117
3207 3118
3208 3119
3209 3120
3210 3121
3211 3122
3212 3123
3213 3124
3214 3125
3215 3126
3216 3127
3217 3128
3218 3129
3219 3130
3220 3131
3221 3132
3222 3133
3223 3134
3224 3135
3225 3136
3226 3137
3227 3138
3228 3139
3229 3140
3230 3141
3231 3142
3232 3143
3233 3144
3234 3145
3235 3146
3236 3147
3237 3148
3238 3149
3239 3150
3240 3151
3241 3152
3242 3153
3243 3154
3244 3155
3245 3156
3246 3157
3247 3158
3248 3159
3249 3160
3250 3161
3251 3162
3252 3163
3253 3164
3254 3165
3255 3166
3256 3167
3257 3168
3258 3169
3259 3170
3260 3171
3261 3172
3262 3850
3263 3173
3264 3174
3265 3175
3266 3176
3267 3177
3268 3178
3269 3179
3270 3180
3271 3181
3272 3182
3273 3183
3274 3184
3275 3185
3276 3186
3277 3187
3278 3188
3279 3189
3280 3190
3281 4454
3282 3191
3283 3192
3284 3193
3285 3194
3286 3195
3287 3196
3288 3197
3289 3198
3290 3199
3291 3200
3292 3201
3293 3202
3294 3203
3295 3204
3296 3205
3297 3206
3298 3207
3299 3208
3300 3209
3301 3210
3302 3211
3303 3212
3304 3213
3305 3214
3306 3215
3307 3216
3308 3217
3309 3218
3310 3219
3311 3220
3312 3221
3313 3222
3314 3223
3315 3224
3316 3225
3317 3226
3318 3227
3319 3228
3320 3229
3321 3230
3322 3231
3323 3232
3324 3233
3325 3234
3326 3235
3327 3236
3328 3237
3329 3238
3330 3239
3331 3240
3332 3241
3333 3242
3334 3243
3335 3244
3336 3245
3337 3246
3338 3247
3339 3248
3340 3249
3341 3250
3342 3251
3343 3252
3344 3253
3345 3254
3346 3255
3347 3256
3348 3257
3349 3258
3350 3259
3351 3260
3352 3261
3353 3262
3354 3263
3355 3264
3356 3265
3357 3266
3358 3267
3359 3268
3360 3269
3361 3270
3362 3271
3363 3272
3364 3273
3365 3274
3366 3275
3367 3276
3368 3277
3369 3278
3370 3279
3371 3280
3372 3281
3373 3282
3374 3283
3375 3284
3376 3285
3377 3286
3378 3287
3379 3288
3380 3289
3381 3290
3382 3291
3383 3292
3384 3293
3385 3294
3386 3295
3387 3296
3388 3297
3389 3298
3390 3299
3391 3300
3392 3301
3393 3302
3394 3303
3395 3304
3396 3305
3397 3306
3398 3307
3399 3308
3400 3309
3401 3310
3402 3311
3403 3312
3404 3313
3405 3314
3406 3315
3407 3316
3408 3317
3409 3318
3410 4454
3411 3319
3412 3320
3413 3321
3414 3322
3415 3323
3416 4454
3417 3324
3418 3325
3419 3326
3420 3327
3421 3328
3422 3329
3423 3330
3424 3331
3425 3332
3426 3333
3427 3334
3428 3335
3429 3336
3430 3337
3431 3338
3432 3339
3433 3340
3434 3341
3435 3342
3436 3343
3437 3344
3438 3850
3439 3345
3440 3346
3441 3347
3442 3348
3443 3349
3444 3350
3445 3351
3446 3352
3447 3353
3448 3354
3449 3355
3450 3356
3451 3357
3452 3358
3453 3359
3454 3360
3455 3361
3456 3362
3457 3363
3458 3364
3459 3365
3460 3366
3461 3367
3462 3368
3463 2460
3464 3369
3465 3370
3466 3371
3467 3372
3468 3373
3469 3374
3470 3375
3471 3376
3472 3377
3473 3378
3474 3379
3475 3380
3476 3381
3477 3382
3478 3383
3479 3384
3480 3385
3481 3386
3482 3387
3483 3388
3484 3389
3485 3390
3486 3391
3487 3392
3488 3393
3489 3394
3490 3850
3491 3395
3492 3396
3493 3397
3494 3398
3495 3399
3496 3400
3497 3401
3498 3402
3499 3403
3500 3404
3501 3405
3502 3406
3503 3407
3504 3408
3505 3409
3506 3410
3507 2460
3508 3411
3509 3412
3510 3413
3511 3414
3512 3415
3513 3416
3514 3417
3515 3418
3516 3419
3517 3420
3518 3421
3519 3422
3520 3423
3521 3424
3522 3425
3523 3426
3524 3427
3525 3428
3526 3429
3527 3430
3528 3431
3529 3432
3530 3433
3531 3434
3532 3435
3533 3436
3534 3437
3535 3438
3536 3439
3537 3440
3538 3441
3539 3442
3540 3443
3541 3444
3542 3445
3543 3446
3544 3447
3545 3448
3546 3449
3547 3450
3548 3451
3549 3452
3550 3453
3551 3454
3552 3455
3553 3456
3554 3457
3555 3458
3556 3459
3557 3460
3558 3461
3559 3462
3560 3463
3561 3464
3562 3465
3563 3466
3564 3467
3565 3468
3566 3469
3567 3470
3568 3471
3569 3472
3570 3473
3571 3474
3572 3475
3573 3476
3574 3477
3575 3478
3576 3479
3577 3480
3578 3481
3579 3482
3580 3483
3581 3484
3582 3485
3583 3486
3584 3487
3585 3488
3586 3489
3587 3490
3588 3491
3589 3492
3590 3493
3591 3494
3592 3495
3593 3496
3594 3497
3595 3498
3596 3499
3597 3500
3598 3501
3599 3502
3600 3503
3601 3504
3602 3505
3603 3506
3604 3507
3605 3508
3606 3509
3607 3510
3608 3511
3609 3512
3610 3513
3611 3514
3612 3515
3613 3516
3614 3517
3615 3518
3616 3519
3617 3520
3618 3521
3619 3522
3620 3523
3621 3524
3622 3525
3623 3526
3624 3527
3625 3528
3626 3529
3627 3530
3628 3531
3629 3532
3630 3533
3631 3850
3632 3534
3633 3535
3634 3536
3635 2460
3636 3537
3637 3538
3638 3539
3639 3540
3640 3541
3641 3542
3642 3543
3643 3544
3644 3545
3645 3546
3646 3547
3647 3548
3648 3549
3649 3550
3650 3551
3651 3552
3652 3553
3653 3554
3654 3555
3655 3556
3656 3557
3657 3558
3658 3559
3659 3560
3660 3561
3661 3562
3662 3563
3663 3564
3664 3565
3665 3566
3666 3567
3667 3568
3668 3569
3669 3570
3670 3571
3671 3572
3672 3573
3673 3574
3674 3575
3675 3576
3676 2460
3677 3577
3678 3578
3679 3579
3680 3580
3681 3581
3682 3582
3683 3583
3684 3584
3685 3585
3686 3586
3687 2460
3688 3587
3689 3588
3690 3589
3691 3590
3692 3591
3693 3592
3694 3593
3695 3594
3696 3595
3697 3596
3698 3597
3699 3598
3700 3599
3701 3600
3702 3601
3703 3602
3704 3603
3705 3604
3706 3605
3707 3606
3708 3607
3709 3608
3710 3609
3711 3610
3712 3611
3713 3612
3714 3613
3715 2460
3716 3614
3717 3615
3718 3616
3719 3617
3720 3618
3721 3619
3722 3620
3723 3621
3724 3622
3725 3623
3726 3624
3727 3625
3728 3626
3729 3627
3730 3628
3731 3629
3732 3630
3733 3631
3734 3632
3735 3633
3736 3634
3737 3635
3738 3636
3739 3637
3740 3638
3741 3639
3742 3640
3743 3641
3744 3642
3745 3643
3746 3644
3747 3645
3748 3646
3749 3647
3750 3648
3751 3649
3752 3650
3753 3651
3754 3652
3755 3653
3756 3654
3757 3655
3758 3656
3759 3657
3760 3658
3761 3659
3762 3660
3763 3661
3764 3662
3765 3663
3766 3664
3767 3665
3768 3666
3769 3667
3770 3668
3771 3669
3772 3670
3773 3671
3774 3672
3775 3673
3776 3674
3777 3675
3778 3676
3779 3677
3780 3678
3781 3679
3782 3680
3783 3681
3784 3682
3785 3683
3786 3684
3787 3685
3788 3686
3789 3687
3790 3688
3791 3689
3792 3690
3793 3691
3794 3692
3795 3693
3796 3694
3797 3695
3798 3696
3799 3697
3800 2460
3801 3698
3802 3699
3803 3700
3804 3701
3805 3702
3806 3703
3807 3704
3808 3705
3809 3706
3810 3707
3811 3708
3812 3709
3813 3710
3814 3711
3815 4454
3816 3712
3817 3713
3818 3714
3819 3715
3820 2460
3821 3716
3822 3717
3823 3718
3824 3719
3825 3720
3826 3721
3827 3722
3828 2460
3829 3723
3830 3724
3831 3725
3832 3726
3833 3727
3834 3728
3835 3729
3836 3730
3837 3731
3838 3732
3839 3733
3840 3734
3841 3735
3842 3736
3843 3737
3844 3738
3845 3739
3846 3740
3847 3741
3848 3742
3849 3743
3850 3744
3851 3745
3852 3746
3853 3747
3854 3748
3855 3749
3856 3750
3857 3751
3858 3752
3859 3753
3860 3754
3861 3755
3862 3756
3863 3757
3864 3758
3865 3759
3866 3760
3867 11
3868 3761
3869 3762
3870 3763
3871 3764
3872 3765
3873 3766
3874 3767
3875 3768
3876 3769
3877 3770
3878 3771
3879 3772
3880 3773
3881 3774
3882 3775
3883 3776
3884 3777
3885 3778
3886 3779
3887 3780
3888 3781
3889 3782
3890 3783
3891 3850
3892 3784
3893 3785
3894 3786
3895 3787
3896 3788
3897 3789
3898 3790
3899 3791
3900 3792
3901 3793
3902 3794
3903 3795
3904 3850
3905 3796
3906 3797
3907 3798
3908 3799
3909 3800
3910 3801
3911 3802
3912 3803
3913 3804
3914 3805
3915 4454
3916 3806
3917 3807
3918 3808
3919 3809
3920 3810
3921 3811
3922 3812
3923 3813
3924 3814
3925 3815
3926 3816
3927 3817
3928 3818
3929 3819
3930 3820
3931 3821
3932 3822
3933 3823
3934 3824
3935 3825
3936 3826
3937 3827
3938 3828
3939 3829
3940 3830
3941 3831
3942 3832
3943 3833
3944 3834
3945 3835
3946 3836
3947 3837
3948 3838
3949 3839
3950 3840
3951 3841
3952 3842
3953 3843
3954 3844
3955 3845
3956 3846
3957 3847
3958 3848
3959 3849
3960 3850
3961 3851
3962 3852
3963 3853
3964 3854
3965 3855
3966 3856
3967 3857
3968 3858
3969 3859
3970 3860
3971 3861
3972 3862
3973 3863
3974 3864
3975 3865
3976 3866
3977 3867
3978 3868
3979 3869
3980 3870
3981 3871
3982 3872
3983 3873
3984 3874
3985 3875
3986 3876
3987 3877
3988 3878
3989 3879
3990 3880
3991 3881
3992 3882
3993 3883
3994 3884
3995 3885
3996 3886
3997 3887
3998 3888
3999 3889
4000 3890
4001 3891
4002 3892
4003 3893
4004 3894
4005 3895
4006 3896
4007 3897
4008 3898
4009 3850
4010 3899
4011 3900
4012 3901
4013 3902
4014 3903
4015 3904
4016 3905
4017 3906
4018 3907
4019 3908
4020 3909
4021 3910
4022 3911
4023 3912
4024 3913
4025 3914
4026 3915
4027 3916
4028 3917
4029 3918
4030 3919
4031 3920
4032 3921
4033 3922
4034 3923
4035 3924
4036 3925
4037 3926
4038 3927
4039 3850
4040 3928
4041 3929
4042 3930
4043 3931
4044 3932
4045 3933
4046 3934
4047 3935
4048 3936
4049 3937
4050 3938
4051 3939
4052 3940
4053 3941
4054 3942
4055 3943
4056 3944
4057 3945
4058 3946
4059 3947
4060 3948
4061 3949
4062 3950
4063 3951
4064 3952
4065 3953
4066 3954
4067 3955
4068 3956
4069 3957
4070 3958
4071 3959
4072 3960
4073 3961
4074 3962
4075 3963
4076 3964
4077 3965
4078 3850
4079 3966
4080 3967
4081 3968
4082 3969
4083 3970
4084 3971
4085 3972
4086 4454
4087 3973
4088 3974
4089 3975
4090 3976
4091 3977
4092 3978
4093 3979
4094 3980
4095 3981
4096 3982
4097 3983
4098 3984
4099 3985
4100 3986
4101 3987
4102 3988
4103 3989
4104 3990
4105 3991
4106 3992
4107 3993
4108 3994
4109 3995
4110 3996
4111 3997
4112 3998
4113 3999
4114 4000
4115 4001
4116 4002
4117 4003
4118 4004
4119 4005
4120 4006
4121 4007
4122 4008
4123 4009
4124 2460
4125 4010
4126 4011
4127 4012
4128 4013
4129 4014
4130 4015
4131 4016
4132 3850
4133 4017
4134 4018
4135 4019
4136 4020
4137 4021
4138 4022
4139 4023
4140 4024
4141 4025
4142 4026
4143 4027
4144 4028
4145 4029
4146 4030
4147 4031
4148 4032
4149 4033
4150 4034
4151 4035
4152 4036
4153 4037
4154 4038
4155 4039
4156 4040
4157 4041
4158 4042
4159 4043
4160 4044
4161 4045
4162 4046
4163 4047
4164 4048
4165 4049
4166 4050
4167 4454
4168 4051
4169 2460
4170 4052
4171 4053
4172 4054
4173 4055
4174 4056
4175 4057
4176 4058
4177 4059
4178 4060
4179 4061
4180 4062
4181 4063
4182 4064
4183 4065
4184 4066
4185 4067
4186 4068
4187 4069
4188 4070
4189 4071
4190 4072
4191 4073
4192 4074
4193 4075
4194 4076
4195 4077
4196 4078
4197 4079
4198 4080
4199 4081
4200 4082
4201 4083
4202 4084
4203 4085
4204 4086
4205 4087
4206 4088
4207 4089
4208 3850
4209 4090
4210 4091
4211 4092
4212 4093
4213 4094
4214 4095
4215 4096
4216 4097
4217 4098
4218 4099
4219 4100
4220 4101
4221 4102
4222 4103
4223 4104
4224 4105
4225 4106
4226 4107
4227 4108
4228 4109
4229 4110
4230 4111
4231 4112
4232 4113
4233 4114
4234 4115
4235 4116
4236 4117
4237 4118
4238 4119
4239 4120
4240 4121
4241 4122
4242 4123
4243 4124
4244 4125
4245 4126
4246 4127
4247 4128
4248 4129
4249 4130
4250 4131
4251 4132
4252 4133
4253 4134
4254 4135
4255 4136
4256 4137
4257 4138
4258 4139
4259 4140
4260 4141
4261 4142
4262 4143
4263 4144
4264 4145
4265 4146
4266 4147
4267 4148
4268 4149
4269 4150
4270 4151
4271 4152
4272 4153
4273 4154
4274 4155
4275 4156
4276 4157
4277 4158
4278 4159
4279 4160
4280 4161
4281 4162
4282 4163
4283 4164
4284 4165
4285 4166
4286 4167
4287 4168
4288 4169
4289 4170
4290 4171
4291 4172
4292 4173
4293 4174
4294 4175
4295 4176
4296 4177
4297 4178
4298 4179
4299 4180
4300 4181
4301 4182
4302 4183
4303 4184
4304 4185
4305 4186
4306 4187
4307 4188
4308 4189
4309 4190
4310 4191
4311 4192
4312 4193
4313 4194
4314 4195
4315 4196
4316 4197
4317 4198
4318 4199
4319 4200
4320 4201
4321 4202
4322 4203
4323 4204
4324 4205
4325 4206
4326 4207
4327 4208
4328 4209
4329 4210
4330 4211
4331 4212
4332 4213
4333 4214
4334 4215
4335 4216
4336 4217
4337 4218
4338 4219
4339 4220
4340 4221
4341 4222
4342 4223
4343 4224
4344 4225
4345 4226
4346 4227
4347 4228
4348 4229
4349 4230
4350 4231
4351 4232
4352 4233
4353 4234
4354 4235
4355 4236
4356 4237
4357 4238
4358 4239
4359 4240
4360 4241
4361 4454
4362 4242
4363 4243
4364 4244
4365 4245
4366 4246
4367 4247
4368 4248
4369 4249
4370 4250
4371 4251
4372 4252
4373 4253
4374 4254
4375 4255
4376 4256
4377 4257
4378 4258
4379 4259
4380 4260
4381 4261
4382 4262
4383 4263
4384 4264
4385 4265
4386 4266
4387 4267
4388 4268
4389 4269
4390 3850
4391 4270
4392 4271
4393 4272
4394 4273
4395 4274
4396 4275
4397 4276
4398 4277
4399 4278
4400 4279
4401 4280
4402 4281
4403 4282
4404 4283
4405 4284
4406 4285
4407 4286
4408 4287
4409 4288
4410 4289
4411 4290
4412 4291
4413 4292
4414 4293
4415 4294
4416 2460
4417 4295
4418 4296
4419 4297
4420 4298
4421 4299
4422 4300
4423 4301
4424 4302
4425 4303
4426 4304
4427 4305
4428 4306
4429 4307
4430 4308
4431 4309
4432 4310
4433 4311
4434 4312
4435 4313
4436 4314
4437 4315
4438 4316
4439 4317
4440 4318
4441 4319
4442 4320
4443 4321
4444 4322
4445 4323
4446 4324
4447 4325
4448 4326
4449 4327
4450 4328
4451 4329
4452 4330
4453 4331
4454 4332
4455 4333
4456 4334
4457 4335
4458 4336
4459 4337
4460 4338
4461 4339
4462 4340
4463 4341
4464 4454
4465 4342
4466 4343
4467 4344
4468 4345
4469 4346
4470 4347
4471 4348
4472 4349
4473 4350
4474 4351
4475 4352
4476 4353
4477 4354
4478 4355
4479 4356
4480 4357
4481 4358
4482 4359
4483 4360
4484 4361
4485 4362
4486 4363
4487 4364
4488 4365
4489 4366
4490 4367
4491 4368
4492 4369
4493 2737
4494 4370
4495 4371
4496 4372
4497 4373
4498 4374
4499 4375
4500 4376
4501 4377
4502 4378
4503 4379
4504 4380
4505 4381
4506 4382
4507 4383
4508 4384
4509 4385
4510 4386
4511 4387
4512 4388
4513 4389
4514 4390
4515 4391
4516 4392
4517 4393
4518 4394
4519 4395
4520 4396
4521 4397
4522 4398
4523 4399
4524 4400
4525 4401
4526 4402
4527 4403
4528 4404
4529 4405
4530 4406
4531 4407
4532 4454
4533 4408
4534 4409
4535 4410
4536 4411
4537 4412
4538 4413
4539 11
4540 4414
4541 4415
4542 4416
4543 4417
4544 4418
4545 4419
4546 4420
4547 4421
4548 4422
4549 4423
4550 4424
4551 4425
4552 4426
4553 4427
4554 4428
4555 4429
4556 4430
4557 4431
4558 4432
4559 4433
4560 4434
4561 4435
4562 4436
4563 4437
4564 4438
4565 4439
4566 4440
4567 4441
4568 4442
4569 4443
4570 4444
4571 4445
4572 4446
4573 4447
4574 4448
4575 4449
4576 4450
4577 4451
4578 3850
4579 4452
4580 4454
4581 4453
4582 4454
4583 4455
4584 4456
4585 4457
4586 4458
4587 4459
4588 4460
4589 4461
4590 4462
4591 4463
4592 4464
4593 4465
4594 4466
4595 4467
4596 4468
4597 4469
4598 4470
4599 4471
4600 4472
4601 4473
4602 4474
4603 4475
4604 4476
4605 4477
4606 4478
4607 4479
4608 3850
4609 4480
4610 4481
4611 4482
4612 4483
4613 4484
4614 4485
4615 4486
4616 4487
4617 4488
4618 4489
4619 4490
4620 4491
4621 4492
4622 4493
4623 4494
4624 4495
4625 4496
4626 4497
4627 4498
4628 4499
4629 4500
4630 4501
4631 4502
4632 4503
4633 4504
4634 4505
4635 4506
4636 4507
4637 4508
4638 4509
4639 4510
4640 4511
4641 4512
4642 4513
4643 4514
4644 4515
4645 4516
4646 4517
4647 4454
4648 4518
4649 4519
4650 4520
4651 4521
4652 4522
4653 4523
4654 4524
4655 4525
4656 4526
4657 4527
4658 4528
4659 4529
4660 4530
4661 4531
4662 4532
4663 4533
4664 4534
4665 4535
4666 4536
4667 4537
4668 4538
4669 4539
4670 4540
4671 4541
4672 4542
4673 4543
4674 4544
4675 4545
4676 4546
4677 4547
4678 4548
4679 4549
4680 4550
4681 4551
4682 4552
4683 4553
4684 4554
4685 4555
4686 4556
4687 4557
4688 4558
4689 4559
4690 4560
4691 4561
4692 4562
4693 4563
4694 4564
4695 4565
4696 4566
4697 4567
4698 4568
4699 4569
4700 3850
4701 4570
4702 4571
4703 4572
4704 4573
4705 4574
4706 4575
4707 4576
4708 4577
4709 4578
4710 4579
4711 4580
4712 4581
4713 4582
4714 4583
4715 4584
4716 4585
4717 4586
4718 4587
4719 4588
4720 4589
4721 4590
4722 4591
4723 4592
4724 4593
4725 4594
4726 4595
4727 4596
4728 4597
4729 4598
4730 4599
4731 4600
4732 4601
4733 4602
4734 4603
4735 4604
4736 4605
4737 4606
4738 4607
4739 4608
4740 4609
4741 4610
4742 4611
4743 4612
4744 4613
4745 4614
4746 4615
4747 4616
4748 4617
4749 4618
4750 4619
4751 4620
4752 4621
4753 3850
4754 4622
4755 4623
4756 4624
4757 4625
4758 4626
4759 4627
4760 4628
4761 4629
4762 4630
4763 4631
4764 4632
4765 4633
4766 4634
4767 4635
4768 4636
4769 4637
4770 4638
4771 4639
4772 4640
4773 4641
4774 4642
4775 4643
4776 4644
4777 4645
4778 4646
4779 4647
4780 4648
4781 4649
4782 3850
4783 4650
4784 4651
4785 4652
4786 4653
4787 4654
4788 4655
4789 4656
4790 4657
4791 4658
4792 4659
4793 4660
4794 4661
4795 4662
4796 4663
4797 4664
4798 4665
4799 4666
4800 4667
4801 4668
4802 4669
4803 4670
4804 4671
4805 4672
4806 4673
4807 4674
4808 4675
4809 4676
4810 4677
4811 4678
4812 4679
4813 4680
4814 4681
4815 4682
4816 4683
4817 4684
4818 4685
4819 4686
4820 4687
4821 4688
4822 4689
4823 4690
4824 4691
4825 4692
4826 4693
4827 4694
4828 4695
4829 4696
4830 4697
4831 4698
4832 4699
4833 4700
4834 4701
4835 4702
4836 4703
4837 4704
4838 4705
4839 4454
4840 4706
4841 4707
4842 4708
4843 4709
4844 4710
4845 4711
4846 4712
4847 4713
4848 4714
4849 4715
4850 4716
4851 4717
4852 4454
4853 4718
4854 4719
4855 4720
4856 4721
4857 4722
4858 4723
4859 4724
4860 4725
4861 4726
4862 4727
4863 4728
4864 4729
4865 4730
4866 4731
4867 4732
4868 4733
4869 4734
4870 4735
4871 4736
4872 4737
4873 4738
4874 4739
4875 4740
4876 4741
4877 4742
4878 4743
4879 4744
4880 4745
4881 4746
4882 4747
4883 4748
4884 4749
4885 4750
4886 4751
4887 4752
4888 4753
4889 4754
4890 4755
4891 4756
4892 4757
4893 4758
4894 4759
4895 4760
4896 4761
4897 4762
4898 4763
4899 4764
4900 4765
4901 4766
4902 4767
4903 4768
4904 4769
4905 4770
4906 4771
4907 4772
4908 4773
4909 4774
4910 4775
4911 4776
4912 4777
4913 4778
4914 4779
4915 4780
4916 4781
4917 4782
4918 4783
4919 4784
4920 4785
4921 4786
4922 4787
4923 4788
4924 4789
4925 4790
4926 4791
4927 4792
4928 4793
4929 4794
4930 4795
4931 4796
4932 4797
4933 4798
4934 4799
4935 4800
4936 4801
4937 4802
4938 4803
4939 4804
4940 4805
4941 4806
4942 4807
4943 4808
4944 4809
4945 4810
4946 4811
4947 4812
4948 4813
4949 4814
4950 4815
4951 4816
4952 4817
4953 4818
4954 4819
4955 4820
4956 4821
4957 4822
4958 4823
4959 4824
4960 4825
4961 4826
4962 4827
4963 4828
4964 4829
4965 4830
4966 4831
4967 4832
4968 4833
4969 4834
4970 4835
4971 4836
4972 4837
4973 4838
4974 4839
4975 3850
4976 4840
4977 4841
4978 4842
4979 4843
4980 4844
4981 4845
4982 4846
4983 4847
4984 4848
4985 4849
4986 4850
4987 4851
4988 4852
4989 3850
4990 4853
4991 4854
4992 4855
4993 4856
4994 4857
4995 4858
4996 4859
4997 4860
4998 4861
4999 4862
5000 4863
5001 4864
5002 4865
5003 4866
5004 4867
5005 4868
5006 4869
5007 4870
5008 4871
5009 4872
5010 4873
5011 4874
5012 4875
5013 4454
5014 4876
5015 4877
5016 4878
5017 4879
5018 4880
5019 4881
5020 4882
5021 4883
5022 4884
5023 4885
5024 4886
5025 4887
5026 4888
5027 4889
5028 4890
5029 4891
5030 11
5031 4892
5032 4893
5033 4894
5034 4895
5035 4896
5036 4897
5037 4898
5038 4899
5039 4900
5040 4901
5041 4902
5042 4903
5043 4904
5044 4905
5045 4906
5046 4907
5047 4908
5048 4909
5049 4910
5050 4911
5051 4912
5052 4913
5053 4914
5054 4915
5055 4916
5056 4917
5057 4918
5058 4919
5059 4920
5060 4921
5061 4922
5062 4923
5063 4924
5064 4925
5065 4926
5066 4927
5067 4928
5068 4929
5069 4930
5070 4931
5071 4932
5072 4933
5073 4934
5074 4935
5075 4936
5076 4937
5077 4938
5078 4939
5079 4940
5080 4941
5081 4942
5082 4943
5083 4944
5084 4945
5085 4946
5086 4947
5087 4948
5088 4949
5089 4950
5090 4951
5091 4952
5092 4953
5093 4954
5094 4955
5095 4956
5096 4957
5097 4958
5098 4959
5099 4960
5100 4961
5101 4962
5102 4963
5103 4964
5104 4965
5105 4966
5106 4967
5107 4968
5108 4969
5109 4970
5110 4971
5111 4972
5112 4973
5113 4974
5114 4975
5115 2460
5116 4976
5117 4977
5118 4978
5119 4979
5120 4980
5121 4981
5122 4982
5123 4983
5124 4984
5125 4985
5126 4986
5127 4987
5128 4988
5129 4989
5130 4990
5131 4991
5132 4992
5133 4993
5134 4994
5135 4995
5136 4996
5137 4997
5138 4998
5139 4999
5140 5000
5141 5001
5142 5002
5143 5003
5144 5004
5145 5005
5146 5006
5147 5007
5148 4454
5149 5008
5150 5009
5151 5010
5152 5011
5153 5012
5154 5013
5155 5014
5156 5015
5157 5016
5158 5017
5159 5018
5160 5019
5161 5020
5162 5021
5163 2460
5164 5022
5165 5023
5166 5024
5167 5025
5168 5026
5169 5027
5170 5028
5171 5029
5172 5030
5173 5031
5174 5032
5175 5033
5176 5034
5177 5035
5178 5036
5179 5037
5180 5038
5181 5039
5182 2460
5183 5040
5184 5041
5185 5042
5186 5043
5187 5044
5188 5045
5189 5046
5190 5047
5191 5048
5192 5049
5193 5050
5194 5051
5195 5052
5196 5053
5197 5054
5198 5055
5199 5056
5200 5057
5201 5058
5202 5059
5203 5060
5204 5061
5205 5062
5206 5063
5207 5064
5208 5065
5209 5066
5210 5067
5211 5068
5212 5069
5213 5070
5214 5071
5215 5072
5216 5073
5217 5074
5218 5075
5219 5076
5220 5077
5221 5078
5222 5079
5223 5080
5224 3850
5225 5081
5226 5082
5227 5083
5228 5084
5229 5085
5230 5086
5231 5087
5232 5088
5233 5089
5234 5090
5235 5091
5236 5092
5237 5093
5238 5094
5239 5095
5240 5096
5241 5097
5242 5098
5243 5099
5244 5100
5245 5101
5246 5102
5247 5103
5248 3850
