s7	0.0008950490998363333	15	94	256	418	628	1049	1061	1192	1328	1614	1684	1824	1866	2050	2171	2222	2278	2591	2616	2661	2699	2722	2763	2802	3001	3025	3137	3218	3355	3519	3572	3678	3701	3730	3773	3941	4193	4321	4337	4487	4650	4715	4803	4813	4814	4961	5001	5058
s7	0.0022014170040485803	17	850	1329	1339	1638	1762	1906	2080	2476	2592	2605	2611	3006	3133	3354	3720	3862	4812	5139	5201
s7	0.00641025641025641	43	636	1430	1600	2245	3807	3813
s7	0.02163461538461538	47	1692	2252	3514
s7	0.019711538461538464	52	647	1005	3755	3777
s7	0.0017628205128205124	59	462	487	554	871	1042	1093	1356	1795	3023	3255	3359	3450	3539	3576	4517
s7	0.0021572978303747536	105	1722	1810	2145	2475	2792	3600	3926	4205	4611	4834	5039	5244
s7	0.0007744067526676227	109	123	248	368	381	485	512	778	798	851	1036	1145	1242	1270	1317	1578	1710	1740	1748	1771	1809	1811	1832	1867	1916	2157	2293	2480	2505	2579	2630	2787	2793	2835	3019	3158	3172	3403	3493	3499	3503	3540	3596	3608	3669	3712	3753	3808	3894	3907	3976	4026	4034	4218	4264	4310	4329	4350	4372	4411	4486	4515	4540	4573	4759	5041	5076	5186	5207	5212
s7	0.0031065088757396436	274	371	538	558	767	1256	1333	1371	1402	1580	1656	2183	2423	2441	2609	3289	3470	3587	4284	4383	4570	4629	4716	4744	4769	5011
s7	0.0022435897435897434	332	491	516	3000	3824	4983
s7	0.0026223776223776234	492	999	1064	1252	1546	1761	2056	2090	3775	4781	5130
s7	0.008173076923076922	729	3869	4087	4819	5026
s7	0.005177514792899405	862	1341	1568	1719	1980	2582	3445	3476	4189	4422	4522	4783	5090
s7	0.00534188034188034	978	2112	2581	2721	2926	3233	3380	3506	3658	4726
s7	0.0019230769230769234	1076	1672	1789	2501	3931	4267
s7	0.009615384615384616	1982	2000	3048
s7	0.00463598901098901	2180	2430	2599	2833	3371	3764	4256	4945
s7	0.006410256410256411	3213	3973	4032
