13	3769	0.004807692307692308
15	3422	0.004807692307692308
15	4814	0.004807692307692308
17	1339	0.014423076923076924
17	1762	0.004807692307692308
17	1906	0.028846153846153848
17	2080	0.038461538461538464
17	2476	0.038461538461538464
17	2592	0.004807692307692308
17	2605	0.004807692307692308
17	2611	0.014423076923076924
17	3133	0.009615384615384616
17	3354	0.004807692307692308
17	3720	0.0625
17	3769	0.019230769230769232
43	491	0.004807692307692308
43	647	0.009615384615384616
43	2245	0.019230769230769232
43	3359	0.004807692307692308
43	3807	0.04807692307692308
43	3894	0.009615384615384616
43	4329	0.004807692307692308
43	4486	0.009615384615384616
43	5011	0.009615384615384616
43	5207	0.009615384615384616
47	492	0.004807692307692308
47	1692	0.11538461538461539
47	2089	0.004807692307692308
47	3514	0.004807692307692308
52	647	0.009615384615384616
52	1005	0.014423076923076924
52	1580	0.009615384615384616
52	3755	0.028846153846153848
52	3777	0.028846153846153848
52	4284	0.004807692307692308
52	4629	0.019230769230769232
52	5011	0.038461538461538464
59	1356	0.004807692307692308
59	3023	0.004807692307692308
59	3450	0.004807692307692308
59	4744	0.004807692307692308
70	3769	0.038461538461538464
91	191	0.009615384615384616
91	367	0.04326923076923077
91	491	0.004807692307692308
91	1252	0.009615384615384616
91	1254	0.03365384615384615
91	1985	0.004807692307692308
91	2006	0.009615384615384616
91	2008	0.22115384615384615
91	2174	0.004807692307692308
91	3769	0.09134615384615384
91	4334	0.028846153846153848
91	4486	0.004807692307692308
91	4670	0.04807692307692308
91	4814	0.038461538461538464
91	5001	0.019230769230769232
94	1866	0.019230769230769232
94	3355	0.009615384615384616
94	4945	0.004807692307692308
99	903	0.004807692307692308
105	3600	0.004807692307692308
105	5244	0.019230769230769232
106	3769	0.057692307692307696
106	4814	0.03365384615384615
109	3769	0.004807692307692308
109	4486	0.004807692307692308
123	4486	0.004807692307692308
180	3769	0.019230769230769232
180	4814	0.009615384615384616
180	4983	0.004807692307692308
191	441	0.028846153846153848
191	2006	0.038461538461538464
191	3060	0.004807692307692308
191	3371	0.014423076923076924
191	3769	0.019230769230769232
191	4486	0.004807692307692308
191	4670	0.004807692307692308
191	4735	0.009615384615384616
191	4744	0.004807692307692308
191	4814	0.04326923076923077
217	3769	0.004807692307692308
248	2787	0.009615384615384616
256	1866	0.014423076923076924
256	5001	0.004807692307692308
274	4744	0.009615384615384616
332	491	0.004807692307692308
332	1710	0.004807692307692308
357	2006	0.004807692307692308
357	3769	0.12980769230769232
357	4814	0.009615384615384616
359	365	0.009615384615384616
359	4914	0.004807692307692308
365	541	0.009615384615384616
365	1985	0.009615384615384616
365	2006	0.004807692307692308
365	2174	0.028846153846153848
365	3213	0.009615384615384616
365	3769	0.004807692307692308
365	3807	0.009615384615384616
365	4814	0.004807692307692308
365	4914	0.1778846153846154
365	5207	0.004807692307692308
367	1228	0.014423076923076924
367	1866	0.009615384615384616
367	1985	0.004807692307692308
367	2802	0.009615384615384616
367	3060	0.014423076923076924
367	4670	0.028846153846153848
368	4486	0.009615384615384616
371	3470	0.009615384615384616
371	4329	0.009615384615384616
381	3769	0.028846153846153848
381	4486	0.038461538461538464
418	4814	0.004807692307692308
432	2219	0.009615384615384616
432	2904	0.038461538461538464
432	3730	0.004807692307692308
432	3769	0.004807692307692308
432	4814	0.019230769230769232
441	491	0.004807692307692308
441	1254	0.014423076923076924
441	1426	0.028846153846153848
441	1985	0.028846153846153848
441	2174	0.038461538461538464
441	3000	0.004807692307692308
441	3769	0.03365384615384615
441	4814	0.004807692307692308
443	3769	0.0625
443	4346	0.02403846153846154
443	4486	0.004807692307692308
462	3359	0.004807692307692308
485	1005	0.004807692307692308
485	2006	0.004807692307692308
485	3769	0.004807692307692308
485	4486	0.019230769230769232
485	5011	0.004807692307692308
487	554	0.004807692307692308
491	3060	0.004807692307692308
491	3824	0.009615384615384616
491	3926	0.004807692307692308
491	4983	0.004807692307692308
491	5212	0.009615384615384616
492	850	0.009615384615384616
492	1252	0.014423076923076924
492	1761	0.009615384615384616
492	2056	0.009615384615384616
492	2090	0.004807692307692308
492	3493	0.014423076923076924
492	3753	0.019230769230769232
492	4197	0.004807692307692308
492	4781	0.02403846153846154
512	4486	0.014423076923076924
516	3000	0.004807692307692308
516	3769	0.004807692307692308
538	2833	0.009615384615384616
538	4284	0.004807692307692308
538	4629	0.004807692307692308
538	5011	0.009615384615384616
554	1093	0.004807692307692308
554	1356	0.019230769230769232
554	1580	0.004807692307692308
554	3023	0.009615384615384616
554	3050	0.004807692307692308
554	3255	0.009615384615384616
554	3359	0.009615384615384616
554	3450	0.019230769230769232
554	3769	0.019230769230769232
554	3824	0.004807692307692308
554	4486	0.004807692307692308
554	4744	0.009615384615384616
554	5201	0.004807692307692308
558	4744	0.014423076923076924
628	3773	0.004807692307692308
628	4814	0.014423076923076924
636	1430	0.009615384615384616
636	3807	0.02403846153846154
647	1005	0.03365384615384615
647	1356	0.009615384615384616
647	3289	0.004807692307692308
647	3371	0.019230769230769232
647	3777	0.014423076923076924
647	4486	0.02403846153846154
647	4744	0.019230769230769232
654	3769	0.028846153846153848
665	903	0.004807692307692308
682	1702	0.019230769230769232
720	3769	0.009615384615384616
729	4087	0.02403846153846154
767	3289	0.004807692307692308
778	3894	0.004807692307692308
781	4914	0.009615384615384616
798	3470	0.004807692307692308
798	4486	0.009615384615384616
839	3769	0.019230769230769232
847	2006	0.014423076923076924
847	3769	0.014423076923076924
850	1252	0.004807692307692308
850	2476	0.028846153846153848
850	3006	0.014423076923076924
850	3720	0.014423076923076924
850	5139	0.004807692307692308
851	4486	0.004807692307692308
862	903	0.009615384615384616
862	3476	0.014423076923076924
862	3769	0.004807692307692308
867	3769	0.004807692307692308
871	3359	0.004807692307692308
903	1654	0.004807692307692308
903	2394	0.07211538461538461
903	3769	0.009615384615384616
935	3769	0.009615384615384616
978	2721	0.004807692307692308
999	1252	0.004807692307692308
1005	1580	0.009615384615384616
1005	1656	0.014423076923076924
1005	2006	0.004807692307692308
1005	3755	0.052884615384615384
1005	3769	0.004807692307692308
1005	3777	0.004807692307692308
1020	3769	0.004807692307692308
1036	4486	0.014423076923076924
1042	1356	0.004807692307692308
1042	3023	0.004807692307692308
1042	3450	0.004807692307692308
1049	3769	0.028846153846153848
1049	4814	0.028846153846153848
1049	5244	0.014423076923076924
1050	3769	0.004807692307692308
1053	3769	0.004807692307692308
1057	3769	0.009615384615384616
1061	4814	0.004807692307692308
1064	2090	0.004807692307692308
1076	1789	0.004807692307692308
1093	3359	0.004807692307692308
1093	3450	0.009615384615384616
1145	4486	0.004807692307692308
1192	4814	0.004807692307692308
1228	3769	0.09615384615384616
1228	4814	0.009615384615384616
1228	5001	0.014423076923076924
1242	4486	0.004807692307692308
1252	1580	0.03365384615384615
1252	2423	0.004807692307692308
1252	2725	0.004807692307692308
1252	3476	0.014423076923076924
1252	3769	0.014423076923076924
1252	3775	0.019230769230769232
1252	4486	0.009615384615384616
1252	4781	0.004807692307692308
1252	5130	0.038461538461538464
1254	3963	0.009615384615384616
1256	1580	0.004807692307692308
1256	4486	0.004807692307692308
1269	3769	0.009615384615384616
1270	4486	0.004807692307692308
1295	3769	0.004807692307692308
1300	1469	0.019230769230769232
1300	2279	0.004807692307692308
1300	2879	0.019230769230769232
1300	3769	0.009615384615384616
1300	3843	0.004807692307692308
1300	4439	0.014423076923076924
1300	5101	0.019230769230769232
1317	3769	0.028846153846153848
1317	4486	0.028846153846153848
1328	3769	0.009615384615384616
1328	4814	0.014423076923076924
1329	2476	0.028846153846153848
1333	3769	0.038461538461538464
1333	4486	0.004807692307692308
1333	4769	0.038461538461538464
1339	5201	0.004807692307692308
1341	3476	0.019230769230769232
1356	1580	0.004807692307692308
1356	1795	0.004807692307692308
1356	3359	0.009615384615384616
1356	3539	0.004807692307692308
1356	3576	0.004807692307692308
1356	3755	0.004807692307692308
1356	4026	0.004807692307692308
1356	4486	0.004807692307692308
1356	4517	0.004807692307692308
1371	5011	0.009615384615384616
1402	1580	0.019230769230769232
1402	3371	0.014423076923076924
1402	4744	0.02403846153846154
1414	3769	0.009615384615384616
1430	4943	0.004807692307692308
1470	3060	0.004807692307692308
1506	2757	0.004807692307692308
1511	3769	0.004807692307692308
1546	2090	0.004807692307692308
1568	3476	0.04807692307692308
1578	1789	0.004807692307692308
1578	1809	0.004807692307692308
1578	2157	0.009615384615384616
1578	2787	0.004807692307692308
1578	3769	0.004807692307692308
1580	1656	0.009615384615384616
1580	2423	0.004807692307692308
1580	3289	0.014423076923076924
1580	3371	0.028846153846153848
1580	3470	0.08653846153846154
1580	3769	0.07211538461538461
1580	4284	0.028846153846153848
1580	4486	0.11057692307692307
1580	4629	0.038461538461538464
1580	4670	0.009615384615384616
1580	4744	0.2692307692307692
1580	4783	0.014423076923076924
1580	5011	0.18269230769230768
1580	5207	0.019230769230769232
1600	3807	0.014423076923076924
1614	3503	0.004807692307692308
1614	3753	0.004807692307692308
1614	3769	0.004807692307692308
1614	4715	0.009615384615384616
1614	4814	0.019230769230769232
1614	5001	0.004807692307692308
1614	5212	0.004807692307692308
1626	3769	0.04807692307692308
1626	4670	0.004807692307692308
1626	5011	0.004807692307692308
1638	5201	0.004807692307692308
1656	3755	0.009615384615384616
1656	4629	0.009615384615384616
1656	5011	0.019230769230769232
1672	1789	0.004807692307692308
1684	4814	0.009615384615384616
1692	2252	0.009615384615384616
1692	3730	0.009615384615384616
1692	3769	0.009615384615384616
1702	3769	0.004807692307692308
1710	2174	0.009615384615384616
1710	3769	0.09615384615384616
1710	4334	0.004807692307692308
1710	4486	0.21153846153846154
1710	4814	0.019230769230769232
1719	3476	0.009615384615384616
1722	5244	0.004807692307692308
1740	4486	0.004807692307692308
1748	3669	0.009615384615384616
1748	3769	0.03365384615384615
1748	4486	0.04807692307692308
1761	3769	0.004807692307692308
1762	5201	0.004807692307692308
1771	4486	0.004807692307692308
1771	4515	0.009615384615384616
1771	4769	0.004807692307692308
1771	5011	0.004807692307692308
1789	2157	0.004807692307692308
1789	2501	0.004807692307692308
1789	3540	0.004807692307692308
1789	3931	0.004807692307692308
1795	3023	0.004807692307692308
1795	3450	0.004807692307692308
1809	3540	0.009615384615384616
1809	3931	0.004807692307692308
1809	4769	0.004807692307692308
1810	5039	0.03365384615384615
1811	3769	0.004807692307692308
1811	4486	0.009615384615384616
1824	2090	0.004807692307692308
1824	4814	0.009615384615384616
1832	4486	0.004807692307692308
1846	3769	0.004807692307692308
1866	3137	0.019230769230769232
1866	4814	0.14423076923076922
1866	5001	0.009615384615384616
1867	4486	0.004807692307692308
1885	2725	0.009615384615384616
1885	3769	0.1346153846153846
1885	4486	0.004807692307692308
1897	3769	0.02403846153846154
1916	4486	0.028846153846153848
1980	2582	0.004807692307692308
1980	2763	0.004807692307692308
1980	3476	0.17307692307692307
1980	3730	0.004807692307692308
1980	3769	0.009615384615384616
1980	4522	0.004807692307692308
1980	4783	0.009615384615384616
1982	3048	0.009615384615384616
1985	2174	0.009615384615384616
1985	3807	0.009615384615384616
1991	3769	0.019230769230769232
2000	3048	0.019230769230769232
2000	3769	0.004807692307692308
2006	3019	0.004807692307692308
2006	3050	0.009615384615384616
2006	3060	0.009615384615384616
2006	3769	0.125
2006	3894	0.004807692307692308
2006	4284	0.009615384615384616
2006	4486	0.004807692307692308
2006	4629	0.009615384615384616
2006	4814	0.0673076923076923
2006	4914	0.004807692307692308
2006	5011	0.009615384615384616
2033	3060	0.004807692307692308
2033	3769	0.009615384615384616
2050	4814	0.004807692307692308
2080	3769	0.014423076923076924
2080	3862	0.004807692307692308
2080	4486	0.004807692307692308
2080	4814	0.014423076923076924
2080	5001	0.004807692307692308
2080	5011	0.009615384615384616
2089	3050	0.009615384615384616
2089	3894	0.009615384615384616
2090	4781	0.004807692307692308
2112	2721	0.004807692307692308
2145	3769	0.004807692307692308
2145	4834	0.009615384615384616
2157	2787	0.004807692307692308
2157	3769	0.004807692307692308
2157	4486	0.014423076923076924
2171	2763	0.014423076923076924
2171	3218	0.009615384615384616
2174	3807	0.009615384615384616
2180	4945	0.004807692307692308
2183	3470	0.004807692307692308
2208	3863	0.004807692307692308
2222	4814	0.004807692307692308
2245	3470	0.004807692307692308
2245	3769	0.02403846153846154
2245	4486	0.019230769230769232
2246	3769	0.004807692307692308
2278	3769	0.004807692307692308
2278	4814	0.004807692307692308
2283	3769	0.009615384615384616
2293	3769	0.004807692307692308
2293	4486	0.014423076923076924
2313	3769	0.038461538461538464
2394	3500	0.019230769230769232
2394	3769	0.004807692307692308
2394	4486	0.004807692307692308
2423	3371	0.02403846153846154
2423	3807	0.014423076923076924
2423	3894	0.004807692307692308
2423	4329	0.004807692307692308
2423	4744	0.04326923076923077
2430	2833	0.014423076923076924
2441	5011	0.009615384615384616
2475	3493	0.004807692307692308
2475	5244	0.004807692307692308
2476	3006	0.004807692307692308
2476	3769	0.028846153846153848
2476	5201	0.014423076923076924
2480	4486	0.004807692307692308
2483	3769	0.009615384615384616
2501	2787	0.004807692307692308
2501	3769	0.004807692307692308
2501	4267	0.009615384615384616
2501	4486	0.004807692307692308
2503	3769	0.009615384615384616
2505	3753	0.028846153846153848
2505	3769	0.004807692307692308
2505	5076	0.009615384615384616
2579	4486	0.004807692307692308
2580	3769	0.004807692307692308
2581	2926	0.019230769230769232
2581	4726	0.009615384615384616
2582	3476	0.004807692307692308
2591	4814	0.004807692307692308
2592	4486	0.004807692307692308
2592	5201	0.004807692307692308
2599	3371	0.02403846153846154
2599	4486	0.009615384615384616
2599	4744	0.004807692307692308
2605	5201	0.004807692307692308
2609	4486	0.004807692307692308
2609	4744	0.004807692307692308
2611	3720	0.009615384615384616
2611	5201	0.009615384615384616
2616	3730	0.04326923076923077
2630	4486	0.08173076923076923
2633	3769	0.07692307692307693
2661	3769	0.004807692307692308
2661	4814	0.004807692307692308
2667	3769	0.009615384615384616
2694	3769	0.014423076923076924
2699	4814	0.009615384615384616
2721	3769	0.125
2721	4221	0.004807692307692308
2721	4486	0.11057692307692307
2721	4726	0.18269230769230768
2721	4744	0.014423076923076924
2721	5011	0.004807692307692308
2722	2763	0.009615384615384616
2722	3476	0.004807692307692308
2722	3730	0.038461538461538464
2725	3769	0.07692307692307693
2732	3769	0.019230769230769232
2732	4372	0.009615384615384616
2749	3769	0.004807692307692308
2757	3769	0.009615384615384616
2763	3730	0.16346153846153846
2763	4814	0.004807692307692308
2763	5011	0.004807692307692308
2763	5058	0.004807692307692308
2772	4914	0.009615384615384616
2787	3540	0.04326923076923077
2787	3587	0.009615384615384616
2787	3769	0.004807692307692308
2787	4486	0.004807692307692308
2792	4834	0.004807692307692308
2792	5244	0.004807692307692308
2793	4486	0.03365384615384615
2802	3137	0.009615384615384616
2806	3769	0.02403846153846154
2833	3371	0.028846153846153848
2833	3769	0.019230769230769232
2833	4486	0.009615384615384616
2835	3769	0.028846153846153848
2835	4486	0.03365384615384615
2867	3769	0.009615384615384616
2867	3863	0.004807692307692308
2867	4372	0.009615384615384616
2926	3769	0.004807692307692308
3000	3060	0.004807692307692308
3000	3807	0.004807692307692308
3000	3824	0.004807692307692308
3000	3926	0.004807692307692308
3000	4983	0.004807692307692308
3000	5212	0.009615384615384616
3001	3025	0.004807692307692308
3001	3769	0.03365384615384615
3001	4486	0.019230769230769232
3001	4814	0.019230769230769232
3006	3720	0.004807692307692308
3019	3289	0.004807692307692308
3019	3476	0.004807692307692308
3019	3769	0.004807692307692308
3019	3894	0.009615384615384616
3019	4486	0.019230769230769232
3019	4670	0.019230769230769232
3019	5001	0.009615384615384616
3019	5041	0.009615384615384616
3019	5207	0.009615384615384616
3023	3359	0.014423076923076924
3023	3539	0.004807692307692308
3023	3576	0.004807692307692308
3023	4486	0.009615384615384616
3023	4914	0.009615384615384616
3047	3769	0.004807692307692308
3050	3769	0.014423076923076924
3050	4945	0.004807692307692308
3050	5244	0.009615384615384616
3060	3769	0.052884615384615384
3060	4197	0.038461538461538464
3060	4329	0.009615384615384616
3060	4486	0.03365384615384615
3060	4670	0.038461538461538464
3060	4744	0.009615384615384616
3081	3769	0.0673076923076923
3095	3769	0.019230769230769232
3133	5201	0.009615384615384616
3137	3493	0.004807692307692308
3156	3769	0.04326923076923077
3158	3403	0.004807692307692308
3158	4486	0.04807692307692308
3158	4744	0.004807692307692308
3172	4486	0.009615384615384616
3200	3769	0.02403846153846154
3200	4814	0.014423076923076924
3213	3973	0.014423076923076924
3213	4032	0.004807692307692308
3213	4914	0.004807692307692308
3233	4726	0.004807692307692308
3289	3371	0.004807692307692308
3289	3755	0.009615384615384616
3289	3769	0.004807692307692308
3289	3894	0.038461538461538464
3289	4486	0.019230769230769232
3289	4744	0.0625
3308	3769	0.009615384615384616
3358	3769	0.02403846153846154
3359	3450	0.009615384615384616
3359	4744	0.004807692307692308
3359	4814	0.004807692307692308
3371	3764	0.019230769230769232
3371	3807	0.004807692307692308
3371	3863	0.004807692307692308
3371	3894	0.02403846153846154
3371	4945	0.03365384615384615
3380	4726	0.004807692307692308
3409	3769	0.009615384615384616
3422	3769	0.038461538461538464
3433	3769	0.004807692307692308
3445	3476	0.009615384615384616
3445	4783	0.009615384615384616
3445	5011	0.009615384615384616
3445	5026	0.009615384615384616
3445	5090	0.004807692307692308
3450	3539	0.004807692307692308
3450	3576	0.004807692307692308
3470	3894	0.004807692307692308
3476	3730	0.028846153846153848
3476	3769	0.019230769230769232
3476	4189	0.004807692307692308
3476	4422	0.004807692307692308
3476	4486	0.019230769230769232
3476	4522	0.004807692307692308
3476	4670	0.019230769230769232
3476	4744	0.004807692307692308
3476	4783	0.07692307692307693
3476	5011	0.019230769230769232
3476	5039	0.004807692307692308
3493	3769	0.125
3493	4486	0.09134615384615384
3493	4814	0.02403846153846154
3493	4945	0.009615384615384616
3499	3894	0.004807692307692308
3500	3769	0.004807692307692308
3502	4914	0.004807692307692308
3503	3753	0.019230769230769232
3506	4726	0.004807692307692308
3519	4814	0.014423076923076924
3540	4486	0.004807692307692308
3540	4540	0.004807692307692308
3572	4814	0.019230769230769232
3587	5011	0.009615384615384616
3596	4486	0.014423076923076924
3608	4486	0.02403846153846154
3629	3769	0.004807692307692308
3658	4726	0.004807692307692308
3660	3769	0.004807692307692308
3660	4914	0.004807692307692308
3660	5089	0.004807692307692308
3678	3769	0.009615384615384616
3678	4814	0.019230769230769232
3701	4814	0.004807692307692308
3712	4372	0.004807692307692308
3720	4670	0.004807692307692308
3720	4812	0.004807692307692308
3720	5201	0.014423076923076924
3730	3769	0.004807692307692308
3730	4486	0.004807692307692308
3730	4670	0.009615384615384616
3730	4814	0.014423076923076924
3747	3769	0.004807692307692308
3747	4670	0.004807692307692308
3753	3769	0.004807692307692308
3753	5001	0.009615384615384616
3753	5212	0.057692307692307696
3755	3777	0.009615384615384616
3755	4329	0.009615384615384616
3755	4486	0.019230769230769232
3755	4744	0.028846153846153848
3755	5011	0.009615384615384616
3755	5207	0.014423076923076924
3764	4744	0.009615384615384616
3769	3786	0.004807692307692308
3769	3807	0.004807692307692308
3769	3817	0.10576923076923077
3769	3824	0.014423076923076924
3769	3863	0.019230769230769232
3769	3894	0.009615384615384616
3769	3907	0.004807692307692308
3769	3920	0.019230769230769232
3769	3926	0.004807692307692308
3769	3973	0.004807692307692308
3769	4020	0.009615384615384616
3769	4058	0.004807692307692308
3769	4131	0.0625
3769	4140	0.004807692307692308
3769	4264	0.02403846153846154
3769	4329	0.004807692307692308
3769	4372	0.004807692307692308
3769	4470	0.004807692307692308
3769	4486	0.004807692307692308
3769	4487	0.004807692307692308
3769	4514	0.004807692307692308
3769	4688	0.019230769230769232
3769	4691	0.014423076923076924
3769	4783	0.004807692307692308
3769	4813	0.02403846153846154
3769	4819	0.004807692307692308
3769	4869	0.004807692307692308
3769	4914	0.028846153846153848
3769	4943	0.014423076923076924
3769	4982	0.004807692307692308
3769	4983	0.004807692307692308
3769	4993	0.004807692307692308
3769	5011	0.014423076923076924
3769	5026	0.009615384615384616
3769	5039	0.009615384615384616
3769	5041	0.009615384615384616
3769	5201	0.009615384615384616
3769	5207	0.009615384615384616
3769	5225	0.004807692307692308
3792	4914	0.004807692307692308
3807	3813	0.019230769230769232
3807	4329	0.038461538461538464
3807	4486	0.09134615384615384
3807	4744	0.009615384615384616
3807	4914	0.004807692307692308
3807	5001	0.004807692307692308
3808	4759	0.004807692307692308
3824	4486	0.009615384615384616
3826	4914	0.004807692307692308
3863	4486	0.004807692307692308
3863	4744	0.004807692307692308
3869	4629	0.009615384615384616
3869	5011	0.009615384615384616
3869	5026	0.019230769230769232
3894	3973	0.014423076923076924
3894	4256	0.004807692307692308
3894	4329	0.028846153846153848
3894	4486	0.08173076923076923
3894	4744	0.004807692307692308
3894	5011	0.004807692307692308
3894	5207	0.004807692307692308
3907	4486	0.004807692307692308
3926	3973	0.014423076923076924
3926	5244	0.02403846153846154
3941	4814	0.009615384615384616
3951	4914	0.009615384615384616
3973	5011	0.004807692307692308
3976	4486	0.004807692307692308
4026	4486	0.004807692307692308
4026	5207	0.009615384615384616
4032	4914	0.004807692307692308
4034	4486	0.014423076923076924
4034	4814	0.009615384615384616
4087	4670	0.004807692307692308
4087	4819	0.038461538461538464
4087	5011	0.004807692307692308
4131	5001	0.019230769230769232
4186	4914	0.009615384615384616
4193	4814	0.004807692307692308
4205	5244	0.004807692307692308
4218	4486	0.004807692307692308
4221	4395	0.004807692307692308
4221	4411	0.004807692307692308
4256	4670	0.004807692307692308
4256	4945	0.004807692307692308
4264	4486	0.019230769230769232
4284	4670	0.004807692307692308
4284	4945	0.009615384615384616
4310	4486	0.014423076923076924
4321	5001	0.004807692307692308
4329	4486	0.1346153846153846
4329	5011	0.009615384615384616
4337	4814	0.014423076923076924
4350	4486	0.004807692307692308
4372	4486	0.019230769230769232
4383	4744	0.004807692307692308
4411	4486	0.0625
4429	4914	0.004807692307692308
4470	4938	0.009615384615384616
4486	4570	0.014423076923076924
4486	4573	0.04326923076923077
4486	4688	0.004807692307692308
4486	4759	0.04326923076923077
4486	4783	0.014423076923076924
4486	4819	0.004807692307692308
4486	4945	0.004807692307692308
4486	5026	0.02403846153846154
4486	5041	0.028846153846153848
4486	5186	0.004807692307692308
4486	5207	0.14903846153846154
4486	5212	0.014423076923076924
4487	4814	0.004807692307692308
4517	5201	0.004807692307692308
4525	4670	0.004807692307692308
4570	4744	0.014423076923076924
4611	5244	0.014423076923076924
4629	4716	0.004807692307692308
4629	4945	0.009615384615384616
4629	5026	0.009615384615384616
4650	4814	0.009615384615384616
4670	4814	0.02403846153846154
4670	5011	0.014423076923076924
4691	4814	0.004807692307692308
4744	4945	0.019230769230769232
4759	4814	0.004807692307692308
4759	5207	0.009615384615384616
4769	5011	0.03365384615384615
4803	4814	0.09134615384615384
4813	4814	0.03365384615384615
4814	4914	0.004807692307692308
4814	4961	0.019230769230769232
4814	5001	0.03365384615384615
4814	5039	0.014423076923076924
4914	5185	0.004807692307692308
4945	5011	0.009615384615384616
5011	5026	0.009615384615384616
5011	5041	0.009615384615384616
5011	5207	0.028846153846153848
5039	5244	0.038461538461538464
