0 0
1 1
2 2
3 3
4 4
5 5
6 6
7 7
8 8
9 9
10 10
11 11
12 12
13 13
14 14
15 15
16 16
17 17
18 18
19 19
20 20
21 21
22 22
23 23
24 24
25 25
26 26
27 27
28 28
29 29
30 30
31 31
32 32
33 33
34 34
35 35
36 36
37 37
38 38
39 39
40 40
41 41
42 42
43 43
44 44
45 45
46 46
47 47
48 48
49 49
50 50
51 51
52 52
53 53
54 54
55 55
56 56
57 57
58 58
59 59
60 60
61 61
62 62
63 63
64 64
65 65
66 66
67 67
68 68
69 69
70 70
71 71
72 72
73 73
74 74
75 75
76 76
77 77
78 78
79 4704
80 447
81 79
82 80
83 81
84 82
85 83
86 84
87 85
88 86
89 87
90 88
91 89
92 90
93 91
94 92
95 93
96 94
97 95
98 96
99 97
100 98
101 99
102 100
103 101
104 102
105 103
106 104
107 105
108 106
109 107
110 108
111 109
112 110
113 111
114 112
115 113
116 114
117 115
118 116
119 117
120 118
121 119
122 120
123 121
124 122
125 123
126 124
127 125
128 126
129 127
130 128
131 129
132 130
133 131
134 132
135 133
136 134
137 135
138 136
139 137
140 138
141 139
142 140
143 141
144 142
145 143
146 144
147 145
148 146
149 147
150 148
151 149
152 150
153 151
154 152
155 153
156 154
157 155
158 156
159 157
160 158
161 159
162 160
163 161
164 162
165 163
166 164
167 165
168 166
169 167
170 168
171 169
172 170
173 171
174 172
175 173
176 174
177 175
178 176
179 177
180 178
181 179
182 180
183 181
184 182
185 183
186 184
187 185
188 447
189 186
190 187
191 188
192 189
193 190
194 191
195 192
196 193
197 194
198 195
199 196
200 197
201 198
202 199
203 200
204 201
205 202
206 203
207 204
208 205
209 206
210 207
211 208
212 209
213 210
214 211
215 212
216 213
217 214
218 215
219 216
220 217
221 218
222 4492
223 219
224 220
225 221
226 222
227 223
228 224
229 225
230 226
231 227
232 228
233 229
234 230
235 231
236 232
237 233
238 234
239 235
240 236
241 237
242 238
243 239
244 240
245 241
246 242
247 243
248 244
249 245
250 246
251 247
252 2099
253 248
254 249
255 250
256 251
257 252
258 253
259 254
260 255
261 256
262 257
263 258
264 259
265 260
266 261
267 262
268 263
269 264
270 265
271 266
272 267
273 268
274 269
275 270
276 271
277 272
278 273
279 274
280 275
281 276
282 277
283 278
284 279
285 280
286 281
287 282
288 283
289 284
290 285
291 286
292 287
293 288
294 289
295 290
296 291
297 292
298 293
299 294
300 295
301 296
302 297
303 298
304 299
305 300
306 301
307 302
308 303
309 304
310 305
311 306
312 307
313 308
314 2099
315 309
316 310
317 311
318 312
319 313
320 314
321 315
322 316
323 45
324 317
325 318
326 319
327 320
328 321
329 322
330 323
331 324
332 325
333 326
334 327
335 4009
336 328
337 329
338 330
339 331
340 332
341 333
342 334
343 335
344 336
345 337
346 338
347 339
348 340
349 341
350 342
351 343
352 344
353 345
354 346
355 347
356 348
357 349
358 350
359 351
360 352
361 353
362 354
363 355
364 356
365 357
366 358
367 359
368 360
369 361
370 362
371 363
372 364
373 365
374 366
375 367
376 4024
377 368
378 369
379 370
380 371
381 372
382 373
383 374
384 375
385 376
386 377
387 378
388 379
389 380
390 381
391 382
392 383
393 384
394 4009
395 385
396 386
397 387
398 388
399 389
400 390
401 391
402 392
403 393
404 394
405 395
406 396
407 397
408 398
409 399
410 400
411 401
412 402
413 403
414 404
415 405
416 406
417 407
418 408
419 409
420 4886
421 410
422 411
423 412
424 413
425 414
426 415
427 416
428 417
429 418
430 419
431 420
432 421
433 422
434 423
435 424
436 425
437 426
438 427
439 428
440 429
441 430
442 431
443 432
444 433
445 434
446 435
447 436
448 437
449 438
450 439
451 440
452 441
453 442
454 443
455 444
456 445
457 446
458 447
459 448
460 449
461 450
462 451
463 452
464 453
465 454
466 455
467 456
468 457
469 458
470 459
471 460
472 461
473 462
474 4492
475 463
476 464
477 465
478 466
479 467
480 468
481 469
482 470
483 471
484 472
485 473
486 474
487 475
488 476
489 477
490 478
491 479
492 480
493 481
494 482
495 483
496 484
497 485
498 486
499 487
500 488
501 489
502 490
503 491
504 492
505 493
506 494
507 495
508 496
509 497
510 498
511 499
512 500
513 501
514 502
515 503
516 504
517 505
518 506
519 507
520 508
521 509
522 510
523 511
524 512
525 513
526 514
527 515
528 516
529 517
530 518
531 519
532 520
533 521
534 522
535 523
536 524
537 525
538 526
539 527
540 528
541 529
542 530
543 531
544 532
545 533
546 534
547 535
548 536
549 537
550 538
551 539
552 540
553 541
554 542
555 543
556 544
557 545
558 546
559 547
560 548
561 549
562 447
563 550
564 551
565 552
566 553
567 554
568 555
569 556
570 557
571 558
572 559
573 560
574 561
575 562
576 563
577 564
578 565
579 566
580 567
581 568
582 569
583 570
584 571
585 572
586 573
587 574
588 575
589 576
590 577
591 578
592 579
593 580
594 581
595 582
596 583
597 584
598 585
599 586
600 587
601 588
602 589
603 590
604 591
605 592
606 593
607 447
608 594
609 595
610 596
611 597
612 598
613 599
614 600
615 601
616 602
617 603
618 604
619 605
620 606
621 607
622 608
623 609
624 610
625 611
626 612
627 613
628 614
629 615
630 616
631 617
632 618
633 619
634 620
635 4492
636 621
637 622
638 623
639 624
640 625
641 626
642 627
643 628
644 629
645 630
646 631
647 632
648 633
649 634
650 1203
651 635
652 636
653 637
654 638
655 639
656 640
657 641
658 642
659 643
660 45
661 4886
662 644
663 645
664 646
665 647
666 648
667 649
668 650
669 651
670 652
671 653
672 654
673 655
674 656
675 657
676 658
677 659
678 660
679 661
680 662
681 663
682 664
683 665
684 666
685 667
686 668
687 669
688 670
689 671
690 672
691 673
692 674
693 675
694 676
695 677
696 678
697 679
698 680
699 681
700 682
701 683
702 684
703 685
704 686
705 687
706 688
707 689
708 690
709 691
710 692
711 693
712 694
713 695
714 696
715 697
716 447
717 698
718 699
719 700
720 701
721 702
722 703
723 704
724 705
725 706
726 707
727 708
728 709
729 710
730 711
731 712
732 713
733 714
734 715
735 716
736 717
737 718
738 719
739 720
740 721
741 722
742 723
743 724
744 725
745 726
746 727
747 728
748 729
749 730
750 731
751 732
752 733
753 734
754 735
755 736
756 737
757 738
758 739
759 740
760 741
761 742
762 743
763 744
764 745
765 746
766 747
767 748
768 749
769 750
770 751
771 752
772 753
773 754
774 755
775 756
776 757
777 758
778 759
779 760
780 761
781 762
782 763
783 764
784 765
785 766
786 767
787 768
788 769
789 770
790 771
791 772
792 773
793 774
794 775
795 776
796 777
797 778
798 779
799 780
800 781
801 782
802 45
803 447
804 783
805 784
806 785
807 786
808 787
809 788
810 789
811 790
812 791
813 792
814 793
815 794
816 795
817 796
818 797
819 798
820 799
821 800
822 801
823 802
824 803
825 804
826 805
827 806
828 807
829 808
830 809
831 810
832 811
833 812
834 813
835 814
836 815
837 816
838 817
839 818
840 819
841 820
842 821
843 822
844 823
845 824
846 825
847 826
848 827
849 828
850 829
851 830
852 831
853 832
854 833
855 834
856 835
857 836
858 837
859 838
860 839
861 840
862 841
863 842
864 843
865 844
866 845
867 846
868 847
869 848
870 849
871 850
872 851
873 852
874 853
875 45
876 854
877 855
878 856
879 857
880 858
881 859
882 860
883 861
884 862
885 863
886 864
887 865
888 866
889 45
890 867
891 868
892 869
893 870
894 871
895 872
896 873
897 874
898 875
899 876
900 877
901 878
902 879
903 880
904 4009
905 881
906 882
907 883
908 884
909 885
910 886
911 887
912 888
913 889
914 890
915 891
916 892
917 893
918 894
919 895
920 896
921 897
922 898
923 899
924 900
925 901
926 902
927 903
928 904
929 905
930 906
931 907
932 908
933 909
934 910
935 911
936 912
937 913
938 914
939 915
940 916
941 917
942 918
943 919
944 920
945 921
946 922
947 923
948 924
949 925
950 926
951 927
952 447
953 928
954 929
955 930
956 931
957 932
958 447
959 933
960 934
961 935
962 936
963 937
964 938
965 4492
966 939
967 940
968 941
969 942
970 943
971 944
972 945
973 946
974 947
975 948
976 949
977 950
978 951
979 952
980 953
981 954
982 955
983 956
984 957
985 958
986 959
987 960
988 961
989 4009
990 962
991 963
992 964
993 965
994 966
995 967
996 968
997 969
998 970
999 971
1000 972
1001 973
1002 974
1003 975
1004 976
1005 977
1006 978
1007 979
1008 980
1009 981
1010 982
1011 983
1012 984
1013 985
1014 986
1015 987
1016 988
1017 989
1018 990
1019 991
1020 992
1021 993
1022 994
1023 995
1024 4704
1025 996
1026 997
1027 998
1028 999
1029 1000
1030 1001
1031 1002
1032 1003
1033 1004
1034 1005
1035 1006
1036 1007
1037 1008
1038 1009
1039 1010
1040 1011
1041 1012
1042 1013
1043 1014
1044 1015
1045 1016
1046 1017
1047 1018
1048 1019
1049 1020
1050 1021
1051 1022
1052 1023
1053 1024
1054 1025
1055 1026
1056 1027
1057 1028
1058 1029
1059 1030
1060 1031
1061 1032
1062 1033
1063 1034
1064 1035
1065 1036
1066 1037
1067 1038
1068 1039
1069 1040
1070 1041
1071 1042
1072 1043
1073 1044
1074 1045
1075 1046
1076 1047
1077 447
1078 1048
1079 1049
1080 1050
1081 1051
1082 1052
1083 1053
1084 1054
1085 1055
1086 1056
1087 1057
1088 1058
1089 1059
1090 1060
1091 1061
1092 1062
1093 1063
1094 1064
1095 1065
1096 1066
1097 1067
1098 1068
1099 1069
1100 1070
1101 1071
1102 1072
1103 1073
1104 1074
1105 1075
1106 1076
1107 1077
1108 1078
1109 4704
1110 1079
1111 1080
1112 1081
1113 1082
1114 1083
1115 1084
1116 1085
1117 1086
1118 1087
1119 1088
1120 1089
1121 1090
1122 1091
1123 1092
1124 1093
1125 1094
1126 1095
1127 1096
1128 1097
1129 1098
1130 1099
1131 1100
1132 1101
1133 1102
1134 1103
1135 1104
1136 1105
1137 1106
1138 1107
1139 1108
1140 1109
1141 1110
1142 1111
1143 1112
1144 1113
1145 1114
1146 1115
1147 1116
1148 1117
1149 1118
1150 1119
1151 1120
1152 1121
1153 1122
1154 1123
1155 1124
1156 1125
1157 1126
1158 1127
1159 1128
1160 1129
1161 4009
1162 1130
1163 1131
1164 1132
1165 1133
1166 1134
1167 1135
1168 1136
1169 1137
1170 1138
1171 1139
1172 1140
1173 1141
1174 1142
1175 1143
1176 1144
1177 1145
1178 1146
1179 1147
1180 4704
1181 1148
1182 1149
1183 1150
1184 1151
1185 1152
1186 1153
1187 1154
1188 1155
1189 1156
1190 1157
1191 1158
1192 1159
1193 1160
1194 1161
1195 1162
1196 1163
1197 1164
1198 1165
1199 447
1200 1166
1201 1167
1202 1168
1203 1169
1204 1170
1205 1171
1206 1172
1207 1173
1208 1174
1209 1175
1210 1176
1211 1177
1212 1178
1213 1179
1214 1180
1215 1181
1216 1182
1217 1183
1218 1184
1219 1185
1220 1186
1221 1187
1222 1188
1223 1189
1224 1190
1225 1191
1226 1192
1227 1193
1228 1194
1229 1195
1230 1196
1231 4009
1232 1197
1233 1198
1234 1199
1235 1200
1236 1201
1237 1202
1238 45
1239 1204
1240 1205
1241 1206
1242 1207
1243 1208
1244 1209
1245 1210
1246 1211
1247 1212
1248 1213
1249 1214
1250 1215
1251 1216
1252 1217
1253 1218
1254 1219
1255 1220
1256 1221
1257 1222
1258 1223
1259 1224
1260 1225
1261 1226
1262 1227
1263 1228
1264 1229
1265 1230
1266 1231
1267 1232
1268 1233
1269 1234
1270 1235
1271 1236
1272 1237
1273 1238
1274 1239
1275 1240
1276 1241
1277 1242
1278 1243
1279 1244
1280 447
1281 447
1282 1245
1283 1246
1284 1247
1285 1248
1286 1249
1287 1250
1288 1251
1289 1252
1290 1253
1291 1254
1292 1255
1293 1256
1294 1257
1295 1258
1296 1259
1297 1260
1298 1261
1299 1262
1300 1263
1301 1264
1302 1265
1303 1266
1304 1267
1305 1268
1306 1269
1307 1270
1308 1271
1309 1272
1310 1273
1311 1274
1312 1275
1313 1276
1314 1277
1315 1278
1316 1279
1317 1280
1318 1281
1319 1282
1320 1283
1321 1284
1322 1285
1323 1286
1324 1287
1325 1288
1326 1289
1327 1290
1328 1291
1329 1292
1330 1293
1331 1294
1332 1295
1333 1296
1334 1297
1335 1298
1336 1299
1337 1300
1338 1301
1339 1302
1340 1303
1341 1304
1342 1305
1343 1306
1344 1307
1345 1308
1346 1309
1347 1310
1348 1311
1349 1312
1350 1313
1351 1314
1352 1315
1353 1316
1354 1317
1355 1318
1356 1319
1357 1320
1358 1321
1359 1322
1360 1323
1361 1324
1362 1325
1363 1326
1364 1327
1365 1328
1366 1329
1367 1330
1368 1331
1369 1332
1370 1333
1371 1334
1372 1335
1373 1336
1374 1337
1375 1338
1376 1339
1377 1340
1378 45
1379 1341
1380 1342
1381 1343
1382 1344
1383 1345
1384 1346
1385 1347
1386 1348
1387 1349
1388 1350
1389 1351
1390 1352
1391 1353
1392 1354
1393 1355
1394 1356
1395 1357
1396 1358
1397 1359
1398 1360
1399 1361
1400 1362
1401 1363
1402 1364
1403 1365
1404 1366
1405 1367
1406 1368
1407 1369
1408 1370
1409 1371
1410 1372
1411 1373
1412 1374
1413 1375
1414 1376
1415 1377
1416 1378
1417 1379
1418 1380
1419 1381
1420 1382
1421 1383
1422 1384
1423 1385
1424 1386
1425 1387
1426 1388
1427 45
1428 1389
1429 1390
1430 1391
1431 1392
1432 1393
1433 1394
1434 1395
1435 1396
1436 1397
1437 1398
1438 1399
1439 1400
1440 1401
1441 1402
1442 1403
1443 1404
1444 1405
1445 1406
1446 1407
1447 1408
1448 1409
1449 1410
1450 1411
1451 1412
1452 1413
1453 1414
1454 1415
1455 1416
1456 1417
1457 1418
1458 1419
1459 1420
1460 1421
1461 1422
1462 1423
1463 1424
1464 1425
1465 1426
1466 1427
1467 1428
1468 1429
1469 1430
1470 1431
1471 1432
1472 1433
1473 1434
1474 1435
1475 447
1476 1436
1477 1437
1478 1438
1479 1439
1480 1440
1481 1441
1482 1442
1483 1443
1484 1444
1485 1445
1486 1446
1487 1447
1488 1448
1489 4886
1490 1449
1491 1450
1492 1451
1493 1452
1494 1453
1495 1454
1496 1455
1497 1456
1498 1457
1499 1458
1500 1459
1501 1460
1502 1461
1503 1462
1504 447
1505 1463
1506 1464
1507 1465
1508 1466
1509 1467
1510 1468
1511 1469
1512 1470
1513 1471
1514 1472
1515 1473
1516 1474
1517 1475
1518 1476
1519 1477
1520 1478
1521 1479
1522 1480
1523 1481
1524 1482
1525 1483
1526 45
1527 1484
1528 1485
1529 1486
1530 1487
1531 1488
1532 1489
1533 1490
1534 1491
1535 4492
1536 1492
1537 1493
1538 1494
1539 1495
1540 1496
1541 1497
1542 1498
1543 1499
1544 1500
1545 1501
1546 1502
1547 1503
1548 1504
1549 447
1550 1505
1551 1506
1552 1507
1553 1508
1554 1509
1555 1510
1556 1511
1557 1512
1558 1513
1559 1514
1560 1515
1561 1516
1562 1517
1563 1518
1564 1519
1565 1520
1566 1521
1567 1522
1568 1523
1569 1524
1570 1525
1571 1526
1572 4009
1573 1527
1574 1528
1575 1529
1576 1530
1577 1531
1578 1532
1579 1533
1580 1534
1581 1535
1582 1536
1583 1537
1584 1538
1585 1539
1586 1540
1587 1541
1588 1542
1589 1543
1590 1544
1591 1545
1592 1546
1593 1547
1594 1548
1595 1549
1596 1550
1597 1551
1598 1552
1599 1553
1600 1554
1601 1555
1602 1556
1603 1557
1604 1558
1605 1559
1606 1560
1607 1561
1608 1562
1609 1563
1610 1564
1611 1565
1612 1566
1613 1567
1614 1568
1615 1569
1616 1570
1617 1571
1618 1572
1619 1573
1620 1574
1621 1575
1622 1576
1623 1577
1624 1578
1625 1579
1626 1580
1627 1581
1628 1582
1629 1583
1630 1584
1631 4492
1632 1585
1633 1586
1634 1587
1635 1588
1636 1589
1637 1590
1638 1591
1639 1592
1640 1593
1641 1594
1642 1595
1643 1596
1644 1597
1645 1598
1646 1599
1647 1600
1648 1601
1649 1602
1650 1603
1651 1604
1652 1605
1653 1606
1654 1607
1655 1608
1656 1609
1657 1610
1658 1611
1659 1612
1660 1613
1661 1614
1662 1615
1663 1616
1664 1617
1665 1618
1666 1619
1667 45
1668 1620
1669 1621
1670 1622
1671 1623
1672 1624
1673 1625
1674 1626
1675 1627
1676 1628
1677 1629
1678 1630
1679 1631
1680 1632
1681 1633
1682 1634
1683 1635
1684 1636
1685 1637
1686 1638
1687 1639
1688 1640
1689 1641
1690 1642
1691 1643
1692 1644
1693 1645
1694 1646
1695 1647
1696 1648
1697 1649
1698 1650
1699 1651
1700 1652
1701 1653
1702 1654
1703 1655
1704 1656
1705 1657
1706 1658
1707 1659
1708 4492
1709 1660
1710 1661
1711 1662
1712 1663
1713 1664
1714 1665
1715 1666
1716 1667
1717 4009
1718 1668
1719 1669
1720 1670
1721 1671
1722 1672
1723 1673
1724 1674
1725 1675
1726 1676
1727 1677
1728 1678
1729 1679
1730 1680
1731 1681
1732 1682
1733 1683
1734 1684
1735 1685
1736 1686
1737 1687
1738 1688
1739 1689
1740 1690
1741 4886
1742 1691
1743 1692
1744 1693
1745 1694
1746 1695
1747 1696
1748 1697
1749 1698
1750 1699
1751 1700
1752 1701
1753 1702
1754 1703
1755 1704
1756 1705
1757 1706
1758 1707
1759 1708
1760 1709
1761 1710
1762 1711
1763 1712
1764 1713
1765 1714
1766 1715
1767 1716
1768 1717
1769 1718
1770 1719
1771 1720
1772 1721
1773 1722
1774 1723
1775 1724
1776 1725
1777 1726
1778 1727
1779 1728
1780 1729
1781 1730
1782 1731
1783 1732
1784 1733
1785 1734
1786 1735
1787 1736
1788 1737
1789 1738
1790 1739
1791 1740
1792 1741
1793 1742
1794 1743
1795 1744
1796 1745
1797 1746
1798 1747
1799 1748
1800 1749
1801 1750
1802 1751
1803 1752
1804 1753
1805 1754
1806 1755
1807 1756
1808 1757
1809 1758
1810 1759
1811 1760
1812 1761
1813 1762
1814 1763
1815 1764
1816 1765
1817 1766
1818 1767
1819 1768
1820 447
1821 1769
1822 1770
1823 1771
1824 1772
1825 1773
1826 1774
1827 1775
1828 1776
1829 1777
1830 4492
1831 1778
1832 1779
1833 1780
1834 1781
1835 1782
1836 1783
1837 1784
1838 1785
1839 1786
1840 1787
1841 4886
1842 1788
1843 1789
1844 1790
1845 1791
1846 1792
1847 1793
1848 1794
1849 1795
1850 1796
1851 1797
1852 1798
1853 45
1854 1799
1855 1800
1856 1801
1857 1802
1858 1803
1859 1804
1860 1805
1861 1806
1862 1807
1863 1808
1864 1809
1865 1810
1866 1811
1867 1812
1868 1813
1869 1814
1870 1815
1871 1816
1872 1817
1873 1818
1874 1819
1875 1820
1876 1821
1877 1822
1878 1823
1879 1824
1880 4492
1881 1825
1882 1826
1883 1827
1884 1828
1885 1829
1886 1830
1887 1831
1888 1832
1889 1833
1890 1834
1891 1835
1892 1836
1893 1837
1894 1838
1895 1839
1896 1840
1897 1841
1898 1842
1899 1843
1900 1844
1901 1845
1902 1846
1903 1847
1904 4704
1905 1848
1906 1849
1907 1850
1908 1851
1909 1852
1910 1853
1911 1854
1912 1855
1913 1856
1914 1857
1915 1858
1916 1859
1917 1860
1918 1861
1919 1862
1920 1863
1921 1864
1922 1865
1923 4886
1924 4704
1925 1866
1926 1867
1927 1868
1928 1869
1929 4492
1930 1870
1931 1871
1932 1872
1933 1873
1934 1874
1935 1875
1936 1876
1937 1877
1938 1878
1939 1879
1940 1880
1941 1881
1942 1882
1943 1883
1944 1884
1945 1885
1946 1886
1947 1887
1948 1888
1949 1889
1950 1890
1951 1891
1952 1892
1953 1893
1954 1894
1955 1895
1956 1896
1957 1897
1958 1898
1959 1899
1960 1900
1961 1901
1962 1902
1963 4492
1964 1903
1965 1904
1966 1905
1967 1906
1968 1907
1969 1908
1970 1909
1971 1910
1972 1911
1973 1912
1974 1913
1975 1914
1976 1915
1977 1916
1978 1917
1979 1918
1980 1919
1981 1920
1982 1921
1983 1922
1984 1923
1985 1924
1986 1925
1987 1926
1988 1927
1989 1928
1990 1929
1991 1930
1992 1931
1993 1932
1994 1933
1995 1934
1996 1935
1997 1936
1998 1937
1999 1938
2000 1939
2001 1940
2002 1941
2003 1942
2004 1943
2005 1944
2006 1945
2007 1946
2008 1947
2009 1948
2010 1949
2011 1950
2012 1951
2013 1952
2014 1953
2015 1954
2016 1955
2017 1956
2018 1957
2019 1958
2020 1959
2021 1960
2022 1961
2023 1962
2024 1963
2025 1964
2026 1965
2027 1966
2028 1967
2029 1968
2030 1969
2031 1970
2032 1971
2033 1972
2034 1973
2035 1974
2036 1975
2037 1976
2038 1977
2039 1978
2040 1979
2041 1980
2042 1981
2043 1982
2044 1983
2045 1984
2046 1985
2047 4886
2048 1986
2049 1987
2050 1988
2051 1989
2052 1990
2053 1991
2054 1992
2055 1993
2056 1994
2057 1995
2058 1996
2059 1997
2060 1998
2061 1999
2062 2000
2063 2001
2064 2002
2065 2003
2066 2004
2067 2005
2068 2006
2069 2007
2070 2008
2071 2009
2072 2010
2073 2011
2074 2012
2075 2013
2076 2014
2077 2015
2078 4704
2079 2016
2080 2017
2081 2018
2082 2019
2083 2020
2084 2021
2085 2022
2086 2023
2087 2024
2088 2025
2089 2026
2090 2027
2091 2028
2092 2029
2093 2030
2094 2031
2095 2032
2096 2033
2097 2034
2098 2035
2099 2036
2100 2037
2101 2038
2102 2039
2103 2040
2104 2041
2105 2042
2106 2043
2107 2044
2108 2045
2109 2046
2110 2047
2111 2048
2112 2049
2113 2050
2114 2051
2115 2052
2116 2053
2117 2054
2118 2055
2119 2056
2120 2057
2121 2058
2122 2059
2123 2060
2124 2061
2125 2062
2126 2063
2127 2064
2128 447
2129 2065
2130 2066
2131 2067
2132 2068
2133 2069
2134 2070
2135 2071
2136 2072
2137 2073
2138 2074
2139 2075
2140 2076
2141 2077
2142 2078
2143 2079
2144 2080
2145 2081
2146 2082
2147 2083
2148 2084
2149 2085
2150 2086
2151 2087
2152 2088
2153 4009
2154 2089
2155 45
2156 2090
2157 2091
2158 2092
2159 2093
2160 2094
2161 2095
2162 2096
2163 2097
2164 2098
2165 2099
2166 2099
2167 2100
2168 2101
2169 2102
2170 2103
2171 2104
2172 2105
2173 2106
2174 2107
2175 2108
2176 2109
2177 2110
2178 2111
2179 2112
2180 2113
2181 2114
2182 2115
2183 2116
2184 2117
2185 2118
2186 2119
2187 2120
2188 2121
2189 2122
2190 2123
2191 2124
2192 2125
2193 2126
2194 2127
2195 2128
2196 2129
2197 2130
2198 2131
2199 2132
2200 2133
2201 447
2202 2134
2203 2135
2204 2136
2205 2137
2206 2138
2207 2139
2208 2140
2209 2141
2210 2142
2211 2143
2212 2144
2213 2145
2214 4492
2215 2146
2216 2147
2217 2148
2218 2149
2219 2150
2220 2151
2221 2152
2222 2153
2223 2154
2224 2155
2225 2156
2226 2157
2227 2158
2228 2159
2229 2160
2230 2161
2231 2162
2232 2163
2233 2164
2234 2165
2235 2166
2236 2167
2237 2168
2238 2169
2239 2170
2240 2171
2241 2172
2242 2173
2243 2174
2244 2175
2245 2176
2246 2177
2247 2178
2248 2179
2249 2180
2250 2181
2251 2182
2252 2183
2253 2184
2254 2185
2255 2186
2256 2187
2257 2188
2258 2189
2259 2190
2260 2191
2261 2192
2262 2193
2263 2194
2264 2195
2265 2196
2266 2197
2267 2198
2268 2199
2269 2200
2270 2201
2271 2202
2272 2203
2273 2204
2274 2205
2275 2206
2276 2207
2277 2208
2278 2209
2279 2210
2280 2211
2281 2212
2282 2213
2283 2214
2284 2215
2285 2216
2286 2217
2287 2218
2288 2219
2289 2220
2290 2221
2291 2222
2292 2223
2293 2224
2294 2225
2295 2226
2296 2227
2297 2228
2298 2229
2299 2230
2300 2231
2301 2232
2302 2233
2303 2234
2304 2235
2305 2236
2306 2237
2307 2238
2308 2239
2309 2240
2310 2241
2311 2242
2312 4009
2313 2243
2314 2244
2315 2245
2316 2246
2317 2247
2318 2248
2319 2249
2320 2250
2321 2251
2322 2252
2323 2253
2324 2254
2325 2255
2326 2256
2327 2257
2328 2258
2329 2259
2330 2260
2331 2261
2332 4492
2333 2262
2334 2263
2335 2264
2336 2265
2337 45
2338 2266
2339 2267
2340 2268
2341 2269
2342 2270
2343 2271
2344 2272
2345 2273
2346 2274
2347 2275
2348 2276
2349 2277
2350 2278
2351 2279
2352 2280
2353 2281
2354 2282
2355 2283
2356 2284
2357 2285
2358 2286
2359 2287
2360 2288
2361 2289
2362 2290
2363 2291
2364 2292
2365 2293
2366 2294
2367 2295
2368 2296
2369 2297
2370 2298
2371 2299
2372 2300
2373 2301
2374 2302
2375 2303
2376 2304
2377 2305
2378 2306
2379 2307
2380 2308
2381 2309
2382 2310
2383 2311
2384 2312
2385 2313
2386 2314
2387 2315
2388 2316
2389 2317
2390 2318
2391 2319
2392 2320
2393 2321
2394 2322
2395 2323
2396 2324
2397 2325
2398 2326
2399 2327
2400 2328
2401 2329
2402 2330
2403 2331
2404 2332
2405 4492
2406 2333
2407 2334
2408 2335
2409 2336
2410 2337
2411 2338
2412 2339
2413 2340
2414 2341
2415 2342
2416 2343
2417 2344
2418 2345
2419 2346
2420 2347
2421 2348
2422 2349
2423 2350
2424 2351
2425 2352
2426 2353
2427 2354
2428 2355
2429 2356
2430 2357
2431 2358
2432 2359
2433 2360
2434 2361
2435 2362
2436 2363
2437 2364
2438 2365
2439 2366
2440 2367
2441 2368
2442 2369
2443 2370
2444 2371
2445 2372
2446 2373
2447 2374
2448 4337
2449 2375
2450 2376
2451 2377
2452 2378
2453 2379
2454 2380
2455 2381
2456 2382
2457 2383
2458 2384
2459 2385
2460 2386
2461 2387
2462 2388
2463 2389
2464 2390
2465 2391
2466 2392
2467 2393
2468 2394
2469 2395
2470 2396
2471 2397
2472 2398
2473 2399
2474 2400
2475 2401
2476 2402
2477 2403
2478 2404
2479 2405
2480 2406
2481 2407
2482 2408
2483 2409
2484 2410
2485 2411
2486 2412
2487 2413
2488 2414
2489 2415
2490 2416
2491 2417
2492 2418
2493 2419
2494 2420
2495 2421
2496 2422
2497 2423
2498 2424
2499 2425
2500 2426
2501 2427
2502 2428
2503 2429
2504 447
2505 2430
2506 2431
2507 2432
2508 2433
2509 2434
2510 2435
2511 2436
2512 2437
2513 2438
2514 2439
2515 2440
2516 2441
2517 2442
2518 2443
2519 2444
2520 2445
2521 2446
2522 2447
2523 2448
2524 2449
2525 2450
2526 2451
2527 2452
2528 2453
2529 2454
2530 2455
2531 2456
2532 2457
2533 2458
2534 2459
2535 2460
2536 2461
2537 2462
2538 2463
2539 2464
2540 2465
2541 2466
2542 2467
2543 2468
2544 2469
2545 2470
2546 2471
2547 447
2548 2472
2549 2473
2550 2474
2551 2475
2552 2476
2553 2477
2554 2478
2555 2479
2556 2480
2557 2481
2558 2482
2559 2483
2560 2484
2561 2485
2562 2486
2563 2487
2564 2488
2565 2489
2566 2490
2567 2491
2568 2492
2569 2493
2570 2494
2571 2495
2572 2496
2573 2497
2574 2498
2575 2499
2576 2500
2577 2501
2578 2502
2579 2503
2580 2504
2581 2505
2582 2506
2583 2507
2584 2508
2585 2509
2586 2510
2587 2511
2588 2512
2589 2513
2590 2514
2591 2515
2592 2516
2593 2517
2594 447
2595 2518
2596 2519
2597 4009
2598 2520
2599 2521
2600 2522
2601 2523
2602 2524
2603 2525
2604 2526
2605 2527
2606 2528
2607 2529
2608 2530
2609 2531
2610 2532
2611 2533
2612 2534
2613 2535
2614 2536
2615 2537
2616 2538
2617 2539
2618 2540
2619 447
2620 2541
2621 2542
2622 2543
2623 2544
2624 2545
2625 2546
2626 2547
2627 2548
2628 4886
2629 2549
2630 2550
2631 2551
2632 2552
2633 2553
2634 2554
2635 2555
2636 45
2637 2556
2638 2557
2639 2558
2640 2559
2641 2560
2642 2561
2643 2562
2644 2563
2645 2564
2646 2565
2647 2566
2648 2567
2649 2568
2650 2569
2651 2570
2652 2571
2653 2572
2654 4704
2655 2573
2656 2574
2657 2575
2658 2576
2659 2577
2660 2578
2661 2579
2662 2580
2663 2581
2664 2582
2665 2583
2666 2584
2667 2585
2668 2586
2669 2587
2670 2588
2671 2589
2672 2590
2673 2591
2674 2592
2675 2593
2676 2594
2677 2595
2678 2596
2679 2597
2680 2598
2681 2599
2682 2600
2683 2601
2684 2602
2685 2603
2686 2604
2687 2605
2688 2606
2689 2607
2690 2608
2691 2609
2692 2610
2693 2611
2694 2612
2695 2613
2696 2614
2697 2615
2698 2616
2699 2617
2700 2618
2701 2619
2702 2620
2703 2621
2704 2622
2705 2623
2706 2624
2707 2625
2708 2626
2709 2627
2710 2628
2711 2629
2712 2630
2713 2631
2714 4704
2715 2632
2716 2633
2717 2634
2718 2635
2719 2636
2720 2637
2721 2638
2722 2639
2723 2640
2724 2641
2725 2642
2726 2643
2727 2644
2728 2645
2729 2646
2730 2647
2731 2648
2732 2649
2733 2650
2734 2651
2735 2652
2736 2653
2737 2654
2738 2655
2739 2656
2740 2657
2741 2658
2742 2659
2743 2660
2744 2661
2745 2662
2746 2663
2747 2664
2748 2665
2749 2666
2750 2667
2751 2668
2752 2669
2753 2670
2754 4492
2755 2671
2756 2672
2757 2673
2758 2674
2759 2675
2760 2676
2761 2677
2762 45
2763 2678
2764 2679
2765 2680
2766 2681
2767 2682
2768 2683
2769 2684
2770 2685
2771 2686
2772 2687
2773 2688
2774 2689
2775 2690
2776 2691
2777 2692
2778 2693
2779 2694
2780 2695
2781 2696
2782 2697
2783 2698
2784 2699
2785 2700
2786 2701
2787 2702
2788 2703
2789 2704
2790 2705
2791 2706
2792 2707
2793 2708
2794 2709
2795 2710
2796 2711
2797 2712
2798 2713
2799 2714
2800 2715
2801 2716
2802 2717
2803 447
2804 2718
2805 2719
2806 2720
2807 2721
2808 2722
2809 2723
2810 2724
2811 2725
2812 2726
2813 2727
2814 2728
2815 2729
2816 2730
2817 2731
2818 2732
2819 2733
2820 2734
2821 2735
2822 2736
2823 2737
2824 2738
2825 2739
2826 2740
2827 2741
2828 4492
2829 2742
2830 2743
2831 2744
2832 2745
2833 2746
2834 2747
2835 2748
2836 45
2837 2749
2838 2750
2839 2751
2840 2752
2841 2753
2842 2754
2843 2755
2844 2756
2845 2757
2846 2758
2847 2759
2848 2760
2849 2761
2850 2762
2851 2763
2852 2764
2853 2765
2854 2766
2855 2767
2856 2768
2857 2769
2858 2770
2859 2771
2860 2772
2861 2773
2862 2774
2863 2775
2864 2099
2865 2776
2866 2777
2867 2778
2868 2779
2869 2780
2870 2781
2871 2782
2872 2783
2873 2784
2874 2785
2875 2786
2876 2787
2877 2788
2878 2789
2879 2790
2880 2791
2881 2792
2882 2793
2883 2794
2884 2795
2885 2796
2886 2797
2887 2798
2888 2799
2889 2800
2890 2801
2891 2802
2892 2803
2893 2804
2894 2805
2895 2806
2896 2807
2897 2808
2898 2809
2899 2810
2900 2811
2901 2812
2902 2813
2903 2814
2904 2815
2905 2816
2906 2817
2907 2818
2908 2819
2909 2820
2910 2821
2911 2822
2912 2823
2913 2824
2914 2825
2915 2826
2916 2827
2917 2828
2918 2829
2919 2830
2920 2831
2921 2832
2922 2833
2923 2834
2924 2835
2925 2836
2926 2837
2927 2838
2928 2839
2929 2840
2930 2841
2931 2842
2932 2843
2933 2844
2934 2845
2935 2846
2936 2847
2937 2848
2938 2849
2939 2850
2940 2851
2941 2852
2942 2853
2943 2854
2944 2855
2945 2856
2946 2857
2947 2858
2948 2859
2949 2860
2950 2861
2951 2862
2952 2863
2953 2864
2954 2865
2955 2866
2956 2867
2957 2868
2958 2869
2959 2870
2960 2871
2961 2872
2962 2873
2963 2874
2964 2875
2965 2876
2966 2877
2967 2878
2968 2879
2969 2880
2970 2881
2971 2882
2972 2883
2973 2884
2974 2885
2975 2886
2976 2887
2977 2888
2978 2889
2979 4492
2980 2890
2981 2891
2982 2892
2983 2893
2984 2894
2985 2895
2986 2896
2987 2897
2988 2898
2989 2899
2990 2900
2991 2901
2992 2902
2993 2903
2994 2904
2995 2905
2996 447
2997 2906
2998 2907
2999 2908
3000 2909
3001 2910
3002 2099
3003 2911
3004 2912
3005 2913
3006 2914
3007 2915
3008 2916
3009 4886
3010 2917
3011 2918
3012 2919
3013 2920
3014 2921
3015 2922
3016 2923
3017 2924
3018 2925
3019 2926
3020 2927
3021 2928
3022 2929
3023 2930
3024 2931
3025 2932
3026 2933
3027 2934
3028 2935
3029 2936
3030 2937
3031 2938
3032 2939
3033 2940
3034 2941
3035 2942
3036 2943
3037 2944
3038 2945
3039 2946
3040 2947
3041 45
3042 4704
3043 447
3044 2948
3045 4492
3046 2949
3047 2950
3048 2951
3049 2952
3050 2953
3051 2954
3052 2955
3053 2956
3054 2957
3055 2958
3056 2959
3057 2960
3058 4886
3059 2961
3060 2962
3061 2963
3062 2964
3063 2965
3064 2966
3065 2967
3066 2968
3067 2969
3068 2970
3069 2971
3070 2972
3071 2973
3072 2974
3073 2975
3074 2976
3075 2977
3076 2978
3077 2979
3078 2980
3079 2981
3080 2982
3081 2983
3082 2984
3083 2985
3084 2986
3085 2987
3086 447
3087 2988
3088 2989
3089 2990
3090 2991
3091 2992
3092 2993
3093 2994
3094 2995
3095 2996
3096 2997
3097 2998
3098 2999
3099 3000
3100 3001
3101 3002
3102 3003
3103 3004
3104 3005
3105 3006
3106 3007
3107 3008
3108 3009
3109 3010
3110 3011
3111 3012
3112 3013
3113 3014
3114 3015
3115 3016
3116 3017
3117 3018
3118 3019
3119 3020
3120 3021
3121 3022
3122 3023
3123 3024
3124 3025
3125 3026
3126 3027
3127 3028
3128 3029
3129 3030
3130 3031
3131 3032
3132 3033
3133 3034
3134 3035
3135 3036
3136 3037
3137 3038
3138 3039
3139 3040
3140 3041
3141 3042
3142 3043
3143 3044
3144 3045
3145 3046
3146 3047
3147 3048
3148 4492
3149 3049
3150 3050
3151 3051
3152 3052
3153 3053
3154 3054
3155 3055
3156 3056
3157 3057
3158 3058
3159 3059
3160 3060
3161 3061
3162 3062
3163 3063
3164 3064
3165 3065
3166 3066
3167 4492
3168 3067
3169 3068
3170 3069
3171 3070
3172 3071
3173 3072
3174 3073
3175 3074
3176 3075
3177 3076
3178 3077
3179 3078
3180 3079
3181 3080
3182 3081
3183 3082
3184 3083
3185 3084
3186 3085
3187 3086
3188 3087
3189 3088
3190 3089
3191 3090
3192 3091
3193 3092
3194 3093
3195 3094
3196 3095
3197 3096
3198 3097
3199 3098
3200 3099
3201 3100
3202 3101
3203 3102
3204 3103
3205 3104
3206 3105
3207 3106
3208 3107
3209 3108
3210 3109
3211 3110
3212 3111
3213 3112
3214 3113
3215 3114
3216 3115
3217 3116
3218 3117
3219 3118
3220 3119
3221 447
3222 447
3223 3120
3224 3121
3225 3122
3226 3123
3227 447
3228 3124
3229 3125
3230 4704
3231 3126
3232 3127
3233 3128
3234 447
3235 3129
3236 3130
3237 3131
3238 3132
3239 3133
3240 3134
3241 3135
3242 3136
3243 3137
3244 3138
3245 3139
3246 3140
3247 3141
3248 3142
3249 3143
3250 3144
3251 3145
3252 3146
3253 3147
3254 3148
3255 3149
3256 3150
3257 3151
3258 3152
3259 3153
3260 3154
3261 3155
3262 3156
3263 447
3264 3157
3265 3158
3266 3159
3267 3160
3268 3161
3269 3162
3270 3163
3271 3164
3272 3165
3273 3166
3274 3167
3275 3168
3276 3169
3277 3170
3278 3171
3279 3172
3280 3173
3281 3174
3282 3175
3283 3176
3284 3177
3285 3178
3286 3179
3287 3180
3288 3181
3289 3182
3290 3183
3291 3184
3292 3185
3293 3186
3294 3187
3295 3188
3296 3189
3297 3190
3298 3191
3299 3192
3300 3193
3301 3194
3302 3195
3303 3196
3304 3197
3305 3198
3306 3199
3307 3200
3308 3201
3309 3202
3310 3203
3311 3204
3312 3205
3313 3206
3314 3207
3315 3208
3316 3209
3317 3210
3318 3211
3319 3212
3320 3213
3321 3214
3322 3215
3323 3216
3324 3217
3325 3218
3326 3219
3327 3220
3328 3221
3329 3222
3330 3223
3331 447
3332 3224
3333 3225
3334 3226
3335 3227
3336 3228
3337 3229
3338 3230
3339 447
3340 3231
3341 4492
3342 3232
3343 3233
3344 3234
3345 3235
3346 3236
3347 3237
3348 3238
3349 3239
3350 3240
3351 3241
3352 3242
3353 3243
3354 3244
3355 3245
3356 3246
3357 3247
3358 3248
3359 3249
3360 3250
3361 3251
3362 3252
3363 45
3364 3253
3365 3254
3366 3255
3367 3256
3368 3257
3369 3258
3370 3259
3371 3260
3372 3261
3373 3262
3374 3263
3375 3264
3376 3265
3377 3266
3378 3267
3379 3268
3380 3269
3381 3270
3382 3271
3383 447
3384 3272
3385 3273
3386 3274
3387 3275
3388 3276
3389 3277
3390 3278
3391 3279
3392 3280
3393 3281
3394 3282
3395 3283
3396 447
3397 3284
3398 3285
3399 3286
3400 3287
3401 3288
3402 3289
3403 3290
3404 3291
3405 3292
3406 3293
3407 3294
3408 3295
3409 3296
3410 3297
3411 447
3412 3298
3413 3299
3414 3300
3415 4492
3416 3301
3417 3302
3418 3303
3419 3304
3420 3305
3421 3306
3422 3307
3423 3308
3424 3309
3425 3310
3426 3311
3427 3312
3428 3313
3429 3314
3430 3315
3431 3316
3432 3317
3433 3318
3434 3319
3435 3320
3436 3321
3437 3322
3438 3323
3439 3324
3440 3325
3441 3326
3442 3327
3443 3328
3444 3329
3445 3330
3446 3331
3447 3332
3448 3333
3449 3334
3450 3335
3451 3336
3452 3337
3453 4492
3454 3338
3455 3339
3456 3340
3457 3341
3458 3342
3459 3343
3460 3344
3461 3345
3462 3346
3463 3347
3464 3348
3465 3349
3466 3350
3467 3351
3468 3352
3469 3353
3470 3354
3471 3355
3472 3356
3473 3357
3474 3358
3475 4492
3476 3359
3477 3360
3478 3361
3479 3362
3480 3363
3481 3364
3482 3365
3483 3366
3484 3367
3485 3368
3486 3369
3487 3370
3488 3371
3489 3372
3490 3373
3491 3374
3492 3375
3493 3376
3494 447
3495 3377
3496 3378
3497 3379
3498 3380
3499 3381
3500 3382
3501 3383
3502 3384
3503 3385
3504 3386
3505 3387
3506 3388
3507 3389
3508 3390
3509 3391
3510 3392
3511 3393
3512 3394
3513 3395
3514 3396
3515 3397
3516 3398
3517 3399
3518 3400
3519 3401
3520 3402
3521 3403
3522 3404
3523 3405
3524 3406
3525 3407
3526 3408
3527 3409
3528 3410
3529 3411
3530 3412
3531 3413
3532 3414
3533 3415
3534 3416
3535 3417
3536 3418
3537 3419
3538 3420
3539 3421
3540 3422
3541 3423
3542 3424
3543 3425
3544 447
3545 3426
3546 3427
3547 3428
3548 3429
3549 3430
3550 3431
3551 3432
3552 3433
3553 3434
3554 3435
3555 3436
3556 3437
3557 3438
3558 3439
3559 3440
3560 3441
3561 3442
3562 3443
3563 3444
3564 3445
3565 4492
3566 3446
3567 3447
3568 3448
3569 447
3570 3449
3571 3450
3572 3451
3573 3452
3574 4704
3575 3453
3576 3454
3577 3455
3578 3456
3579 3457
3580 3458
3581 3459
3582 447
3583 3460
3584 3461
3585 3462
3586 3463
3587 3464
3588 3465
3589 3466
3590 3467
3591 3468
3592 3469
3593 3470
3594 3471
3595 3472
3596 3473
3597 45
3598 3474
3599 3475
3600 3476
3601 3477
3602 3478
3603 3479
3604 3480
3605 3481
3606 3482
3607 3483
3608 3484
3609 3485
3610 3486
3611 3487
3612 3488
3613 3489
3614 3490
3615 3491
3616 3492
3617 3493
3618 3494
3619 3495
3620 3496
3621 3497
3622 3498
3623 3499
3624 3500
3625 3501
3626 3502
3627 3503
3628 3504
3629 3505
3630 3506
3631 3507
3632 3508
3633 3509
3634 3510
3635 3511
3636 3512
3637 3513
3638 3514
3639 3515
3640 447
3641 3516
3642 3517
3643 3518
3644 3519
3645 2099
3646 4009
3647 3520
3648 3521
3649 3522
3650 3523
3651 3524
3652 3525
3653 3526
3654 3527
3655 3528
3656 3529
3657 3530
3658 3531
3659 3532
3660 3533
3661 3534
3662 3535
3663 3536
3664 3537
3665 3538
3666 3539
3667 3540
3668 3541
3669 3542
3670 3543
3671 3544
3672 3545
3673 3546
3674 3547
3675 3548
3676 3549
3677 3550
3678 3551
3679 3552
3680 3553
3681 3554
3682 3555
3683 3556
3684 3557
3685 3558
3686 3559
3687 3560
3688 3561
3689 3562
3690 3563
3691 3564
3692 3565
3693 3566
3694 3567
3695 3568
3696 3569
3697 3570
3698 45
3699 3571
3700 3572
3701 3573
3702 3574
3703 3575
3704 3576
3705 3577
3706 3578
3707 3579
3708 3580
3709 3581
3710 3582
3711 3583
3712 3584
3713 3585
3714 447
3715 3586
3716 3587
3717 3588
3718 3589
3719 4492
3720 3590
3721 3591
3722 3592
3723 3593
3724 3594
3725 3595
3726 3596
3727 3597
3728 3598
3729 3599
3730 3600
3731 4492
3732 3601
3733 3602
3734 3603
3735 3604
3736 3605
3737 3606
3738 3607
3739 3608
3740 3609
3741 3610
3742 3611
3743 3612
3744 2099
3745 3613
3746 3614
3747 3615
3748 3616
3749 3617
3750 4492
3751 3618
3752 3619
3753 3620
3754 3621
3755 3622
3756 3623
3757 3624
3758 3625
3759 3626
3760 3627
3761 3628
3762 3629
3763 3630
3764 3631
3765 3632
3766 3633
3767 3634
3768 3635
3769 3636
3770 3637
3771 3638
3772 3639
3773 3640
3774 3641
3775 3642
3776 3643
3777 3644
3778 3645
3779 3646
3780 3647
3781 3648
3782 3649
3783 3650
3784 3651
3785 3652
3786 3653
3787 3654
3788 3655
3789 3656
3790 3657
3791 3658
3792 3659
3793 3660
3794 3661
3795 3662
3796 447
3797 3663
3798 3664
3799 3665
3800 3666
3801 3667
3802 3668
3803 3669
3804 3670
3805 3671
3806 3672
3807 3673
3808 3674
3809 3675
3810 3676
3811 3677
3812 3678
3813 3679
3814 3680
3815 3681
3816 3682
3817 3683
3818 3684
3819 3685
3820 3686
3821 3687
3822 3688
3823 3689
3824 3690
3825 3691
3826 3692
3827 3693
3828 3694
3829 3695
3830 3696
3831 3697
3832 3698
3833 3699
3834 3700
3835 3701
3836 3702
3837 3703
3838 3704
3839 3705
3840 3706
3841 3707
3842 3708
3843 3709
3844 3710
3845 3711
3846 3712
3847 3713
3848 45
3849 3714
3850 3715
3851 3716
3852 3717
3853 3718
3854 3719
3855 3720
3856 3721
3857 3722
3858 3723
3859 3724
3860 3725
3861 3726
3862 3727
3863 3728
3864 3729
3865 3730
3866 3731
3867 3732
3868 3733
3869 3734
3870 3735
3871 3736
3872 3737
3873 3738
3874 3739
3875 3740
3876 3741
3877 4492
3878 3742
3879 3743
3880 3744
3881 3745
3882 3746
3883 3747
3884 3748
3885 3749
3886 3750
3887 3751
3888 3752
3889 3753
3890 3754
3891 3755
3892 3756
3893 3757
3894 3758
3895 3759
3896 3760
3897 3761
3898 3762
3899 3763
3900 3764
3901 3765
3902 3766
3903 45
3904 3767
3905 3768
3906 3769
3907 3770
3908 3771
3909 3772
3910 3773
3911 3774
3912 3775
3913 3776
3914 3777
3915 3778
3916 3779
3917 3780
3918 3781
3919 3782
3920 3783
3921 3784
3922 3785
3923 3786
3924 3787
3925 3788
3926 3789
3927 3790
3928 3791
3929 3792
3930 3793
3931 3794
3932 4492
3933 3795
3934 3796
3935 3797
3936 3798
3937 3799
3938 3800
3939 3801
3940 3802
3941 3803
3942 3804
3943 3805
3944 3806
3945 3807
3946 3808
3947 3809
3948 3810
3949 3811
3950 3812
3951 3813
3952 3814
3953 3815
3954 3816
3955 3817
3956 3818
3957 3819
3958 3820
3959 3821
3960 3822
3961 3823
3962 3824
3963 3825
3964 4886
3965 3826
3966 3827
3967 3828
3968 3829
3969 3830
3970 3831
3971 3832
3972 3833
3973 3834
3974 3835
3975 3836
3976 3837
3977 3838
3978 3839
3979 3840
3980 3841
3981 3842
3982 3843
3983 3844
3984 3845
3985 3846
3986 3847
3987 3848
3988 3849
3989 3850
3990 3851
3991 3852
3992 3853
3993 3854
3994 3855
3995 3856
3996 3857
3997 3858
3998 3859
3999 3860
4000 3861
4001 3862
4002 3863
4003 3864
4004 3865
4005 3866
4006 3867
4007 3868
4008 3869
4009 3870
4010 3871
4011 3872
4012 3873
4013 3874
4014 3875
4015 3876
4016 3877
4017 3878
4018 3879
4019 3880
4020 3881
4021 3882
4022 3883
4023 3884
4024 3885
4025 3886
4026 3887
4027 3888
4028 3889
4029 3890
4030 3891
4031 3892
4032 3893
4033 3894
4034 3895
4035 3896
4036 3897
4037 3898
4038 3899
4039 3900
4040 3901
4041 3902
4042 3903
4043 3904
4044 3905
4045 3906
4046 3907
4047 3908
4048 3909
4049 3910
4050 3911
4051 3912
4052 3913
4053 3914
4054 3915
4055 3916
4056 3917
4057 3918
4058 3919
4059 3920
4060 3921
4061 3922
4062 3923
4063 3924
4064 3925
4065 3926
4066 3927
4067 3928
4068 3929
4069 3930
4070 3931
4071 3932
4072 3933
4073 3934
4074 3935
4075 3936
4076 3937
4077 3938
4078 3939
4079 3940
4080 3941
4081 3942
4082 3943
4083 3944
4084 3945
4085 3946
4086 3947
4087 3948
4088 3949
4089 3950
4090 3951
4091 3952
4092 3953
4093 3954
4094 3955
4095 3956
4096 3957
4097 3958
4098 3959
4099 3960
4100 3961
4101 3962
4102 3963
4103 3964
4104 3965
4105 3966
4106 4492
4107 3967
4108 3968
4109 3969
4110 3970
4111 3971
4112 3972
4113 3973
4114 3974
4115 3975
4116 3976
4117 3977
4118 3978
4119 3979
4120 3980
4121 3981
4122 3982
4123 3983
4124 3984
4125 3985
4126 3986
4127 3987
4128 3988
4129 3989
4130 3990
4131 3991
4132 3992
4133 3993
4134 3994
4135 3995
4136 3996
4137 3997
4138 3998
4139 3999
4140 4000
4141 4001
4142 4002
4143 4003
4144 4004
4145 4005
4146 4006
4147 4007
4148 4008
4149 4492
4150 4010
4151 4011
4152 4012
4153 4013
4154 4014
4155 4015
4156 4016
4157 4017
4158 4018
4159 4019
4160 4020
4161 4021
4162 4022
4163 4023
4164 4024
4165 4025
4166 4026
4167 4027
4168 4028
4169 4029
4170 4030
4171 4031
4172 4032
4173 4033
4174 4034
4175 4035
4176 4036
4177 4037
4178 4038
4179 4039
4180 4040
4181 4041
4182 4042
4183 4043
4184 4044
4185 4045
4186 4046
4187 4047
4188 4048
4189 4049
4190 4050
4191 4051
4192 4052
4193 4053
4194 4054
4195 4055
4196 1203
4197 4056
4198 4057
4199 4058
4200 4059
4201 4060
4202 4061
4203 4062
4204 4063
4205 4064
4206 4065
4207 4066
4208 4067
4209 4068
4210 4069
4211 4070
4212 4071
4213 4072
4214 4073
4215 4074
4216 4075
4217 4076
4218 4077
4219 4078
4220 4079
4221 4080
4222 4081
4223 4082
4224 4083
4225 4084
4226 4085
4227 4086
4228 4087
4229 4088
4230 4089
4231 4090
4232 4704
4233 4091
4234 4092
4235 4093
4236 4094
4237 4095
4238 4096
4239 4097
4240 4098
4241 4099
4242 4100
4243 4101
4244 4102
4245 4103
4246 4104
4247 45
4248 4105
4249 4106
4250 4107
4251 4108
4252 4109
4253 4110
4254 4111
4255 4112
4256 4113
4257 4114
4258 4115
4259 4116
4260 4117
4261 45
4262 4118
4263 4119
4264 4120
4265 4121
4266 4122
4267 4123
4268 4124
4269 4492
4270 4125
4271 4126
4272 4127
4273 4128
4274 4129
4275 4130
4276 4131
4277 4132
4278 4133
4279 4492
4280 4134
4281 4135
4282 4136
4283 4137
4284 4138
4285 4139
4286 4140
4287 4704
4288 4141
4289 4142
4290 4143
4291 4144
4292 4145
4293 4146
4294 4147
4295 4148
4296 4149
4297 4150
4298 4151
4299 4152
4300 4153
4301 4154
4302 4155
4303 4156
4304 4157
4305 4158
4306 4159
4307 4160
4308 4161
4309 4162
4310 4163
4311 4164
4312 4165
4313 4166
4314 4167
4315 4168
4316 4169
4317 4170
4318 4171
4319 4172
4320 4173
4321 4174
4322 4175
4323 4176
4324 4177
4325 4178
4326 4179
4327 4180
4328 4181
4329 4182
4330 4183
4331 4184
4332 4185
4333 4186
4334 4187
4335 4188
4336 4189
4337 4190
4338 4191
4339 4192
4340 4193
4341 4194
4342 4195
4343 4196
4344 4197
4345 4198
4346 4199
4347 4200
4348 4201
4349 4202
4350 4203
4351 4204
4352 4205
4353 4206
4354 4207
4355 4208
4356 4209
4357 4210
4358 4211
4359 4212
4360 4213
4361 4214
4362 4009
4363 4215
4364 4216
4365 4217
4366 4218
4367 4219
4368 4220
4369 4221
4370 4222
4371 447
4372 4223
4373 4224
4374 4225
4375 4226
4376 4227
4377 4228
4378 4229
4379 4230
4380 4231
4381 4232
4382 4233
4383 4234
4384 4235
4385 4236
4386 4237
4387 4238
4388 4239
4389 4240
4390 4241
4391 4242
4392 4243
4393 4244
4394 4245
4395 4246
4396 4247
4397 4248
4398 4249
4399 4250
4400 4251
4401 4252
4402 4253
4403 4254
4404 2099
4405 4255
4406 4256
4407 4257
4408 4258
4409 4259
4410 4260
4411 4261
4412 4262
4413 4263
4414 4264
4415 4265
4416 4266
4417 4267
4418 4268
4419 4269
4420 4270
4421 4271
4422 4272
4423 4273
4424 4274
4425 4275
4426 4276
4427 4277
4428 4278
4429 4279
4430 4280
4431 4281
4432 4282
4433 4283
4434 4284
4435 4285
4436 4286
4437 4287
4438 4288
4439 4289
4440 4290
4441 4291
4442 4292
4443 4293
4444 4294
4445 4295
4446 4296
4447 4297
4448 4492
4449 4298
4450 4299
4451 4300
4452 4301
4453 4302
4454 4303
4455 4304
4456 4305
4457 4306
4458 4307
4459 4308
4460 4309
4461 4310
4462 4311
4463 4312
4464 4313
4465 4314
4466 4315
4467 4316
4468 4317
4469 4318
4470 4319
4471 4320
4472 4321
4473 4322
4474 4323
4475 4492
4476 4324
4477 4325
4478 4326
4479 4327
4480 4328
4481 4329
4482 4330
4483 4331
4484 4332
4485 4333
4486 4334
4487 4335
4488 4336
4489 4337
4490 4338
4491 4339
4492 4340
4493 4341
4494 4342
4495 4343
4496 4344
4497 4345
4498 4346
4499 4347
4500 4348
4501 4349
4502 4350
4503 4351
4504 4352
4505 4353
4506 4354
4507 4355
4508 4356
4509 4357
4510 4358
4511 4359
4512 4360
4513 4361
4514 4362
4515 4363
4516 4364
4517 4365
4518 4366
4519 4367
4520 4368
4521 4369
4522 4370
4523 4371
4524 4372
4525 4373
4526 4374
4527 4375
4528 4376
4529 4377
4530 4378
4531 4379
4532 4380
4533 4381
4534 4382
4535 4383
4536 4384
4537 4385
4538 4386
4539 4387
4540 4388
4541 4389
4542 4390
4543 4391
4544 45
4545 4392
4546 4393
4547 4394
4548 4395
4549 4396
4550 4397
4551 4398
4552 4399
4553 4400
4554 4401
4555 4402
4556 4403
4557 4404
4558 4405
4559 4406
4560 4407
4561 4408
4562 4409
4563 4410
4564 4411
4565 4412
4566 4492
4567 4413
4568 4414
4569 4415
4570 4416
4571 4704
4572 4417
4573 4418
4574 4419
4575 4420
4576 4421
4577 4422
4578 4423
4579 4424
4580 4425
4581 4426
4582 4427
4583 4428
4584 4429
4585 4430
4586 4431
4587 4432
4588 4704
4589 4433
4590 4434
4591 4435
4592 4436
4593 4437
4594 4438
4595 4439
4596 4440
4597 4441
4598 4442
4599 4443
4600 4444
4601 4445
4602 4446
4603 4447
4604 4448
4605 4449
4606 4450
4607 4451
4608 4452
4609 4453
4610 4454
4611 4455
4612 4456
4613 4457
4614 4458
4615 4459
4616 4460
4617 4461
4618 4462
4619 4463
4620 4464
4621 4492
4622 4465
4623 4466
4624 4467
4625 4468
4626 4469
4627 4470
4628 4471
4629 4472
4630 4473
4631 4474
4632 4475
4633 4476
4634 4477
4635 4478
4636 4479
4637 4480
4638 4481
4639 4482
4640 4483
4641 4484
4642 4485
4643 4486
4644 4487
4645 4488
4646 4489
4647 4490
4648 4491
4649 4492
4650 4493
4651 4494
4652 4495
4653 4496
4654 4497
4655 4498
4656 4499
4657 4500
4658 4501
4659 4502
4660 4503
4661 4504
4662 4505
4663 4506
4664 4507
4665 4508
4666 4509
4667 4510
4668 4511
4669 4512
4670 4513
4671 4514
4672 4515
4673 4516
4674 4517
4675 4518
4676 4519
4677 4520
4678 4521
4679 4522
4680 4523
4681 4524
4682 4525
4683 4526
4684 45
4685 4527
4686 4528
4687 4529
4688 4530
4689 4531
4690 4532
4691 4533
4692 4534
4693 4535
4694 4536
4695 4537
4696 4538
4697 4539
4698 4540
4699 4541
4700 4542
4701 4543
4702 4544
4703 4545
4704 4546
4705 4547
4706 4548
4707 4549
4708 4550
4709 4551
4710 4552
4711 4553
4712 4554
4713 4555
4714 4556
4715 4557
4716 4558
4717 4559
4718 4560
4719 4561
4720 4562
4721 4563
4722 4564
4723 4565
4724 4566
4725 4567
4726 4568
4727 4569
4728 4570
4729 4571
4730 4572
4731 4573
4732 447
4733 4574
4734 4575
4735 4576
4736 4577
4737 4578
4738 4579
4739 4580
4740 4581
4741 4582
4742 4583
4743 4584
4744 4585
4745 4586
4746 4587
4747 4588
4748 4589
4749 4590
4750 4591
4751 4592
4752 4593
4753 4594
4754 4595
4755 4596
4756 4597
4757 4598
4758 4599
4759 4600
4760 4601
4761 4602
4762 4603
4763 4604
4764 4605
4765 4606
4766 4607
4767 4608
4768 4609
4769 4610
4770 4611
4771 4612
4772 4613
4773 4614
4774 4615
4775 4616
4776 4617
4777 4618
4778 4619
4779 4620
4780 4621
4781 4622
4782 4623
4783 4624
4784 4625
4785 4626
4786 4627
4787 4628
4788 4629
4789 4630
4790 4631
4791 4632
4792 4633
4793 4634
4794 4635
4795 4636
4796 4637
4797 4638
4798 4639
4799 4640
4800 4641
4801 4642
4802 4643
4803 4644
4804 4645
4805 4646
4806 4647
4807 4648
4808 447
4809 4649
4810 4650
4811 4651
4812 4652
4813 4653
4814 4654
4815 4655
4816 4656
4817 4657
4818 4658
4819 4659
4820 4660
4821 4661
4822 4662
4823 45
4824 4663
4825 4664
4826 4665
4827 4666
4828 4667
4829 4668
4830 4669
4831 4670
4832 4671
4833 4672
4834 4673
4835 4674
4836 4675
4837 4676
4838 4677
4839 4678
4840 4679
4841 4680
4842 4681
4843 4682
4844 4683
4845 4684
4846 4685
4847 4686
4848 4687
4849 4688
4850 4689
4851 4690
4852 4691
4853 4692
4854 4693
4855 4694
4856 4695
4857 4696
4858 4697
4859 4698
4860 4699
4861 4700
4862 4701
4863 4702
4864 4703
4865 4492
4866 4705
4867 4706
4868 4707
4869 4708
4870 447
4871 4709
4872 4710
4873 4711
4874 4712
4875 4713
4876 4714
4877 4715
4878 4716
4879 4492
4880 4717
4881 4718
4882 4719
4883 4720
4884 4721
4885 4722
4886 45
4887 4723
4888 4724
4889 4009
4890 4725
4891 4726
4892 4727
4893 4728
4894 4729
4895 4730
4896 4731
4897 4732
4898 4733
4899 4734
4900 4735
4901 4736
4902 4737
4903 4738
4904 4739
4905 4740
4906 4741
4907 4742
4908 4743
4909 4744
4910 4745
4911 4746
4912 4747
4913 4748
4914 4749
4915 4750
4916 4751
4917 4752
4918 4753
4919 4754
4920 4755
4921 4756
4922 4757
4923 4758
4924 4759
4925 4760
4926 4761
4927 4762
4928 4763
4929 4764
4930 4765
4931 4766
4932 4767
4933 4768
4934 4769
4935 4770
4936 4771
4937 4772
4938 4773
4939 4774
4940 4775
4941 4776
4942 4777
4943 4778
4944 4779
4945 4780
4946 4781
4947 4782
4948 4783
4949 4784
4950 4785
4951 4786
4952 4787
4953 4788
4954 4789
4955 4790
4956 4791
4957 4792
4958 4793
4959 4794
4960 4795
4961 4796
4962 4797
4963 4798
4964 4799
4965 4800
4966 4801
4967 4802
4968 4803
4969 4804
4970 4805
4971 4806
4972 4807
4973 4808
4974 4809
4975 4810
4976 4811
4977 4812
4978 4813
4979 4814
4980 4815
4981 4816
4982 4817
4983 4818
4984 4819
4985 4820
4986 4821
4987 4822
4988 4823
4989 4824
4990 4825
4991 4826
4992 4827
4993 4828
4994 4829
4995 4830
4996 4831
4997 4832
4998 4833
4999 4834
5000 4835
5001 4836
5002 4837
5003 4838
5004 4839
5005 4840
5006 4841
5007 4842
5008 4843
5009 4844
5010 4845
5011 4846
5012 4847
5013 4848
5014 4849
5015 4850
5016 4851
5017 4852
5018 4853
5019 4854
5020 4855
5021 4856
5022 4857
5023 4858
5024 4859
5025 4860
5026 4861
5027 4862
5028 4863
5029 4864
5030 4865
5031 4866
5032 4867
5033 4868
5034 4869
5035 4870
5036 4871
5037 4872
5038 4873
5039 4874
5040 4875
5041 4876
5042 4877
5043 4878
5044 4879
5045 4880
5046 4881
5047 4882
5048 4883
5049 4884
5050 4885
5051 4886
5052 4887
5053 4888
5054 4889
5055 4890
5056 4891
5057 4892
5058 4893
5059 4894
5060 4895
5061 4896
5062 4897
5063 4898
5064 4009
5065 4899
5066 4900
5067 4901
5068 4902
5069 4903
5070 4904
5071 4905
5072 4906
5073 4907
5074 4908
5075 4909
5076 4910
5077 4911
5078 45
5079 4912
5080 4913
5081 4914
5082 4915
5083 4916
5084 4917
5085 4918
5086 4919
5087 4920
5088 4921
5089 4922
5090 4923
5091 4924
5092 4925
5093 4926
5094 4927
5095 4928
5096 4929
5097 4930
5098 4931
5099 4932
5100 4933
5101 4934
5102 4935
5103 4009
5104 4936
5105 4937
5106 4938
5107 4939
5108 4940
5109 4941
5110 4942
5111 4943
5112 4944
5113 4945
5114 4946
5115 4947
5116 4948
5117 4949
5118 4950
5119 4951
5120 4952
5121 4953
5122 4954
5123 4955
5124 4956
5125 4957
5126 4958
5127 4959
5128 4960
5129 4961
5130 4962
5131 4963
5132 4964
5133 4965
5134 4966
5135 4967
5136 4968
5137 4969
5138 4970
5139 4971
5140 4972
5141 4973
5142 4974
5143 4975
5144 4976
5145 4977
5146 4978
5147 4979
5148 4980
5149 4981
5150 4982
5151 4983
5152 4984
5153 4985
5154 4986
5155 4987
5156 4988
5157 4989
5158 4990
5159 4991
5160 4992
5161 4993
5162 4994
5163 4995
5164 4996
5165 4997
5166 4998
5167 4999
5168 5000
5169 5001
5170 5002
5171 5003
5172 5004
5173 5005
5174 5006
5175 5007
5176 5008
5177 5009
5178 5010
5179 5011
5180 5012
5181 5013
5182 5014
5183 5015
5184 5016
5185 5017
5186 5018
5187 5019
5188 5020
5189 5021
5190 5022
5191 5023
5192 5024
5193 5025
5194 5026
5195 5027
5196 5028
5197 5029
5198 5030
5199 5031
5200 5032
5201 5033
5202 5034
5203 5035
5204 5036
5205 5037
5206 5038
5207 5039
5208 5040
5209 5041
5210 5042
5211 5043
5212 5044
5213 5045
5214 5046
5215 5047
5216 5048
5217 5049
5218 5050
5219 5051
5220 5052
5221 5053
5222 5054
5223 5055
5224 5056
5225 5057
5226 5058
5227 5059
5228 5060
5229 5061
5230 5062
5231 5063
5232 5064
5233 5065
5234 5066
5235 5067
5236 5068
5237 5069
5238 447
5239 5070
5240 5071
5241 5072
5242 5073
5243 447
5244 5074
5245 4492
