0 0
1 1
2 4660
3 2
4 3
5 4
6 5
7 6
8 7
9 8
10 9
11 10
12 11
13 12
14 13
15 14
16 15
17 16
18 17
19 18
20 19
21 20
22 21
23 22
24 23
25 24
26 25
27 179
28 26
29 27
30 28
31 29
32 30
33 3408
34 31
35 32
36 4660
37 33
38 34
39 35
40 36
41 37
42 38
43 39
44 40
45 41
46 42
47 43
48 44
49 45
50 46
51 47
52 48
53 49
54 50
55 51
56 52
57 53
58 54
59 55
60 56
61 57
62 58
63 59
64 60
65 61
66 62
67 63
68 64
69 65
70 66
71 67
72 68
73 69
74 70
75 71
76 72
77 73
78 4030
79 74
80 75
81 76
82 77
83 3408
84 78
85 79
86 80
87 81
88 82
89 83
90 84
91 85
92 3153
93 86
94 87
95 88
96 89
97 90
98 91
99 92
100 93
101 4030
102 94
103 95
104 96
105 97
106 98
107 99
108 100
109 101
110 102
111 103
112 104
113 105
114 106
115 107
116 108
117 109
118 110
119 111
120 112
121 113
122 114
123 115
124 116
125 117
126 118
127 119
128 120
129 121
130 122
131 123
132 124
133 125
134 126
135 127
136 128
137 129
138 130
139 131
140 132
141 133
142 134
143 135
144 136
145 137
146 138
147 139
148 140
149 141
150 3153
151 142
152 143
153 144
154 145
155 146
156 147
157 148
158 149
159 150
160 151
161 152
162 153
163 154
164 155
165 156
166 157
167 158
168 159
169 160
170 161
171 162
172 163
173 164
174 165
175 166
176 167
177 168
178 169
179 170
180 171
181 172
182 173
183 174
184 3578
185 175
186 176
187 177
188 178
189 179
190 180
191 181
192 182
193 183
194 184
195 185
196 186
197 187
198 188
199 189
200 190
201 191
202 192
203 193
204 194
205 195
206 4599
207 196
208 197
209 198
210 199
211 200
212 201
213 202
214 203
215 204
216 205
217 206
218 207
219 208
220 209
221 210
222 211
223 212
224 213
225 214
226 215
227 3578
228 216
229 217
230 4030
231 219
232 220
233 221
234 222
235 223
236 224
237 225
238 226
239 1752
240 227
241 228
242 229
243 230
244 231
245 232
246 233
247 4660
248 234
249 235
250 236
251 237
252 238
253 239
254 240
255 241
256 242
257 243
258 244
259 245
260 246
261 247
262 248
263 249
264 250
265 251
266 252
267 253
268 254
269 255
270 256
271 257
272 258
273 259
274 260
275 261
276 262
277 263
278 264
279 265
280 266
281 4660
282 267
283 268
284 269
285 3153
286 270
287 271
288 272
289 273
290 274
291 275
292 276
293 277
294 278
295 279
296 280
297 281
298 282
299 283
300 284
301 285
302 286
303 287
304 288
305 289
306 290
307 291
308 292
309 293
310 294
311 4030
312 4660
313 295
314 296
315 297
316 298
317 299
318 300
319 301
320 4660
321 302
322 303
323 304
324 305
325 306
326 307
327 308
328 309
329 310
330 311
331 312
332 313
333 314
334 315
335 316
336 317
337 318
338 319
339 320
340 321
341 322
342 323
343 324
344 325
345 326
346 327
347 328
348 329
349 330
350 331
351 332
352 333
353 334
354 335
355 336
356 337
357 338
358 339
359 340
360 341
361 342
362 343
363 344
364 345
365 346
366 347
367 348
368 349
369 350
370 4030
371 351
372 352
373 353
374 354
375 355
376 356
377 3578
378 3578
379 357
380 358
381 359
382 360
383 361
384 362
385 4030
386 363
387 364
388 365
389 366
390 367
391 368
392 369
393 370
394 371
395 372
396 373
397 374
398 375
399 376
400 377
401 378
402 379
403 380
404 381
405 382
406 383
407 384
408 385
409 386
410 387
411 388
412 389
413 390
414 391
415 392
416 393
417 394
418 395
419 396
420 397
421 398
422 399
423 400
424 401
425 402
426 403
427 404
428 405
429 406
430 407
431 408
432 409
433 410
434 411
435 412
436 413
437 414
438 415
439 416
440 417
441 418
442 419
443 420
444 421
445 422
446 423
447 424
448 425
449 426
450 427
451 428
452 4030
453 429
454 430
455 431
456 432
457 433
458 434
459 435
460 436
461 437
462 438
463 439
464 440
465 441
466 442
467 443
468 444
469 4660
470 445
471 446
472 447
473 448
474 449
475 450
476 451
477 3578
478 3408
479 452
480 453
481 454
482 455
483 456
484 457
485 458
486 459
487 460
488 461
489 462
490 463
491 464
492 465
493 466
494 467
495 468
496 469
497 470
498 471
499 472
500 473
501 474
502 475
503 476
504 477
505 478
506 479
507 480
508 481
509 3408
510 482
511 483
512 484
513 485
514 486
515 487
516 488
517 489
518 490
519 491
520 492
521 493
522 494
523 495
524 496
525 497
526 498
527 499
528 500
529 501
530 502
531 503
532 504
533 1271
534 505
535 506
536 507
537 508
538 509
539 510
540 511
541 512
542 513
543 514
544 515
545 516
546 517
547 518
548 519
549 520
550 521
551 522
552 523
553 524
554 525
555 526
556 527
557 528
558 529
559 530
560 531
561 532
562 533
563 534
564 535
565 536
566 537
567 538
568 3153
569 539
570 540
571 541
572 542
573 543
574 544
575 545
576 546
577 547
578 548
579 549
580 550
581 551
582 552
583 553
584 554
585 555
586 556
587 557
588 558
589 559
590 560
591 561
592 562
593 563
594 564
595 565
596 566
597 567
598 568
599 569
600 570
601 571
602 572
603 1896
604 573
605 574
606 575
607 576
608 577
609 578
610 579
611 580
612 581
613 582
614 583
615 584
616 585
617 586
618 587
619 588
620 589
621 590
622 591
623 592
624 593
625 594
626 595
627 596
628 597
629 598
630 599
631 600
632 601
633 602
634 4660
635 603
636 604
637 605
638 606
639 607
640 608
641 609
642 610
643 611
644 612
645 613
646 614
647 615
648 616
649 617
650 618
651 619
652 620
653 4030
654 621
655 622
656 623
657 624
658 625
659 626
660 627
661 628
662 629
663 630
664 631
665 632
666 4030
667 633
668 634
669 635
670 2582
671 636
672 637
673 638
674 639
675 640
676 3153
677 641
678 642
679 643
680 644
681 645
682 646
683 647
684 648
685 649
686 650
687 651
688 652
689 653
690 654
691 655
692 656
693 657
694 658
695 659
696 660
697 661
698 662
699 663
700 664
701 3153
702 665
703 666
704 667
705 668
706 669
707 670
708 671
709 672
710 673
711 674
712 675
713 676
714 677
715 678
716 679
717 680
718 681
719 682
720 683
721 684
722 685
723 686
724 687
725 688
726 689
727 690
728 691
729 692
730 693
731 694
732 695
733 696
734 697
735 698
736 699
737 700
738 701
739 702
740 703
741 704
742 705
743 706
744 707
745 708
746 709
747 710
748 4660
749 711
750 712
751 3153
752 713
753 714
754 715
755 716
756 717
757 718
758 719
759 720
760 721
761 3153
762 722
763 723
764 724
765 725
766 726
767 727
768 728
769 729
770 730
771 731
772 732
773 733
774 734
775 735
776 736
777 737
778 738
779 739
780 3408
781 740
782 741
783 742
784 743
785 744
786 4660
787 745
788 746
789 747
790 748
791 749
792 750
793 751
794 752
795 753
796 754
797 755
798 756
799 757
800 758
801 759
802 760
803 761
804 762
805 763
806 764
807 765
808 766
809 767
810 768
811 769
812 770
813 771
814 772
815 773
816 774
817 775
818 776
819 777
820 778
821 779
822 780
823 781
824 782
825 783
826 784
827 785
828 786
829 787
830 788
831 789
832 790
833 791
834 792
835 793
836 794
837 795
838 796
839 797
840 798
841 799
842 800
843 801
844 802
845 803
846 804
847 805
848 806
849 807
850 808
851 809
852 810
853 811
854 812
855 813
856 814
857 815
858 816
859 817
860 818
861 819
862 820
863 821
864 822
865 823
866 824
867 825
868 826
869 827
870 828
871 829
872 830
873 831
874 832
875 833
876 834
877 835
878 836
879 837
880 3578
881 838
882 839
883 840
884 841
885 842
886 843
887 844
888 845
889 846
890 847
891 3578
892 848
893 849
894 850
895 851
896 852
897 853
898 854
899 4660
900 855
901 856
902 857
903 858
904 859
905 860
906 861
907 862
908 863
909 864
910 4660
911 1172
912 865
913 866
914 867
915 868
916 869
917 870
918 871
919 872
920 873
921 874
922 875
923 876
924 877
925 878
926 879
927 880
928 3153
929 881
930 882
931 883
932 884
933 885
934 886
935 887
936 888
937 889
938 890
939 891
940 892
941 893
942 894
943 895
944 896
945 897
946 898
947 899
948 900
949 901
950 902
951 903
952 904
953 905
954 906
955 907
956 908
957 3578
958 909
959 910
960 911
961 912
962 913
963 914
964 915
965 916
966 917
967 918
968 919
969 920
970 921
971 922
972 923
973 924
974 925
975 926
976 927
977 928
978 929
979 930
980 931
981 932
982 933
983 934
984 935
985 936
986 937
987 938
988 939
989 940
990 941
991 942
992 943
993 944
994 945
995 946
996 947
997 948
998 949
999 950
1000 4660
1001 951
1002 952
1003 953
1004 954
1005 955
1006 956
1007 957
1008 958
1009 959
1010 960
1011 961
1012 962
1013 963
1014 964
1015 965
1016 4660
1017 966
1018 967
1019 968
1020 969
1021 970
1022 971
1023 972
1024 973
1025 4660
1026 974
1027 975
1028 976
1029 977
1030 978
1031 979
1032 980
1033 3578
1034 981
1035 982
1036 983
1037 984
1038 985
1039 986
1040 4000
1041 987
1042 988
1043 989
1044 990
1045 991
1046 992
1047 993
1048 994
1049 995
1050 996
1051 997
1052 998
1053 999
1054 1000
1055 1001
1056 1002
1057 1003
1058 1004
1059 1005
1060 1006
1061 1007
1062 1008
1063 1009
1064 1010
1065 1011
1066 1012
1067 1013
1068 1014
1069 1015
1070 1016
1071 1017
1072 1018
1073 1019
1074 1020
1075 1021
1076 1022
1077 1023
1078 1024
1079 1025
1080 1026
1081 1027
1082 1028
1083 1029
1084 1030
1085 4030
1086 1031
1087 1032
1088 1033
1089 1034
1090 1035
1091 1036
1092 1037
1093 1038
1094 1039
1095 1040
1096 1041
1097 1042
1098 1043
1099 1044
1100 1045
1101 1046
1102 1047
1103 1048
1104 4660
1105 1049
1106 1050
1107 4660
1108 1051
1109 1052
1110 4660
1111 1053
1112 1172
1113 1054
1114 1055
1115 1056
1116 1057
1117 1058
1118 1059
1119 1060
1120 1061
1121 1062
1122 1063
1123 1064
1124 1065
1125 3153
1126 1066
1127 3153
1128 1067
1129 1068
1130 1069
1131 1070
1132 1071
1133 1072
1134 1073
1135 1074
1136 1075
1137 1076
1138 4030
1139 1077
1140 1078
1141 1079
1142 1080
1143 1081
1144 1082
1145 1083
1146 1084
1147 3408
1148 3153
1149 1085
1150 3153
1151 1086
1152 1087
1153 1752
1154 1088
1155 1089
1156 1090
1157 1091
1158 1092
1159 1093
1160 1094
1161 1095
1162 1096
1163 1097
1164 1098
1165 1099
1166 4030
1167 1100
1168 3578
1169 1101
1170 1102
1171 1103
1172 1104
1173 1105
1174 1106
1175 1107
1176 1108
1177 1109
1178 1110
1179 1111
1180 1112
1181 1113
1182 1114
1183 1115
1184 1116
1185 1117
1186 1118
1187 1119
1188 1120
1189 1121
1190 1122
1191 1123
1192 1124
1193 3153
1194 1125
1195 1126
1196 1127
1197 1128
1198 1129
1199 1130
1200 1131
1201 1132
1202 1133
1203 1134
1204 1135
1205 1136
1206 1137
1207 1138
1208 1139
1209 4030
1210 1140
1211 1141
1212 1142
1213 3153
1214 1143
1215 1144
1216 1752
1217 1145
1218 1146
1219 1147
1220 1148
1221 1149
1222 1150
1223 1151
1224 1152
1225 1153
1226 1154
1227 4030
1228 1155
1229 1156
1230 3408
1231 1157
1232 1158
1233 1159
1234 1160
1235 1161
1236 1162
1237 1163
1238 1164
1239 1165
1240 1166
1241 1167
1242 1168
1243 1752
1244 1169
1245 1170
1246 1171
1247 1172
1248 1173
1249 1174
1250 1175
1251 1176
1252 1177
1253 1178
1254 1179
1255 1180
1256 1181
1257 1182
1258 1183
1259 1184
1260 1185
1261 1186
1262 1187
1263 1188
1264 1189
1265 1190
1266 1191
1267 1192
1268 1193
1269 1194
1270 1195
1271 1196
1272 1197
1273 1198
1274 1199
1275 1200
1276 1201
1277 1202
1278 1203
1279 1204
1280 1205
1281 1206
1282 1207
1283 1208
1284 1209
1285 1210
1286 1211
1287 1212
1288 1213
1289 1214
1290 1215
1291 1216
1292 1217
1293 1218
1294 1219
1295 1220
1296 1221
1297 1222
1298 1223
1299 1224
1300 1225
1301 1226
1302 1227
1303 1228
1304 1229
1305 1230
1306 1231
1307 1232
1308 1233
1309 1234
1310 1235
1311 1236
1312 1237
1313 1238
1314 1239
1315 3153
1316 1240
1317 1241
1318 1242
1319 1243
1320 1244
1321 1245
1322 1246
1323 1247
1324 1248
1325 1249
1326 1250
1327 4660
1328 1251
1329 1252
1330 1253
1331 1254
1332 1255
1333 1256
1334 1257
1335 1258
1336 1259
1337 1260
1338 1261
1339 1262
1340 1263
1341 1264
1342 1265
1343 1266
1344 1267
1345 1268
1346 1269
1347 1270
1348 1271
1349 1272
1350 1273
1351 1274
1352 1275
1353 1276
1354 4030
1355 1277
1356 1278
1357 1279
1358 1280
1359 1281
1360 1282
1361 1283
1362 1284
1363 1285
1364 1286
1365 1287
1366 1288
1367 1289
1368 1290
1369 1291
1370 1292
1371 1293
1372 1294
1373 1295
1374 1296
1375 1297
1376 1298
1377 1299
1378 1300
1379 1301
1380 1302
1381 1303
1382 1304
1383 1305
1384 1306
1385 1307
1386 1308
1387 1309
1388 1310
1389 1311
1390 1312
1391 1313
1392 1314
1393 1315
1394 1316
1395 1317
1396 1318
1397 1319
1398 1320
1399 1321
1400 1322
1401 1323
1402 1324
1403 1325
1404 1326
1405 1327
1406 1328
1407 1329
1408 1330
1409 1331
1410 1332
1411 1333
1412 1334
1413 1335
1414 1336
1415 1337
1416 1338
1417 1339
1418 1340
1419 1341
1420 1342
1421 1343
1422 1344
1423 1345
1424 1346
1425 1347
1426 1348
1427 1349
1428 1350
1429 1351
1430 1352
1431 1353
1432 1354
1433 1355
1434 1356
1435 1357
1436 1358
1437 1359
1438 1360
1439 1361
1440 1362
1441 1363
1442 1364
1443 1365
1444 1366
1445 1367
1446 1368
1447 1369
1448 1370
1449 1371
1450 1372
1451 1373
1452 1374
1453 1375
1454 1376
1455 1377
1456 1378
1457 1379
1458 1380
1459 1381
1460 1382
1461 1383
1462 1384
1463 1385
1464 1386
1465 1387
1466 1388
1467 1389
1468 1390
1469 1391
1470 1392
1471 1393
1472 1394
1473 1395
1474 1396
1475 1397
1476 1398
1477 1399
1478 1400
1479 1401
1480 1402
1481 1403
1482 1404
1483 1405
1484 1406
1485 1407
1486 1408
1487 1409
1488 1410
1489 1411
1490 1412
1491 1413
1492 1414
1493 1415
1494 1416
1495 1417
1496 1418
1497 1419
1498 1420
1499 1421
1500 1422
1501 1423
1502 1424
1503 1425
1504 1426
1505 1427
1506 1428
1507 1429
1508 1430
1509 1431
1510 1432
1511 1433
1512 1434
1513 1435
1514 1436
1515 1437
1516 1438
1517 4030
1518 1752
1519 3153
1520 1439
1521 1440
1522 1441
1523 1442
1524 1443
1525 1444
1526 1445
1527 1446
1528 1447
1529 1448
1530 1449
1531 1450
1532 1451
1533 1452
1534 1453
1535 1454
1536 1455
1537 1456
1538 1457
1539 1458
1540 1459
1541 1460
1542 1461
1543 1462
1544 1463
1545 1464
1546 1465
1547 1466
1548 1467
1549 1468
1550 1469
1551 1470
1552 1471
1553 1472
1554 1473
1555 1474
1556 1475
1557 1476
1558 1477
1559 1478
1560 1479
1561 1480
1562 3153
1563 1481
1564 1482
1565 1483
1566 1484
1567 1485
1568 1486
1569 1487
1570 1488
1571 1489
1572 1490
1573 1491
1574 3153
1575 1492
1576 1493
1577 1494
1578 1495
1579 1496
1580 1497
1581 1498
1582 1499
1583 1500
1584 1501
1585 1502
1586 1503
1587 1504
1588 1505
1589 1506
1590 1507
1591 3153
1592 1508
1593 1509
1594 1510
1595 1511
1596 1512
1597 1513
1598 1514
1599 1515
1600 1516
1601 1517
1602 1518
1603 1519
1604 1520
1605 1521
1606 1522
1607 1523
1608 1524
1609 1525
1610 1526
1611 1527
1612 1528
1613 4660
1614 1529
1615 1530
1616 1531
1617 1532
1618 1533
1619 1534
1620 1535
1621 1536
1622 1537
1623 1538
1624 1539
1625 1540
1626 1541
1627 1542
1628 1543
1629 1544
1630 1545
1631 1546
1632 1547
1633 1548
1634 1549
1635 1550
1636 1551
1637 1552
1638 1553
1639 1554
1640 1555
1641 1556
1642 1557
1643 1558
1644 1559
1645 1560
1646 1561
1647 1562
1648 1563
1649 1564
1650 1565
1651 1566
1652 3153
1653 1567
1654 1568
1655 1569
1656 1570
1657 1571
1658 1572
1659 1573
1660 1574
1661 1575
1662 4030
1663 1576
1664 1577
1665 1578
1666 1579
1667 1580
1668 1581
1669 1582
1670 1583
1671 1584
1672 1585
1673 1586
1674 1587
1675 1588
1676 1589
1677 1590
1678 1591
1679 1592
1680 1593
1681 1594
1682 1595
1683 1596
1684 1597
1685 1598
1686 1599
1687 1600
1688 1601
1689 1602
1690 1603
1691 1604
1692 1605
1693 1606
1694 1607
1695 1608
1696 1609
1697 1610
1698 1611
1699 4660
1700 1612
1701 1613
1702 1614
1703 1615
1704 4660
1705 1616
1706 1617
1707 4030
1708 1618
1709 1619
1710 1620
1711 1621
1712 1622
1713 1623
1714 1624
1715 1625
1716 1626
1717 1627
1718 1628
1719 1629
1720 3153
1721 1630
1722 1631
1723 1632
1724 1633
1725 1634
1726 1635
1727 1636
1728 1637
1729 1638
1730 1639
1731 1640
1732 1641
1733 1642
1734 1643
1735 1644
1736 1645
1737 1646
1738 1647
1739 1648
1740 1649
1741 1650
1742 1651
1743 1652
1744 1653
1745 1654
1746 1655
1747 1656
1748 1657
1749 1658
1750 1659
1751 218
1752 1660
1753 1661
1754 1662
1755 1663
1756 1664
1757 1665
1758 1666
1759 1667
1760 1668
1761 1669
1762 1670
1763 1671
1764 1672
1765 1673
1766 1674
1767 1675
1768 1676
1769 1677
1770 1678
1771 1679
1772 1680
1773 1681
1774 1682
1775 1683
1776 1684
1777 1685
1778 1686
1779 1687
1780 1688
1781 1689
1782 1690
1783 1691
1784 1692
1785 1693
1786 1694
1787 3153
1788 1695
1789 1696
1790 1697
1791 1698
1792 1699
1793 1700
1794 1701
1795 1702
1796 1703
1797 1704
1798 1705
1799 1706
1800 1707
1801 1708
1802 1709
1803 1710
1804 1711
1805 1712
1806 1713
1807 1714
1808 1715
1809 1716
1810 1717
1811 1718
1812 1719
1813 1720
1814 1721
1815 1722
1816 1723
1817 1724
1818 1725
1819 1726
1820 1727
1821 1728
1822 1729
1823 1730
1824 1731
1825 1732
1826 218
1827 1752
1828 1733
1829 1734
1830 1735
1831 1736
1832 1737
1833 1738
1834 1739
1835 1740
1836 1741
1837 1742
1838 4030
1839 1743
1840 1744
1841 1745
1842 1746
1843 1747
1844 1748
1845 1749
1846 1750
1847 1751
1848 4660
1849 1753
1850 1754
1851 1755
1852 1756
1853 1757
1854 1758
1855 1759
1856 1760
1857 1761
1858 1762
1859 1763
1860 1764
1861 1765
1862 1766
1863 1767
1864 1768
1865 1769
1866 1770
1867 1771
1868 1772
1869 1773
1870 1774
1871 1775
1872 1776
1873 1777
1874 1778
1875 1779
1876 1780
1877 1781
1878 1782
1879 1783
1880 1784
1881 1785
1882 1786
1883 1787
1884 1788
1885 1789
1886 1790
1887 1791
1888 1792
1889 1793
1890 1794
1891 1795
1892 1796
1893 1797
1894 1798
1895 1799
1896 1800
1897 1801
1898 1802
1899 1803
1900 1804
1901 1805
1902 1806
1903 1807
1904 1808
1905 1809
1906 1810
1907 1811
1908 1812
1909 1813
1910 1814
1911 1815
1912 1816
1913 1817
1914 1818
1915 1819
1916 1820
1917 1821
1918 1822
1919 1823
1920 1824
1921 1825
1922 1826
1923 1827
1924 1828
1925 1829
1926 1830
1927 1831
1928 1832
1929 1833
1930 1834
1931 1835
1932 1836
1933 1837
1934 1838
1935 1839
1936 1840
1937 1841
1938 1842
1939 1843
1940 1844
1941 1845
1942 1846
1943 1847
1944 1848
1945 1849
1946 1850
1947 1851
1948 1852
1949 1853
1950 1854
1951 1855
1952 1856
1953 1857
1954 1858
1955 1859
1956 1860
1957 1861
1958 1862
1959 1863
1960 1864
1961 1865
1962 1866
1963 1867
1964 1868
1965 1869
1966 1870
1967 1871
1968 1872
1969 1873
1970 1874
1971 1875
1972 1876
1973 1877
1974 1878
1975 1879
1976 1880
1977 1881
1978 1882
1979 1883
1980 1884
1981 1885
1982 1886
1983 1887
1984 1888
1985 1889
1986 1890
1987 1891
1988 4660
1989 1892
1990 1893
1991 1894
1992 1895
1993 1896
1994 1897
1995 1898
1996 1899
1997 1900
1998 1901
1999 1902
2000 1903
2001 1904
2002 1905
2003 1906
2004 1907
2005 3408
2006 1908
2007 1909
2008 1910
2009 1911
2010 1912
2011 1913
2012 1914
2013 1915
2014 1916
2015 1917
2016 1918
2017 1919
2018 1920
2019 4030
2020 1921
2021 1922
2022 1923
2023 1924
2024 1925
2025 1926
2026 1927
2027 1928
2028 1929
2029 1930
2030 1931
2031 1932
2032 1933
2033 1934
2034 1935
2035 1936
2036 1937
2037 1938
2038 1939
2039 1940
2040 1941
2041 1942
2042 1943
2043 1944
2044 1945
2045 1946
2046 1947
2047 1948
2048 1949
2049 1950
2050 1951
2051 1952
2052 1953
2053 1954
2054 1955
2055 1956
2056 1957
2057 1958
2058 1959
2059 1960
2060 1961
2061 1962
2062 1963
2063 1964
2064 1965
2065 1966
2066 1967
2067 1968
2068 1969
2069 1970
2070 1971
2071 1972
2072 1973
2073 1974
2074 1975
2075 1976
2076 1977
2077 1978
2078 1979
2079 1980
2080 1981
2081 1982
2082 1983
2083 1984
2084 1985
2085 1986
2086 1987
2087 1988
2088 4660
2089 1989
2090 1990
2091 1991
2092 1992
2093 1993
2094 1994
2095 1995
2096 1996
2097 1997
2098 1998
2099 1999
2100 2000
2101 2001
2102 2002
2103 2003
2104 2004
2105 2005
2106 2006
2107 2007
2108 2008
2109 4660
2110 2009
2111 2010
2112 2011
2113 2012
2114 2013
2115 2014
2116 2015
2117 2016
2118 2017
2119 3578
2120 2018
2121 2019
2122 2020
2123 2021
2124 2022
2125 2023
2126 2024
2127 2025
2128 2026
2129 2027
2130 2028
2131 2029
2132 2030
2133 2031
2134 2032
2135 2033
2136 2034
2137 2035
2138 2036
2139 2037
2140 2038
2141 2039
2142 2040
2143 3153
2144 2041
2145 2042
2146 2043
2147 2044
2148 2045
2149 2046
2150 3153
2151 2047
2152 2048
2153 2049
2154 2050
2155 2051
2156 2052
2157 2053
2158 2054
2159 2055
2160 2056
2161 2057
2162 2058
2163 2059
2164 2060
2165 2061
2166 2062
2167 2063
2168 2064
2169 4660
2170 2065
2171 2066
2172 2067
2173 2068
2174 2069
2175 2070
2176 2071
2177 2072
2178 2073
2179 2074
2180 2075
2181 2076
2182 2077
2183 2078
2184 2079
2185 2080
2186 4599
2187 2081
2188 2082
2189 2083
2190 2084
2191 2085
2192 2086
2193 2087
2194 2088
2195 2089
2196 2090
2197 2091
2198 2092
2199 2093
2200 2094
2201 2095
2202 2096
2203 2097
2204 2098
2205 2099
2206 2100
2207 2101
2208 2102
2209 2103
2210 2104
2211 2105
2212 2106
2213 2107
2214 2108
2215 2109
2216 2110
2217 2111
2218 2112
2219 2113
2220 2114
2221 2115
2222 2116
2223 2117
2224 2118
2225 2119
2226 2120
2227 2121
2228 2122
2229 2123
2230 2124
2231 2125
2232 2126
2233 2127
2234 2128
2235 1172
2236 2129
2237 2130
2238 2131
2239 2132
2240 2133
2241 2134
2242 2135
2243 2136
2244 4660
2245 2137
2246 2138
2247 2139
2248 2140
2249 1752
2250 2141
2251 2142
2252 2143
2253 2144
2254 2145
2255 2146
2256 2147
2257 2148
2258 2149
2259 3153
2260 2150
2261 2151
2262 2152
2263 2153
2264 2154
2265 2155
2266 2156
2267 2157
2268 2158
2269 2159
2270 2160
2271 2161
2272 2162
2273 2163
2274 2164
2275 2165
2276 3578
2277 2166
2278 2167
2279 2168
2280 2169
2281 2170
2282 2171
2283 2172
2284 2173
2285 2174
2286 2175
2287 2176
2288 2177
2289 4030
2290 2178
2291 2179
2292 2180
2293 2181
2294 2182
2295 2183
2296 2184
2297 3153
2298 2185
2299 2186
2300 2187
2301 2188
2302 2189
2303 2190
2304 4660
2305 2191
2306 2192
2307 2193
2308 2194
2309 2195
2310 2196
2311 2197
2312 2198
2313 2199
2314 2200
2315 2201
2316 1752
2317 2202
2318 2203
2319 2204
2320 2205
2321 3408
2322 2206
2323 2207
2324 2208
2325 2209
2326 2210
2327 2211
2328 2212
2329 2213
2330 2214
2331 2215
2332 2216
2333 2217
2334 2218
2335 2219
2336 2220
2337 2221
2338 2222
2339 2223
2340 2224
2341 2225
2342 2226
2343 2227
2344 2228
2345 3578
2346 2229
2347 2230
2348 2231
2349 2232
2350 2233
2351 2234
2352 2235
2353 2236
2354 2237
2355 2238
2356 2239
2357 2240
2358 2241
2359 2242
2360 2243
2361 2244
2362 2245
2363 2246
2364 3578
2365 2247
2366 2248
2367 2249
2368 2250
2369 2251
2370 2252
2371 2253
2372 2254
2373 2255
2374 2256
2375 2257
2376 3153
2377 2258
2378 3153
2379 2259
2380 2260
2381 2261
2382 2262
2383 2263
2384 2264
2385 2265
2386 2266
2387 2267
2388 2268
2389 2269
2390 2270
2391 2271
2392 2272
2393 2273
2394 2274
2395 2275
2396 2276
2397 2277
2398 2278
2399 2279
2400 2280
2401 2281
2402 3578
2403 2282
2404 2283
2405 2284
2406 2285
2407 2286
2408 2287
2409 2288
2410 2289
2411 3153
2412 2290
2413 3153
2414 2291
2415 2292
2416 2293
2417 2294
2418 2295
2419 2296
2420 2297
2421 2298
2422 2299
2423 2300
2424 2301
2425 2302
2426 2303
2427 2304
2428 4030
2429 2305
2430 2306
2431 2307
2432 2308
2433 2309
2434 2310
2435 2311
2436 2312
2437 2313
2438 2314
2439 2315
2440 2316
2441 2317
2442 3578
2443 4660
2444 2318
2445 2319
2446 2320
2447 4030
2448 2321
2449 2322
2450 2323
2451 2324
2452 2325
2453 2326
2454 2327
2455 2328
2456 2329
2457 2330
2458 2331
2459 2332
2460 2333
2461 2334
2462 2335
2463 2336
2464 2337
2465 2338
2466 2339
2467 2340
2468 2341
2469 2342
2470 2343
2471 2344
2472 2345
2473 2346
2474 2347
2475 2348
2476 2349
2477 2350
2478 2351
2479 2352
2480 2353
2481 2354
2482 2355
2483 2356
2484 2357
2485 2358
2486 2359
2487 2360
2488 2361
2489 2362
2490 2363
2491 2364
2492 2365
2493 2366
2494 2367
2495 2368
2496 2369
2497 2370
2498 2371
2499 2372
2500 2373
2501 2374
2502 2375
2503 2376
2504 2377
2505 2378
2506 2379
2507 2380
2508 2381
2509 2382
2510 2383
2511 2384
2512 2385
2513 2386
2514 2387
2515 2388
2516 2389
2517 2390
2518 2391
2519 2392
2520 2393
2521 2394
2522 2395
2523 2396
2524 2397
2525 2398
2526 2399
2527 2400
2528 2401
2529 2402
2530 2403
2531 2404
2532 2405
2533 2406
2534 2407
2535 2408
2536 2409
2537 2410
2538 4660
2539 2411
2540 1271
2541 2412
2542 2413
2543 2414
2544 2415
2545 2416
2546 2417
2547 2418
2548 2419
2549 2420
2550 2421
2551 2422
2552 4660
2553 2423
2554 2424
2555 2425
2556 2426
2557 2427
2558 2428
2559 2429
2560 2430
2561 2431
2562 2432
2563 2433
2564 2434
2565 2435
2566 2436
2567 2437
2568 2438
2569 2439
2570 2440
2571 2441
2572 2442
2573 2443
2574 2444
2575 2445
2576 2446
2577 2447
2578 2448
2579 2449
2580 2450
2581 2451
2582 2452
2583 2453
2584 2454
2585 2455
2586 2456
2587 2457
2588 2458
2589 2459
2590 2460
2591 2461
2592 2462
2593 2463
2594 2464
2595 2465
2596 2466
2597 2467
2598 2468
2599 2469
2600 2470
2601 2471
2602 3153
2603 2472
2604 2473
2605 2474
2606 2475
2607 2476
2608 2477
2609 2478
2610 2479
2611 2480
2612 2481
2613 2482
2614 2483
2615 2484
2616 2485
2617 2486
2618 2487
2619 2488
2620 4030
2621 2489
2622 2490
2623 2491
2624 2492
2625 2493
2626 2494
2627 218
2628 2495
2629 2496
2630 2497
2631 2498
2632 2499
2633 2500
2634 2501
2635 2502
2636 2503
2637 2504
2638 2505
2639 2506
2640 2507
2641 2508
2642 2509
2643 2510
2644 2511
2645 2512
2646 2513
2647 2514
2648 2515
2649 2516
2650 2517
2651 2518
2652 2519
2653 2520
2654 2521
2655 2522
2656 2523
2657 2524
2658 4660
2659 2525
2660 2526
2661 2527
2662 2528
2663 2529
2664 2530
2665 2531
2666 2532
2667 2533
2668 2534
2669 2535
2670 2536
2671 2537
2672 2538
2673 2539
2674 2540
2675 2541
2676 2542
2677 2543
2678 2544
2679 2545
2680 2546
2681 2547
2682 2548
2683 2549
2684 2550
2685 2551
2686 2552
2687 2553
2688 2554
2689 2555
2690 2556
2691 2557
2692 2558
2693 2559
2694 2560
2695 2561
2696 2562
2697 2563
2698 2564
2699 2565
2700 2566
2701 2567
2702 2568
2703 2569
2704 2570
2705 2571
2706 2572
2707 2573
2708 2574
2709 2575
2710 2576
2711 2577
2712 2578
2713 2579
2714 2580
2715 2581
2716 2582
2717 2583
2718 2584
2719 2585
2720 2586
2721 2587
2722 2588
2723 2589
2724 2590
2725 2591
2726 2592
2727 3578
2728 2593
2729 2594
2730 2595
2731 2596
2732 2597
2733 2598
2734 2599
2735 2600
2736 2601
2737 2602
2738 4030
2739 2603
2740 2604
2741 2605
2742 2606
2743 2607
2744 2608
2745 2609
2746 2610
2747 2611
2748 2612
2749 2613
2750 2614
2751 2615
2752 2616
2753 2617
2754 2618
2755 2619
2756 2620
2757 2621
2758 2622
2759 3153
2760 2623
2761 2624
2762 2625
2763 2626
2764 3153
2765 2627
2766 3578
2767 2628
2768 2629
2769 2630
2770 2631
2771 2632
2772 2633
2773 2634
2774 2635
2775 2636
2776 2637
2777 2638
2778 2639
2779 2640
2780 2641
2781 2642
2782 2643
2783 2644
2784 2645
2785 2646
2786 2647
2787 2648
2788 2649
2789 2650
2790 2651
2791 2652
2792 2653
2793 2654
2794 2655
2795 2656
2796 2657
2797 2658
2798 2659
2799 2660
2800 2661
2801 2662
2802 2663
2803 2664
2804 2665
2805 2666
2806 2667
2807 2668
2808 2669
2809 2670
2810 2671
2811 2672
2812 2673
2813 2674
2814 2675
2815 2676
2816 2677
2817 2678
2818 2679
2819 3578
2820 2680
2821 2681
2822 3153
2823 2682
2824 2683
2825 2684
2826 2685
2827 2686
2828 2687
2829 2688
2830 2689
2831 2690
2832 2691
2833 2692
2834 2693
2835 2694
2836 2695
2837 3153
2838 3578
2839 2696
2840 2697
2841 2698
2842 2699
2843 2700
2844 2701
2845 2702
2846 2703
2847 2704
2848 2705
2849 2706
2850 2707
2851 2708
2852 2709
2853 4660
2854 2710
2855 2711
2856 2712
2857 2713
2858 2714
2859 2715
2860 2716
2861 2717
2862 2718
2863 2719
2864 2720
2865 2721
2866 2722
2867 2723
2868 2724
2869 2725
2870 2726
2871 4030
2872 2727
2873 4660
2874 2728
2875 2729
2876 2730
2877 2731
2878 4030
2879 2732
2880 2733
2881 2734
2882 2735
2883 2736
2884 2737
2885 2738
2886 2739
2887 2740
2888 2741
2889 2742
2890 2743
2891 2744
2892 3153
2893 2745
2894 2746
2895 2747
2896 2748
2897 2749
2898 2750
2899 2751
2900 2752
2901 2753
2902 2754
2903 2755
2904 2756
2905 2757
2906 2758
2907 2759
2908 2760
2909 2761
2910 2762
2911 2763
2912 2764
2913 2765
2914 3408
2915 2766
2916 2767
2917 2768
2918 2769
2919 2770
2920 4030
2921 2771
2922 2772
2923 2773
2924 2774
2925 2775
2926 2776
2927 2777
2928 2778
2929 2779
2930 2780
2931 2781
2932 2782
2933 2783
2934 2784
2935 2785
2936 2786
2937 2787
2938 2788
2939 2789
2940 2790
2941 2791
2942 2792
2943 4660
2944 2793
2945 2794
2946 2795
2947 2796
2948 2797
2949 2798
2950 2799
2951 2800
2952 2801
2953 2802
2954 2803
2955 2804
2956 2805
2957 2806
2958 2807
2959 3578
2960 2808
2961 2809
2962 2810
2963 2811
2964 2812
2965 2813
2966 2814
2967 2815
2968 2816
2969 2817
2970 2818
2971 2819
2972 2820
2973 2821
2974 2822
2975 2823
2976 2824
2977 2825
2978 2826
2979 2827
2980 2828
2981 2829
2982 2830
2983 2831
2984 4030
2985 2832
2986 2833
2987 2834
2988 2835
2989 2836
2990 2837
2991 2838
2992 2839
2993 2840
2994 2841
2995 2842
2996 2843
2997 2844
2998 2845
2999 2846
3000 2847
3001 2848
3002 2849
3003 2850
3004 2851
3005 2852
3006 2853
3007 3153
3008 2854
3009 2855
3010 2856
3011 2857
3012 2858
3013 2859
3014 2860
3015 2861
3016 2862
3017 2863
3018 2864
3019 2865
3020 2866
3021 2867
3022 2868
3023 2869
3024 2870
3025 2871
3026 2872
3027 2873
3028 2874
3029 2875
3030 2876
3031 2877
3032 2878
3033 2879
3034 2880
3035 2881
3036 2882
3037 2883
3038 2884
3039 2885
3040 4030
3041 2886
3042 2887
3043 2888
3044 2889
3045 2890
3046 4660
3047 2891
3048 2892
3049 2893
3050 2894
3051 2895
3052 4030
3053 2896
3054 2897
3055 2898
3056 2899
3057 2900
3058 2901
3059 2902
3060 2903
3061 2904
3062 2905
3063 2906
3064 2907
3065 2908
3066 2909
3067 2910
3068 2911
3069 2912
3070 2913
3071 2914
3072 2915
3073 2916
3074 2917
3075 2918
3076 2919
3077 2920
3078 2921
3079 2922
3080 2923
3081 2924
3082 2925
3083 2926
3084 2927
3085 2928
3086 2929
3087 2930
3088 2931
3089 2932
3090 2933
3091 2934
3092 2935
3093 2936
3094 2937
3095 2938
3096 2939
3097 2940
3098 2941
3099 2942
3100 2943
3101 2944
3102 2945
3103 2946
3104 2947
3105 2948
3106 2949
3107 2950
3108 2951
3109 2952
3110 2953
3111 2954
3112 2955
3113 2956
3114 2957
3115 2958
3116 3578
3117 2959
3118 2960
3119 2961
3120 2962
3121 2963
3122 2964
3123 2965
3124 3578
3125 2966
3126 2967
3127 2968
3128 2969
3129 2970
3130 2971
3131 2972
3132 2973
3133 2974
3134 2975
3135 2976
3136 2977
3137 2978
3138 2979
3139 2980
3140 2981
3141 2982
3142 2983
3143 2984
3144 2985
3145 2986
3146 2987
3147 2988
3148 2989
3149 2990
3150 2991
3151 2992
3152 2993
3153 2994
3154 2995
3155 2996
3156 2997
3157 2998
3158 2999
3159 3000
3160 3001
3161 3002
3162 3003
3163 3004
3164 3005
3165 3006
3166 3007
3167 3008
3168 3009
3169 3010
3170 3011
3171 3153
3172 3012
3173 3013
3174 3014
3175 3015
3176 3016
3177 4030
3178 3017
3179 3018
3180 3019
3181 3020
3182 3021
3183 3022
3184 3578
3185 3023
3186 3024
3187 3025
3188 3026
3189 3027
3190 3028
3191 3029
3192 3030
3193 3031
3194 3032
3195 3033
3196 3034
3197 3035
3198 4660
3199 3153
3200 3036
3201 3037
3202 3038
3203 3039
3204 3040
3205 3041
3206 3042
3207 3043
3208 3044
3209 3045
3210 3046
3211 3047
3212 3048
3213 3049
3214 3050
3215 3051
3216 3052
3217 3053
3218 3054
3219 3055
3220 4030
3221 3056
3222 3057
3223 3058
3224 3059
3225 3060
3226 3061
3227 3062
3228 3063
3229 3064
3230 3065
3231 3066
3232 3067
3233 3068
3234 3069
3235 3070
3236 3071
3237 3072
3238 3073
3239 3074
3240 3075
3241 3076
3242 3077
3243 3078
3244 3153
3245 3079
3246 3080
3247 3081
3248 3082
3249 4660
3250 3083
3251 3084
3252 3085
3253 4660
3254 3086
3255 3087
3256 3088
3257 3089
3258 3090
3259 3091
3260 3153
3261 3092
3262 3093
3263 3094
3264 3095
3265 3096
3266 3097
3267 3098
3268 3099
3269 3100
3270 3101
3271 3102
3272 3103
3273 3104
3274 3105
3275 3106
3276 3107
3277 3108
3278 3109
3279 3110
3280 3111
3281 3112
3282 3113
3283 3114
3284 3115
3285 3116
3286 3117
3287 3118
3288 3119
3289 3120
3290 3121
3291 3122
3292 3123
3293 3124
3294 3125
3295 3126
3296 3127
3297 3128
3298 3129
3299 3130
3300 3131
3301 3132
3302 3133
3303 3134
3304 3135
3305 3136
3306 3137
3307 3138
3308 3139
3309 3140
3310 3141
3311 3142
3312 3143
3313 3144
3314 3145
3315 3146
3316 3153
3317 4030
3318 3147
3319 3148
3320 3149
3321 3150
3322 3151
3323 3152
3324 3153
3325 3153
3326 3154
3327 3155
3328 3156
3329 3157
3330 3158
3331 3159
3332 3160
3333 4660
3334 3161
3335 3162
3336 3163
3337 3164
3338 3165
3339 3166
3340 3167
3341 3168
3342 3169
3343 3170
3344 3171
3345 3172
3346 3173
3347 3174
3348 3175
3349 3176
3350 3177
3351 3178
3352 3179
3353 3180
3354 3181
3355 3182
3356 3183
3357 3184
3358 3185
3359 3186
3360 3187
3361 3188
3362 3189
3363 3190
3364 3191
3365 3192
3366 3193
3367 3194
3368 3195
3369 3153
3370 3196
3371 3197
3372 3198
3373 4030
3374 3199
3375 3200
3376 3201
3377 3202
3378 3203
3379 3204
3380 3205
3381 3153
3382 4660
3383 3206
3384 3207
3385 3208
3386 3209
3387 3210
3388 3211
3389 3212
3390 3213
3391 3214
3392 3215
3393 3216
3394 3217
3395 3218
3396 3219
3397 3220
3398 3221
3399 3222
3400 3223
3401 3224
3402 3225
3403 3226
3404 3227
3405 4660
3406 3228
3407 3229
3408 3230
3409 3231
3410 3232
3411 3233
3412 3234
3413 3235
3414 3236
3415 3237
3416 3238
3417 3239
3418 3240
3419 3241
3420 3242
3421 3243
3422 3244
3423 3245
3424 3246
3425 3247
3426 3248
3427 3249
3428 3250
3429 3251
3430 3252
3431 3253
3432 3254
3433 3255
3434 3256
3435 3257
3436 3258
3437 3259
3438 3260
3439 3261
3440 3262
3441 3263
3442 3264
3443 4660
3444 3265
3445 3266
3446 3267
3447 3268
3448 3269
3449 3270
3450 3271
3451 3272
3452 3273
3453 3274
3454 3275
3455 3276
3456 3277
3457 3278
3458 3279
3459 3280
3460 3281
3461 3282
3462 3283
3463 3284
3464 3285
3465 3286
3466 3287
3467 3288
3468 3289
3469 3290
3470 3291
3471 3292
3472 3293
3473 3294
3474 3295
3475 3296
3476 3297
3477 3298
3478 3299
3479 3300
3480 3301
3481 3302
3482 3303
3483 3153
3484 3304
3485 3305
3486 3306
3487 3307
3488 3408
3489 3308
3490 3309
3491 3310
3492 3311
3493 3312
3494 3313
3495 3314
3496 3153
3497 4660
3498 3315
3499 3316
3500 3317
3501 3318
3502 3319
3503 3320
3504 3321
3505 3322
3506 3323
3507 3324
3508 3325
3509 3326
3510 3327
3511 3328
3512 4660
3513 3329
3514 3330
3515 3331
3516 3332
3517 3333
3518 3334
3519 3335
3520 3336
3521 3337
3522 3338
3523 3339
3524 3340
3525 3341
3526 3342
3527 3343
3528 3344
3529 3153
3530 3345
3531 3346
3532 3347
3533 3348
3534 3349
3535 3350
3536 3351
3537 3352
3538 3353
3539 3354
3540 3355
3541 3356
3542 3357
3543 3358
3544 3359
3545 3360
3546 3361
3547 3362
3548 3363
3549 3364
3550 3365
3551 3366
3552 3153
3553 3367
3554 3368
3555 3369
3556 3370
3557 3371
3558 3372
3559 3373
3560 3374
3561 3375
3562 3376
3563 3377
3564 3378
3565 3379
3566 3380
3567 3381
3568 3382
3569 3383
3570 3384
3571 3385
3572 3386
3573 3387
3574 3388
3575 3389
3576 3390
3577 3391
3578 3392
3579 3393
3580 3394
3581 3395
3582 3396
3583 3397
3584 3398
3585 3399
3586 3400
3587 3401
3588 3402
3589 3403
3590 3404
3591 3405
3592 3406
3593 3407
3594 3408
3595 3153
3596 3409
3597 3410
3598 3411
3599 3412
3600 3413
3601 3414
3602 3415
3603 3416
3604 3417
3605 3418
3606 3419
3607 4660
3608 3420
3609 4030
3610 3421
3611 3422
3612 3423
3613 3424
3614 3425
3615 3426
3616 3427
3617 3428
3618 3429
3619 3430
3620 3431
3621 3432
3622 3433
3623 3434
3624 3435
3625 3436
3626 3437
3627 3438
3628 3439
3629 3440
3630 3441
3631 3442
3632 3443
3633 3444
3634 3445
3635 3446
3636 3447
3637 3448
3638 3449
3639 3450
3640 3451
3641 3452
3642 3453
3643 3454
3644 3455
3645 3456
3646 3457
3647 3458
3648 3459
3649 3460
3650 3461
3651 3462
3652 3463
3653 3464
3654 3465
3655 3466
3656 3467
3657 3468
3658 3469
3659 3470
3660 3471
3661 3472
3662 3473
3663 3474
3664 3475
3665 3476
3666 3477
3667 3478
3668 3479
3669 3480
3670 3481
3671 3482
3672 3483
3673 3484
3674 3485
3675 3486
3676 3487
3677 3488
3678 3489
3679 3490
3680 3491
3681 3492
3682 3493
3683 3494
3684 3495
3685 3496
3686 3497
3687 3498
3688 3499
3689 3500
3690 3501
3691 3502
3692 3503
3693 3504
3694 3505
3695 3506
3696 3507
3697 3508
3698 3509
3699 3510
3700 3511
3701 3512
3702 3513
3703 3514
3704 3515
3705 3516
3706 3517
3707 3518
3708 3519
3709 3520
3710 3521
3711 4660
3712 3522
3713 3523
3714 3524
3715 3525
3716 3526
3717 3527
3718 3528
3719 3529
3720 3530
3721 3531
3722 3532
3723 3578
3724 3533
3725 3534
3726 3535
3727 3536
3728 3537
3729 3538
3730 3539
3731 3540
3732 3541
3733 3542
3734 3543
3735 3544
3736 3545
3737 3546
3738 3547
3739 4660
3740 3548
3741 3549
3742 3550
3743 3551
3744 3552
3745 3553
3746 3554
3747 3555
3748 3556
3749 3557
3750 3558
3751 3559
3752 3560
3753 3561
3754 3562
3755 3563
3756 3564
3757 3565
3758 3566
3759 3567
3760 3568
3761 3569
3762 3570
3763 3571
3764 3572
3765 3573
3766 3574
3767 3575
3768 3576
3769 3577
3770 3578
3771 3579
3772 3580
3773 3581
3774 3582
3775 3583
3776 3584
3777 3585
3778 3586
3779 3587
3780 3588
3781 3589
3782 3590
3783 4030
3784 3153
3785 3591
3786 3592
3787 3593
3788 3594
3789 3595
3790 3596
3791 3597
3792 3598
3793 3599
3794 3600
3795 3601
3796 3602
3797 3603
3798 3604
3799 3605
3800 3606
3801 3607
3802 3608
3803 3609
3804 3610
3805 3611
3806 3612
3807 3613
3808 3614
3809 3615
3810 3616
3811 3617
3812 3618
3813 3619
3814 3620
3815 3621
3816 3622
3817 3623
3818 3624
3819 3625
3820 3626
3821 3627
3822 3628
3823 3629
3824 3630
3825 3631
3826 3632
3827 3633
3828 3634
3829 3635
3830 3636
3831 3637
3832 3153
3833 3638
3834 1752
3835 3639
3836 3640
3837 3641
3838 3642
3839 3643
3840 3644
3841 3645
3842 3646
3843 3647
3844 4660
3845 3648
3846 3649
3847 3578
3848 3650
3849 3651
3850 3652
3851 3653
3852 3654
3853 3655
3854 3408
3855 3656
3856 3657
3857 3658
3858 3659
3859 3660
3860 3153
3861 3661
3862 3662
3863 3663
3864 3664
3865 3665
3866 3666
3867 3667
3868 3668
3869 3669
3870 3670
3871 3671
3872 3672
3873 3673
3874 3674
3875 3675
3876 3676
3877 3677
3878 3678
3879 3679
3880 3680
3881 3681
3882 3682
3883 4660
3884 3683
3885 3684
3886 3685
3887 3686
3888 3687
3889 3688
3890 3689
3891 3690
3892 3691
3893 3692
3894 3693
3895 3694
3896 3695
3897 3696
3898 3697
3899 3698
3900 3699
3901 4030
3902 3700
3903 3701
3904 3702
3905 3703
3906 3704
3907 3705
3908 3706
3909 3707
3910 3708
3911 3709
3912 3710
3913 3711
3914 3712
3915 3713
3916 3714
3917 3715
3918 3716
3919 3717
3920 3718
3921 3719
3922 3720
3923 3721
3924 3722
3925 3723
3926 3724
3927 3725
3928 3726
3929 3727
3930 3728
3931 3729
3932 3730
3933 3731
3934 3732
3935 3153
3936 3733
3937 3734
3938 3735
3939 3736
3940 3737
3941 3738
3942 3739
3943 3740
3944 3741
3945 3742
3946 3743
3947 3744
3948 3745
3949 3746
3950 3747
3951 3748
3952 3749
3953 3750
3954 3751
3955 3752
3956 3753
3957 3754
3958 218
3959 3755
3960 3756
3961 3757
3962 3758
3963 3759
3964 3760
3965 3761
3966 3762
3967 3763
3968 3764
3969 3765
3970 3766
3971 1172
3972 3578
3973 3767
3974 3768
3975 3769
3976 3770
3977 3771
3978 3772
3979 3773
3980 3153
3981 3774
3982 3775
3983 3776
3984 3777
3985 3778
3986 3779
3987 3780
3988 3781
3989 3782
3990 3783
3991 3784
3992 3785
3993 3786
3994 3787
3995 3788
3996 3789
3997 3790
3998 3791
3999 3792
4000 3793
4001 3794
4002 3795
4003 3796
4004 3797
4005 3798
4006 3799
4007 3800
4008 3801
4009 3802
4010 3803
4011 3804
4012 3805
4013 4660
4014 3806
4015 3807
4016 3808
4017 3809
4018 3810
4019 3811
4020 3812
4021 3813
4022 3814
4023 3815
4024 3816
4025 3817
4026 3818
4027 3819
4028 3820
4029 3821
4030 3822
4031 3823
4032 3824
4033 3825
4034 3826
4035 3827
4036 3828
4037 3829
4038 3830
4039 3831
4040 3153
4041 3832
4042 3833
4043 3834
4044 3835
4045 3836
4046 3837
4047 3838
4048 3839
4049 3153
4050 3840
4051 3841
4052 4030
4053 3842
4054 3843
4055 3844
4056 3845
4057 3846
4058 3847
4059 3848
4060 3849
4061 3850
4062 3851
4063 3852
4064 3853
4065 3854
4066 3855
4067 3856
4068 3857
4069 3858
4070 3859
4071 3860
4072 3861
4073 3862
4074 3863
4075 3864
4076 3865
4077 3866
4078 3867
4079 3868
4080 3869
4081 3870
4082 3871
4083 3872
4084 3873
4085 3874
4086 3875
4087 3876
4088 3877
4089 3878
4090 3879
4091 3880
4092 3881
4093 3882
4094 3883
4095 3884
4096 3885
4097 3886
4098 3887
4099 3888
4100 3889
4101 3890
4102 3578
4103 3891
4104 3892
4105 3893
4106 3894
4107 3895
4108 3896
4109 3897
4110 3898
4111 3899
4112 3900
4113 3901
4114 3902
4115 3903
4116 3904
4117 3578
4118 3905
4119 3906
4120 3907
4121 3908
4122 3909
4123 3910
4124 3911
4125 3153
4126 3912
4127 4030
4128 3913
4129 3914
4130 3915
4131 3916
4132 3917
4133 3918
4134 3919
4135 3920
4136 3921
4137 3922
4138 3923
4139 3924
4140 3925
4141 3926
4142 3927
4143 3928
4144 3929
4145 3930
4146 3931
4147 3153
4148 3932
4149 3933
4150 3934
4151 3935
4152 3936
4153 3937
4154 3938
4155 3939
4156 3940
4157 3941
4158 3942
4159 3943
4160 3944
4161 3945
4162 3946
4163 3947
4164 3948
4165 3949
4166 3950
4167 3951
4168 3153
4169 3952
4170 3953
4171 3954
4172 3955
4173 3956
4174 3957
4175 3958
4176 3959
4177 3960
4178 3961
4179 3962
4180 3963
4181 3964
4182 3965
4183 3966
4184 3967
4185 3968
4186 3969
4187 3970
4188 3971
4189 3972
4190 3973
4191 3974
4192 3975
4193 3976
4194 3977
4195 3978
4196 3979
4197 3980
4198 3981
4199 3982
4200 3983
4201 3984
4202 3985
4203 3986
4204 3987
4205 3988
4206 3989
4207 3990
4208 3991
4209 3992
4210 3993
4211 3994
4212 3995
4213 3996
4214 3997
4215 3998
4216 3999
4217 4000
4218 4001
4219 4002
4220 4003
4221 4004
4222 4005
4223 4006
4224 4007
4225 4008
4226 4009
4227 4010
4228 4011
4229 4012
4230 4013
4231 4014
4232 4015
4233 4016
4234 3153
4235 4017
4236 4018
4237 4019
4238 4020
4239 4021
4240 4022
4241 4023
4242 4024
4243 4030
4244 4025
4245 4026
4246 3153
4247 4027
4248 4028
4249 4029
4250 4030
4251 4031
4252 4032
4253 4660
4254 4033
4255 4034
4256 4035
4257 4036
4258 4037
4259 4038
4260 4039
4261 4040
4262 4041
4263 4042
4264 4043
4265 4044
4266 4045
4267 4046
4268 4047
4269 4048
4270 4049
4271 4050
4272 4051
4273 4052
4274 4053
4275 4054
4276 4055
4277 4056
4278 4057
4279 4058
4280 4059
4281 4060
4282 4061
4283 4062
4284 4063
4285 4064
4286 4065
4287 4066
4288 4067
4289 4068
4290 4069
4291 4070
4292 4071
4293 4072
4294 4073
4295 4074
4296 4075
4297 4076
4298 4077
4299 4078
4300 4079
4301 4080
4302 4081
4303 4082
4304 4083
4305 4084
4306 4085
4307 4086
4308 4087
4309 4088
4310 4089
4311 4090
4312 4091
4313 4092
4314 4093
4315 4094
4316 4095
4317 4096
4318 4097
4319 4098
4320 4099
4321 4100
4322 4101
4323 4102
4324 4103
4325 4030
4326 4104
4327 4105
4328 4106
4329 4107
4330 4108
4331 4109
4332 4110
4333 4111
4334 4112
4335 4113
4336 4114
4337 4115
4338 4116
4339 4117
4340 4118
4341 4119
4342 4120
4343 4121
4344 4122
4345 4123
4346 4124
4347 4125
4348 4126
4349 4127
4350 4128
4351 4129
4352 4130
4353 4131
4354 4132
4355 4133
4356 4134
4357 4135
4358 4136
4359 4137
4360 4138
4361 4139
4362 4140
4363 4141
4364 4142
4365 4143
4366 4144
4367 4660
4368 4145
4369 4146
4370 4147
4371 4148
4372 4149
4373 4150
4374 4151
4375 4152
4376 4153
4377 4154
4378 4155
4379 4156
4380 4157
4381 4158
4382 4159
4383 4160
4384 4161
4385 4162
4386 4163
4387 4164
4388 4165
4389 4166
4390 4167
4391 4168
4392 3153
4393 4169
4394 4170
4395 4171
4396 4172
4397 4173
4398 4174
4399 4175
4400 4176
4401 4177
4402 4178
4403 4179
4404 4180
4405 4181
4406 4182
4407 4183
4408 4184
4409 4185
4410 4186
4411 4187
4412 4188
4413 4189
4414 4190
4415 4191
4416 4192
4417 4193
4418 4194
4419 4195
4420 4196
4421 4197
4422 4198
4423 4199
4424 4200
4425 4201
4426 4202
4427 4203
4428 4204
4429 4205
4430 4206
4431 4207
4432 4208
4433 4209
4434 4210
4435 4211
4436 4212
4437 4213
4438 4214
4439 4215
4440 4216
4441 4217
4442 4218
4443 4219
4444 4220
4445 4221
4446 4222
4447 4223
4448 4224
4449 4225
4450 4226
4451 4227
4452 4228
4453 4229
4454 4230
4455 4231
4456 4232
4457 4030
4458 4233
4459 4234
4460 4235
4461 4236
4462 1271
4463 4237
4464 4238
4465 4239
4466 4240
4467 4241
4468 4242
4469 4243
4470 4244
4471 4245
4472 4246
4473 4247
4474 4248
4475 4249
4476 4250
4477 4251
4478 4252
4479 4253
4480 4254
4481 4255
4482 4256
4483 4257
4484 4258
4485 4259
4486 4260
4487 4261
4488 4262
4489 4263
4490 4264
4491 4265
4492 4266
4493 4267
4494 4268
4495 4269
4496 4030
4497 1752
4498 4270
4499 4271
4500 4272
4501 4273
4502 4274
4503 4275
4504 4276
4505 4277
4506 4278
4507 1896
4508 4279
4509 4280
4510 4281
4511 3578
4512 4282
4513 4283
4514 4284
4515 4285
4516 4286
4517 4287
4518 4288
4519 4289
4520 4290
4521 4291
4522 4292
4523 4293
4524 4294
4525 4295
4526 4296
4527 4297
4528 4298
4529 4299
4530 4300
4531 4301
4532 4302
4533 4303
4534 4304
4535 4305
4536 4306
4537 4307
4538 4308
4539 4309
4540 4310
4541 4030
4542 4030
4543 4311
4544 4312
4545 4313
4546 4314
4547 4315
4548 4316
4549 4317
4550 4318
4551 4319
4552 4320
4553 4321
4554 4322
4555 4323
4556 4324
4557 4325
4558 4326
4559 4327
4560 4328
4561 4329
4562 4330
4563 4331
4564 4332
4565 4333
4566 4334
4567 1752
4568 4335
4569 4336
4570 4337
4571 4338
4572 4339
4573 4340
4574 4341
4575 4342
4576 4343
4577 4344
4578 4345
4579 4346
4580 4347
4581 4348
4582 4349
4583 4350
4584 4351
4585 4352
4586 4353
4587 4354
4588 4355
4589 4356
4590 4357
4591 4358
4592 4359
4593 4030
4594 4360
4595 4361
4596 4030
4597 4362
4598 4363
4599 4364
4600 4365
4601 4366
4602 4367
4603 4368
4604 4660
4605 4369
4606 4370
4607 4371
4608 4372
4609 4373
4610 4660
4611 4374
4612 4375
4613 4376
4614 4377
4615 4378
4616 4379
4617 4380
4618 4381
4619 4382
4620 4383
4621 4384
4622 4385
4623 4386
4624 4387
4625 4388
4626 4389
4627 4390
4628 3578
4629 4391
4630 4392
4631 4393
4632 4660
4633 4394
4634 4395
4635 4396
4636 4397
4637 3578
4638 4398
4639 4399
4640 4400
4641 4401
4642 4402
4643 4403
4644 4404
4645 4405
4646 4406
4647 4407
4648 4408
4649 4409
4650 4410
4651 4411
4652 4412
4653 4413
4654 4414
4655 4415
4656 4416
4657 4417
4658 4418
4659 4419
4660 4420
4661 4421
4662 4422
4663 4423
4664 4424
4665 1752
4666 4660
4667 4425
4668 4426
4669 4427
4670 4428
4671 4429
4672 4430
4673 4431
4674 4432
4675 4433
4676 4434
4677 4435
4678 4436
4679 4437
4680 4438
4681 4439
4682 4440
4683 4441
4684 4442
4685 4443
4686 4444
4687 4445
4688 4446
4689 4447
4690 4448
4691 4449
4692 4450
4693 4451
4694 4452
4695 4453
4696 4454
4697 4455
4698 4456
4699 4457
4700 4458
4701 4459
4702 4460
4703 4461
4704 4462
4705 4463
4706 4464
4707 4465
4708 4466
4709 4467
4710 4660
4711 4468
4712 4469
4713 4470
4714 4471
4715 4472
4716 4473
4717 4474
4718 4475
4719 4476
4720 4477
4721 4478
4722 4479
4723 4480
4724 4481
4725 4482
4726 4483
4727 4484
4728 4485
4729 4486
4730 4487
4731 4488
4732 4489
4733 4490
4734 4491
4735 4492
4736 4493
4737 4494
4738 4495
4739 4496
4740 4497
4741 4498
4742 4499
4743 4500
4744 4501
4745 4030
4746 4502
4747 4503
4748 4504
4749 4505
4750 3578
4751 4506
4752 4507
4753 4508
4754 4509
4755 4510
4756 4511
4757 4512
4758 4513
4759 4514
4760 4515
4761 4516
4762 4517
4763 4518
4764 4519
4765 4520
4766 4521
4767 4522
4768 4523
4769 4524
4770 4525
4771 4526
4772 4527
4773 4528
4774 4030
4775 3578
4776 4660
4777 4529
4778 4660
4779 4530
4780 4531
4781 4532
4782 4533
4783 4534
4784 3153
4785 4535
4786 4536
4787 4537
4788 4538
4789 4539
4790 4030
4791 4540
4792 4541
4793 4542
4794 4543
4795 4544
4796 4545
4797 4546
4798 4547
4799 4548
4800 4549
4801 4550
4802 4551
4803 4552
4804 4553
4805 3578
4806 4554
4807 4555
4808 4556
4809 4557
4810 4558
4811 4559
4812 4560
4813 4561
4814 4562
4815 4563
4816 4564
4817 4565
4818 4566
4819 4567
4820 4568
4821 4569
4822 4570
4823 4571
4824 4572
4825 4573
4826 4030
4827 4574
4828 4575
4829 4576
4830 4577
4831 4578
4832 4579
4833 4030
4834 4580
4835 4581
4836 4582
4837 3153
4838 4583
4839 4584
4840 4585
4841 4586
4842 4587
4843 4588
4844 4589
4845 4590
4846 4591
4847 4592
4848 4593
4849 4594
4850 4595
4851 4596
4852 4597
4853 4598
4854 4599
4855 4600
4856 4601
4857 4602
4858 4603
4859 4604
4860 4605
4861 4606
4862 4607
4863 4608
4864 4609
4865 4610
4866 4611
4867 4612
4868 4613
4869 4614
4870 4615
4871 4616
4872 4617
4873 4618
4874 4619
4875 4620
4876 4621
4877 4030
4878 4622
4879 4623
4880 4624
4881 4625
4882 4626
4883 4627
4884 4628
4885 218
4886 4629
4887 4630
4888 4631
4889 4632
4890 4633
4891 4634
4892 4635
4893 4636
4894 4637
4895 4638
4896 4639
4897 4640
4898 4641
4899 4642
4900 4643
4901 4644
4902 4645
4903 4660
4904 4646
4905 4647
4906 4648
4907 4649
4908 4650
4909 4651
4910 4652
4911 3578
4912 4653
4913 4654
4914 4655
4915 4656
4916 4657
4917 4658
4918 4659
4919 4660
4920 4661
4921 4662
4922 4663
4923 4664
4924 4665
4925 4666
4926 4667
4927 4668
4928 3153
4929 4669
4930 4670
4931 4671
4932 4672
4933 4673
4934 4674
4935 4675
4936 4676
4937 4677
4938 4678
4939 4679
4940 4680
4941 4681
4942 4682
4943 4683
4944 4684
4945 4685
4946 4660
4947 4686
4948 4687
4949 4688
4950 4689
4951 4690
4952 4691
4953 4692
4954 4693
4955 4694
4956 4660
4957 4695
4958 4696
4959 4697
4960 4698
4961 4699
4962 4700
4963 4701
4964 4702
4965 4703
4966 4704
4967 4705
4968 4706
4969 4707
4970 4708
4971 4709
4972 4710
4973 4711
4974 4712
4975 4713
4976 4714
4977 4715
4978 4716
4979 4717
4980 4718
4981 4719
4982 4720
4983 4721
4984 4722
4985 4723
4986 4724
4987 4725
4988 4726
4989 4727
4990 4728
4991 4729
4992 4660
4993 4730
4994 4731
4995 4732
4996 4660
4997 4733
4998 4734
4999 4735
5000 4736
5001 4737
5002 4738
5003 4739
5004 4740
5005 4741
5006 4742
5007 4743
5008 4744
5009 4745
5010 4746
5011 4747
5012 4748
5013 4749
5014 4750
5015 4751
5016 4752
5017 4753
5018 4754
5019 4755
5020 4756
5021 4757
5022 4758
5023 4759
5024 4760
5025 4761
5026 4762
5027 4030
5028 4763
5029 4660
5030 4764
5031 4765
5032 4766
5033 4767
5034 4768
5035 4769
5036 4770
5037 4771
5038 4772
5039 4773
5040 4774
5041 4775
5042 4776
5043 4777
5044 4778
5045 4779
5046 3578
5047 4780
5048 4781
5049 4782
5050 4783
5051 4784
5052 4785
5053 4786
5054 4787
5055 4788
5056 4789
5057 4790
5058 4791
5059 4792
5060 4793
5061 3153
5062 4794
5063 4795
5064 4796
5065 4797
5066 4798
5067 4799
5068 4800
5069 4801
5070 4802
5071 4803
5072 4804
5073 4805
5074 3153
5075 4806
5076 4807
5077 4808
5078 4809
5079 4810
5080 4811
5081 4812
5082 4813
5083 4814
5084 4815
5085 4816
5086 4817
5087 4818
5088 4819
5089 4820
5090 4821
5091 4822
5092 4823
5093 4824
5094 4825
5095 4826
5096 4827
5097 3153
5098 4828
5099 4829
5100 4830
5101 4831
5102 4832
5103 4833
5104 4834
5105 4835
5106 4836
5107 4837
5108 4838
5109 4839
5110 4840
5111 4841
5112 4842
5113 4843
5114 4844
5115 4845
5116 4846
5117 4847
5118 4848
5119 4849
5120 4850
5121 4851
5122 4660
5123 4852
5124 4853
5125 4854
5126 4855
5127 4856
5128 4857
5129 4858
5130 4859
5131 4860
5132 4861
5133 4862
5134 4863
5135 4864
5136 4865
5137 4866
5138 4867
5139 4868
5140 3153
5141 4869
5142 4870
5143 4871
5144 4872
5145 4873
5146 4874
5147 4875
5148 4876
5149 4877
5150 4878
5151 4879
5152 4880
5153 4881
5154 4882
5155 4883
5156 4884
5157 4885
5158 4886
5159 4887
5160 4888
5161 3578
5162 4889
5163 4890
5164 4891
5165 4892
5166 4893
5167 4894
5168 4895
5169 4896
5170 4897
5171 4898
5172 4899
5173 4900
5174 4901
5175 4902
5176 4903
5177 4904
5178 4905
5179 4906
5180 4907
5181 4908
5182 4909
5183 4910
5184 4911
5185 4912
5186 4913
5187 4914
5188 4915
5189 4916
5190 4917
5191 4918
5192 4919
5193 4920
5194 4921
5195 4922
5196 4923
5197 4924
5198 4925
5199 4926
5200 4927
5201 4928
5202 4929
5203 4930
5204 4931
5205 4932
5206 4933
5207 4934
5208 4935
5209 4936
5210 4937
5211 4938
5212 4939
5213 4940
5214 4941
5215 4942
5216 4943
5217 4944
5218 4945
5219 4946
5220 4947
5221 4948
5222 4949
5223 4950
5224 4951
5225 4952
5226 4953
5227 4954
5228 4955
5229 4956
5230 4957
5231 4958
5232 4959
5233 4960
5234 4961
5235 4962
5236 4963
5237 4964
5238 4965
5239 4966
5240 4967
5241 4968
5242 4969
5243 4970
5244 4971
5245 4972
5246 4973
5247 3578
5248 4974
5249 4975
5250 4976
5251 4977
5252 4978
5253 179
