0 0
1 1
2 2
3 3
4 4
5 5
6 6
7 7
8 8
9 9
10 10
11 11
12 12
13 13
14 14
15 15
16 16
17 17
18 18
19 19
20 20
21 21
22 22
23 23
24 24
25 25
26 26
27 27
28 28
29 29
30 30
31 31
32 32
33 33
34 34
35 35
36 36
37 37
38 38
39 39
40 40
41 41
42 42
43 43
44 44
45 45
46 46
47 47
48 48
49 49
50 50
51 51
52 52
53 53
54 54
55 55
56 56
57 57
58 58
59 59
60 60
61 61
62 62
63 63
64 64
65 65
66 66
67 67
68 68
69 69
70 70
71 71
72 72
73 73
74 74
75 75
76 76
77 77
78 78
79 79
80 80
81 81
82 82
83 83
84 84
85 85
86 86
87 87
88 88
89 89
90 90
91 91
92 92
93 93
94 94
95 95
96 96
97 97
98 98
99 99
100 100
101 101
102 102
103 103
104 104
105 105
106 106
107 107
108 108
109 109
110 110
111 111
112 112
113 113
114 114
115 115
116 116
117 117
118 118
119 4302
120 119
121 120
122 121
123 122
124 123
125 124
126 125
127 126
128 127
129 128
130 129
131 130
132 131
133 132
134 133
135 134
136 135
137 136
138 137
139 138
140 139
141 140
142 141
143 142
144 143
145 144
146 145
147 146
148 147
149 148
150 149
151 150
152 151
153 152
154 153
155 154
156 155
157 156
158 157
159 158
160 159
161 160
162 161
163 162
164 163
165 164
166 165
167 166
168 167
169 168
170 169
171 170
172 171
173 172
174 173
175 174
176 175
177 176
178 177
179 3554
180 178
181 179
182 180
183 181
184 182
185 183
186 184
187 185
188 186
189 187
190 188
191 189
192 190
193 191
194 192
195 193
196 194
197 195
198 196
199 197
200 198
201 199
202 200
203 201
204 202
205 203
206 204
207 205
208 206
209 207
210 208
211 209
212 210
213 211
214 212
215 213
216 214
217 215
218 216
219 217
220 218
221 219
222 220
223 221
224 222
225 4302
226 223
227 224
228 225
229 226
230 227
231 228
232 229
233 230
234 231
235 232
236 233
237 234
238 235
239 236
240 237
241 573
242 238
243 239
244 240
245 241
246 242
247 243
248 244
249 245
250 246
251 247
252 248
253 249
254 250
255 251
256 252
257 253
258 254
259 255
260 256
261 257
262 258
263 259
264 260
265 261
266 262
267 263
268 264
269 265
270 266
271 267
272 4302
273 268
274 269
275 270
276 271
277 272
278 273
279 274
280 275
281 276
282 277
283 278
284 279
285 280
286 281
287 282
288 283
289 284
290 285
291 286
292 287
293 288
294 289
295 290
296 291
297 292
298 293
299 294
300 5140
301 295
302 296
303 297
304 298
305 299
306 300
307 301
308 302
309 303
310 304
311 305
312 306
313 307
314 308
315 309
316 310
317 311
318 312
319 313
320 314
321 315
322 316
323 317
324 318
325 319
326 320
327 321
328 322
329 323
330 324
331 325
332 326
333 327
334 328
335 329
336 330
337 331
338 4302
339 332
340 333
341 334
342 335
343 336
344 337
345 338
346 339
347 340
348 341
349 342
350 343
351 344
352 345
353 346
354 347
355 348
356 349
357 350
358 351
359 352
360 353
361 354
362 355
363 3554
364 356
365 357
366 358
367 359
368 360
369 361
370 362
371 363
372 364
373 365
374 366
375 367
376 368
377 369
378 370
379 5140
380 371
381 372
382 373
383 374
384 375
385 376
386 377
387 378
388 379
389 380
390 4208
391 381
392 382
393 383
394 384
395 385
396 386
397 387
398 388
399 389
400 390
401 391
402 392
403 393
404 394
405 395
406 396
407 397
408 398
409 399
410 400
411 401
412 5140
413 402
414 403
415 404
416 405
417 406
418 407
419 408
420 409
421 410
422 411
423 412
424 413
425 4302
426 414
427 415
428 416
429 417
430 418
431 419
432 420
433 421
434 422
435 423
436 424
437 425
438 426
439 427
440 428
441 429
442 430
443 431
444 432
445 433
446 434
447 435
448 436
449 437
450 438
451 439
452 440
453 441
454 442
455 443
456 444
457 445
458 446
459 447
460 448
461 449
462 450
463 451
464 452
465 453
466 454
467 455
468 456
469 457
470 458
471 459
472 460
473 461
474 462
475 463
476 464
477 465
478 466
479 467
480 468
481 469
482 470
483 471
484 472
485 473
486 474
487 475
488 476
489 477
490 478
491 479
492 480
493 481
494 482
495 483
496 484
497 4302
498 485
499 486
500 487
501 488
502 489
503 490
504 491
505 492
506 493
507 494
508 495
509 496
510 497
511 498
512 499
513 500
514 501
515 502
516 503
517 504
518 505
519 506
520 507
521 508
522 509
523 510
524 511
525 512
526 513
527 514
528 515
529 516
530 517
531 518
532 519
533 520
534 521
535 522
536 523
537 524
538 525
539 526
540 527
541 528
542 529
543 530
544 531
545 532
546 533
547 534
548 535
549 536
550 537
551 538
552 539
553 540
554 541
555 542
556 543
557 544
558 545
559 546
560 547
561 548
562 549
563 550
564 551
565 552
566 553
567 4302
568 554
569 555
570 556
571 557
572 558
573 559
574 560
575 561
576 562
577 563
578 564
579 565
580 566
581 567
582 568
583 569
584 570
585 571
586 572
587 573
588 574
589 575
590 576
591 577
592 578
593 579
594 580
595 581
596 4302
597 582
598 583
599 584
600 585
601 586
602 587
603 588
604 589
605 590
606 4302
607 591
608 592
609 593
610 594
611 595
612 596
613 597
614 598
615 599
616 600
617 601
618 602
619 603
620 604
621 605
622 606
623 607
624 608
625 609
626 610
627 611
628 612
629 613
630 614
631 615
632 616
633 4302
634 617
635 618
636 619
637 620
638 621
639 622
640 623
641 624
642 625
643 626
644 627
645 628
646 629
647 630
648 631
649 632
650 633
651 634
652 635
653 636
654 637
655 638
656 639
657 640
658 641
659 642
660 643
661 644
662 645
663 646
664 647
665 648
666 649
667 650
668 651
669 652
670 653
671 654
672 655
673 656
674 657
675 658
676 659
677 660
678 661
679 662
680 663
681 664
682 665
683 666
684 667
685 668
686 669
687 670
688 671
689 672
690 673
691 674
692 675
693 676
694 677
695 678
696 679
697 680
698 681
699 682
700 683
701 684
702 685
703 686
704 687
705 688
706 689
707 690
708 691
709 692
710 693
711 694
712 695
713 696
714 697
715 698
716 699
717 700
718 701
719 702
720 703
721 704
722 705
723 706
724 707
725 708
726 709
727 710
728 711
729 712
730 713
731 714
732 715
733 716
734 717
735 718
736 719
737 720
738 721
739 722
740 723
741 724
742 725
743 726
744 727
745 728
746 729
747 730
748 731
749 732
750 733
751 734
752 735
753 736
754 737
755 738
756 739
757 740
758 741
759 742
760 743
761 744
762 745
763 746
764 747
765 748
766 749
767 750
768 751
769 752
770 753
771 754
772 755
773 756
774 757
775 758
776 759
777 760
778 761
779 762
780 763
781 764
782 765
783 766
784 767
785 768
786 769
787 770
788 771
789 772
790 773
791 774
792 775
793 776
794 777
795 778
796 779
797 780
798 781
799 782
800 783
801 784
802 785
803 786
804 787
805 788
806 789
807 790
808 791
809 792
810 793
811 794
812 795
813 796
814 797
815 798
816 799
817 800
818 801
819 802
820 803
821 804
822 805
823 806
824 807
825 808
826 809
827 810
828 811
829 812
830 813
831 814
832 815
833 816
834 817
835 818
836 819
837 820
838 821
839 822
840 823
841 824
842 825
843 826
844 827
845 828
846 829
847 830
848 831
849 832
850 833
851 834
852 835
853 836
854 837
855 838
856 839
857 840
858 841
859 842
860 843
861 844
862 845
863 846
864 847
865 848
866 849
867 850
868 851
869 852
870 853
871 854
872 855
873 856
874 857
875 858
876 859
877 860
878 861
879 862
880 863
881 864
882 865
883 866
884 4302
885 867
886 868
887 869
888 870
889 871
890 872
891 873
892 874
893 875
894 876
895 877
896 878
897 879
898 880
899 881
900 882
901 883
902 884
903 885
904 886
905 887
906 888
907 889
908 890
909 891
910 892
911 893
912 894
913 895
914 896
915 897
916 898
917 899
918 900
919 901
920 902
921 903
922 5140
923 904
924 905
925 906
926 907
927 908
928 909
929 910
930 911
931 912
932 913
933 914
934 915
935 916
936 917
937 918
938 919
939 920
940 921
941 922
942 923
943 924
944 925
945 926
946 927
947 928
948 929
949 930
950 931
951 932
952 933
953 934
954 935
955 936
956 937
957 938
958 939
959 940
960 941
961 942
962 943
963 944
964 945
965 946
966 947
967 948
968 949
969 950
970 951
971 952
972 953
973 954
974 955
975 956
976 957
977 958
978 959
979 960
980 961
981 962
982 963
983 964
984 965
985 966
986 967
987 968
988 969
989 970
990 971
991 972
992 973
993 974
994 975
995 976
996 977
997 978
998 979
999 980
1000 981
1001 982
1002 983
1003 984
1004 985
1005 986
1006 987
1007 988
1008 989
1009 990
1010 991
1011 992
1012 993
1013 994
1014 995
1015 996
1016 997
1017 998
1018 999
1019 1000
1020 1001
1021 1002
1022 1003
1023 1004
1024 1005
1025 1006
1026 1007
1027 1008
1028 1009
1029 1010
1030 1011
1031 1012
1032 1013
1033 1014
1034 1015
1035 1016
1036 1017
1037 1018
1038 1019
1039 1020
1040 1021
1041 1022
1042 1023
1043 1024
1044 1025
1045 1026
1046 1027
1047 1028
1048 1029
1049 1030
1050 1031
1051 1032
1052 1033
1053 1034
1054 1035
1055 1036
1056 1037
1057 1038
1058 1039
1059 1040
1060 1041
1061 1042
1062 1043
1063 1044
1064 1045
1065 1046
1066 1047
1067 1048
1068 1049
1069 1050
1070 1051
1071 1052
1072 573
1073 1053
1074 1054
1075 1055
1076 1056
1077 1057
1078 1058
1079 1059
1080 1060
1081 1061
1082 1062
1083 1063
1084 1064
1085 1065
1086 1066
1087 4302
1088 1067
1089 1068
1090 1069
1091 1070
1092 1071
1093 1072
1094 1073
1095 1074
1096 1075
1097 1076
1098 1077
1099 1078
1100 1079
1101 1080
1102 1081
1103 1082
1104 1083
1105 1084
1106 1085
1107 1086
1108 1087
1109 1088
1110 1089
1111 1090
1112 1091
1113 1092
1114 1093
1115 1094
1116 1095
1117 1096
1118 1097
1119 1098
1120 1099
1121 1100
1122 1101
1123 1102
1124 1103
1125 1104
1126 1105
1127 1106
1128 1107
1129 1108
1130 1109
1131 1110
1132 1111
1133 1112
1134 1113
1135 1114
1136 1115
1137 1116
1138 1117
1139 1118
1140 1119
1141 1120
1142 1121
1143 1122
1144 1123
1145 1124
1146 1125
1147 1126
1148 1127
1149 1128
1150 1129
1151 1130
1152 1131
1153 1132
1154 1133
1155 1134
1156 1135
1157 1136
1158 1137
1159 1138
1160 1139
1161 1140
1162 1141
1163 1142
1164 1143
1165 1144
1166 1145
1167 1146
1168 1147
1169 1148
1170 1149
1171 1150
1172 1151
1173 1152
1174 1153
1175 1154
1176 1155
1177 1156
1178 1157
1179 1158
1180 1159
1181 1160
1182 1161
1183 1162
1184 1163
1185 4302
1186 1164
1187 1165
1188 1166
1189 1167
1190 1168
1191 1169
1192 1170
1193 1171
1194 1172
1195 1173
1196 1174
1197 1175
1198 1176
1199 1177
1200 1178
1201 1179
1202 1180
1203 1181
1204 1182
1205 1183
1206 1184
1207 1185
1208 1186
1209 1187
1210 1188
1211 1189
1212 1190
1213 1191
1214 1192
1215 1193
1216 1194
1217 1195
1218 1196
1219 1197
1220 1198
1221 1199
1222 1200
1223 1201
1224 1202
1225 1203
1226 1204
1227 1205
1228 1206
1229 1207
1230 1208
1231 1209
1232 1210
1233 1211
1234 1212
1235 4208
1236 1213
1237 1214
1238 1215
1239 1216
1240 1217
1241 1218
1242 1219
1243 1220
1244 1221
1245 1222
1246 1223
1247 1224
1248 1225
1249 1226
1250 1227
1251 1228
1252 1229
1253 1230
1254 1231
1255 1232
1256 1233
1257 1234
1258 1235
1259 1236
1260 1237
1261 1238
1262 1239
1263 1240
1264 1241
1265 1242
1266 1243
1267 1244
1268 1245
1269 1246
1270 1247
1271 1248
1272 1249
1273 1250
1274 1251
1275 1252
1276 1253
1277 1254
1278 1255
1279 1256
1280 1257
1281 1258
1282 1259
1283 1260
1284 1261
1285 1262
1286 1263
1287 1264
1288 1265
1289 1266
1290 1267
1291 1268
1292 1269
1293 1270
1294 1271
1295 1272
1296 1273
1297 1274
1298 1275
1299 1276
1300 1277
1301 1278
1302 1279
1303 1280
1304 1281
1305 1282
1306 1283
1307 1284
1308 1285
1309 1286
1310 1287
1311 1288
1312 1289
1313 1290
1314 1291
1315 1292
1316 1293
1317 1294
1318 4208
1319 1295
1320 1296
1321 1297
1322 1298
1323 1299
1324 1300
1325 1301
1326 1302
1327 1303
1328 1304
1329 1305
1330 1306
1331 1307
1332 1308
1333 1309
1334 1310
1335 1311
1336 1312
1337 1313
1338 1314
1339 1315
1340 1316
1341 1317
1342 1318
1343 1319
1344 1320
1345 1321
1346 1322
1347 1323
1348 1324
1349 1325
1350 1326
1351 1327
1352 1328
1353 1329
1354 1330
1355 1331
1356 1332
1357 1333
1358 1334
1359 1335
1360 1336
1361 1337
1362 1338
1363 1339
1364 1340
1365 1341
1366 1342
1367 1343
1368 1344
1369 1345
1370 1346
1371 1347
1372 1348
1373 1349
1374 1350
1375 1351
1376 1352
1377 573
1378 1353
1379 1354
1380 1355
1381 1356
1382 1357
1383 1358
1384 1359
1385 1360
1386 1361
1387 1362
1388 1363
1389 1364
1390 1365
1391 1366
1392 1367
1393 1368
1394 1369
1395 1370
1396 1371
1397 1372
1398 1373
1399 1374
1400 1375
1401 1376
1402 1377
1403 1378
1404 1379
1405 1380
1406 1381
1407 1382
1408 1383
1409 1384
1410 1385
1411 1386
1412 1387
1413 1388
1414 1389
1415 1390
1416 1391
1417 1392
1418 1393
1419 1394
1420 1395
1421 1396
1422 1397
1423 1398
1424 1399
1425 1400
1426 1401
1427 1402
1428 1403
1429 1404
1430 1405
1431 1406
1432 1407
1433 1408
1434 1409
1435 1410
1436 1411
1437 1412
1438 1413
1439 1414
1440 1415
1441 1416
1442 1417
1443 1418
1444 1419
1445 1420
1446 1421
1447 1422
1448 1423
1449 1424
1450 1425
1451 1426
1452 1427
1453 1428
1454 1429
1455 1430
1456 1431
1457 1432
1458 1433
1459 1434
1460 1435
1461 1436
1462 1437
1463 1438
1464 1439
1465 1440
1466 1441
1467 1442
1468 1443
1469 1444
1470 1445
1471 1446
1472 1447
1473 1448
1474 1449
1475 1450
1476 1451
1477 1452
1478 1453
1479 1454
1480 1455
1481 1456
1482 1457
1483 1458
1484 1459
1485 1460
1486 1461
1487 1462
1488 1463
1489 1464
1490 1465
1491 1466
1492 1467
1493 1468
1494 1469
1495 1470
1496 1471
1497 1472
1498 1473
1499 1474
1500 1475
1501 1476
1502 1477
1503 1478
1504 1479
1505 1480
1506 1481
1507 1482
1508 1483
1509 1484
1510 1485
1511 1486
1512 1487
1513 1488
1514 1489
1515 1490
1516 1491
1517 1492
1518 1493
1519 1494
1520 1495
1521 1496
1522 1497
1523 1498
1524 1499
1525 1500
1526 1501
1527 1502
1528 1503
1529 1504
1530 1505
1531 1506
1532 1507
1533 1508
1534 1509
1535 1510
1536 1511
1537 1512
1538 1513
1539 1514
1540 1515
1541 1516
1542 1517
1543 1518
1544 1519
1545 1520
1546 1521
1547 1522
1548 1523
1549 1524
1550 1525
1551 1526
1552 1527
1553 1528
1554 1529
1555 1530
1556 1531
1557 1532
1558 1533
1559 1534
1560 573
1561 1535
1562 1536
1563 1537
1564 1538
1565 1539
1566 1540
1567 1541
1568 1542
1569 1543
1570 1544
1571 1545
1572 1546
1573 1547
1574 1548
1575 1549
1576 1550
1577 1551
1578 1552
1579 1553
1580 1554
1581 1555
1582 1556
1583 1557
1584 1558
1585 1559
1586 1560
1587 1561
1588 1562
1589 1563
1590 1564
1591 1565
1592 1566
1593 1567
1594 1568
1595 1569
1596 1570
1597 1571
1598 1572
1599 1573
1600 1574
1601 1575
1602 1576
1603 1577
1604 1578
1605 1579
1606 1580
1607 1581
1608 1582
1609 1583
1610 1584
1611 4302
1612 1585
1613 1586
1614 1587
1615 1588
1616 1589
1617 1590
1618 1591
1619 1592
1620 1593
1621 1594
1622 1595
1623 1596
1624 1597
1625 1598
1626 1599
1627 1600
1628 1601
1629 1602
1630 1603
1631 1604
1632 1605
1633 1606
1634 1607
1635 1608
1636 1609
1637 1610
1638 1611
1639 1612
1640 1613
1641 1614
1642 1615
1643 1616
1644 1617
1645 1618
1646 1619
1647 1620
1648 1621
1649 1622
1650 1623
1651 1624
1652 1625
1653 1626
1654 1627
1655 1628
1656 1629
1657 1630
1658 1631
1659 1632
1660 1633
1661 1634
1662 1635
1663 1636
1664 1637
1665 1638
1666 1639
1667 1640
1668 1641
1669 1642
1670 1643
1671 1644
1672 1645
1673 1646
1674 1647
1675 1648
1676 1649
1677 1650
1678 1651
1679 1652
1680 1653
1681 1654
1682 1655
1683 1656
1684 1657
1685 1658
1686 1659
1687 1660
1688 1661
1689 1662
1690 1663
1691 1664
1692 1665
1693 1666
1694 1667
1695 1668
1696 1669
1697 1670
1698 1671
1699 1672
1700 1673
1701 1674
1702 1675
1703 1676
1704 1677
1705 1678
1706 1679
1707 1680
1708 1681
1709 1682
1710 1683
1711 1684
1712 1685
1713 1686
1714 1687
1715 1688
1716 1689
1717 1690
1718 1691
1719 1692
1720 1693
1721 1694
1722 1695
1723 1696
1724 1697
1725 1698
1726 1699
1727 1700
1728 1701
1729 1702
1730 1703
1731 1704
1732 1705
1733 1706
1734 1707
1735 1708
1736 1709
1737 1710
1738 1711
1739 1712
1740 1713
1741 1714
1742 1715
1743 1716
1744 1717
1745 1718
1746 1719
1747 1720
1748 1721
1749 1722
1750 1723
1751 1724
1752 1725
1753 1726
1754 1727
1755 1728
1756 1729
1757 1730
1758 1731
1759 1732
1760 1733
1761 1734
1762 1735
1763 1736
1764 1737
1765 1738
1766 1739
1767 1740
1768 1741
1769 1742
1770 1743
1771 1744
1772 1745
1773 1746
1774 1747
1775 1748
1776 1749
1777 1750
1778 1751
1779 1752
1780 1753
1781 1754
1782 1755
1783 1756
1784 1757
1785 1758
1786 1759
1787 1760
1788 1761
1789 1762
1790 1763
1791 1764
1792 1765
1793 1766
1794 1767
1795 1768
1796 1769
1797 1770
1798 1771
1799 1772
1800 1773
1801 1774
1802 1775
1803 1776
1804 1777
1805 1778
1806 1779
1807 1780
1808 1781
1809 1782
1810 1783
1811 1784
1812 1785
1813 1786
1814 1787
1815 1788
1816 1789
1817 1790
1818 1791
1819 1792
1820 1793
1821 1794
1822 1795
1823 1796
1824 1797
1825 1798
1826 1799
1827 1800
1828 1801
1829 1802
1830 1803
1831 1804
1832 1805
1833 1806
1834 1807
1835 1808
1836 1809
1837 1810
1838 1811
1839 1812
1840 1813
1841 1814
1842 1815
1843 1816
1844 1817
1845 1818
1846 1819
1847 1820
1848 1821
1849 1822
1850 1823
1851 1824
1852 1825
1853 1826
1854 1827
1855 1828
1856 1829
1857 1830
1858 1831
1859 1832
1860 1833
1861 1834
1862 1835
1863 1836
1864 1837
1865 1838
1866 1839
1867 1840
1868 1841
1869 1842
1870 1843
1871 1844
1872 1845
1873 1846
1874 1847
1875 1848
1876 1849
1877 1850
1878 1851
1879 1852
1880 1853
1881 1854
1882 1855
1883 1856
1884 1857
1885 1858
1886 1859
1887 1860
1888 1861
1889 1862
1890 1863
1891 1864
1892 1865
1893 1866
1894 1867
1895 1868
1896 1869
1897 1870
1898 1871
1899 1872
1900 1873
1901 1874
1902 1875
1903 4302
1904 1876
1905 1877
1906 1878
1907 1879
1908 1880
1909 1881
1910 1882
1911 1883
1912 1884
1913 1885
1914 1886
1915 1887
1916 1888
1917 1889
1918 1890
1919 1891
1920 1892
1921 1893
1922 1894
1923 1895
1924 1896
1925 1897
1926 1898
1927 1899
1928 1900
1929 1901
1930 1902
1931 1903
1932 1904
1933 1905
1934 1906
1935 1907
1936 1908
1937 1909
1938 1910
1939 1911
1940 1912
1941 1913
1942 1914
1943 1915
1944 1916
1945 1917
1946 1918
1947 1919
1948 1920
1949 1921
1950 1922
1951 1923
1952 1924
1953 1925
1954 1926
1955 1927
1956 1928
1957 1929
1958 1930
1959 1931
1960 1932
1961 1933
1962 1934
1963 1935
1964 1936
1965 1937
1966 1938
1967 1939
1968 1940
1969 4302
1970 1941
1971 1942
1972 1943
1973 1944
1974 1945
1975 1946
1976 1947
1977 1948
1978 1949
1979 1950
1980 1951
1981 1952
1982 1953
1983 1954
1984 4302
1985 1955
1986 1956
1987 1957
1988 1958
1989 1959
1990 1960
1991 1961
1992 1962
1993 1963
1994 1964
1995 1965
1996 1966
1997 1967
1998 1968
1999 1969
2000 1970
2001 1971
2002 1972
2003 1973
2004 1974
2005 1975
2006 1976
2007 1977
2008 1978
2009 1979
2010 1980
2011 1981
2012 1982
2013 1983
2014 1984
2015 1985
2016 1986
2017 4302
2018 1987
2019 1988
2020 1989
2021 1990
2022 573
2023 1991
2024 1992
2025 1993
2026 1994
2027 1995
2028 1996
2029 1997
2030 1998
2031 1999
2032 2000
2033 2001
2034 2002
2035 2003
2036 2004
2037 2005
2038 2006
2039 2007
2040 2008
2041 2009
2042 2010
2043 4302
2044 2011
2045 2012
2046 2013
2047 2014
2048 2015
2049 2016
2050 2017
2051 2018
2052 2019
2053 2020
2054 2021
2055 2022
2056 2023
2057 2024
2058 2025
2059 2026
2060 2027
2061 2028
2062 2029
2063 2030
2064 2031
2065 2032
2066 2033
2067 2034
2068 2035
2069 2036
2070 573
2071 2037
2072 2038
2073 2039
2074 2040
2075 2041
2076 2042
2077 2043
2078 2044
2079 2045
2080 2046
2081 2047
2082 2048
2083 2049
2084 2050
2085 2051
2086 2052
2087 2053
2088 2054
2089 2055
2090 2056
2091 2057
2092 2058
2093 2059
2094 2060
2095 2061
2096 2062
2097 2063
2098 2064
2099 2065
2100 2066
2101 2067
2102 2068
2103 2069
2104 2070
2105 2071
2106 2072
2107 2073
2108 2074
2109 2075
2110 2076
2111 2077
2112 2078
2113 2079
2114 2080
2115 2081
2116 2082
2117 2083
2118 2084
2119 2085
2120 2086
2121 2087
2122 2088
2123 2089
2124 2090
2125 2091
2126 2092
2127 2093
2128 2094
2129 2095
2130 2096
2131 2097
2132 2098
2133 2099
2134 2100
2135 2101
2136 2102
2137 2103
2138 2104
2139 2105
2140 2106
2141 2107
2142 2108
2143 2109
2144 2110
2145 2111
2146 2112
2147 2113
2148 2114
2149 2115
2150 2116
2151 2117
2152 2118
2153 2119
2154 2120
2155 2121
2156 2122
2157 2123
2158 2124
2159 2125
2160 2126
2161 2127
2162 2128
2163 2129
2164 2130
2165 2131
2166 2132
2167 2133
2168 2134
2169 2135
2170 2136
2171 2137
2172 2138
2173 2139
2174 2140
2175 2141
2176 2142
2177 2143
2178 2144
2179 2145
2180 2146
2181 2147
2182 2148
2183 2149
2184 2150
2185 2151
2186 2152
2187 2153
2188 2154
2189 2155
2190 2156
2191 2157
2192 2158
2193 2159
2194 2160
2195 2161
2196 2162
2197 2163
2198 2164
2199 2165
2200 2166
2201 2167
2202 2168
2203 2169
2204 2170
2205 2171
2206 2172
2207 2173
2208 2174
2209 2175
2210 2176
2211 2177
2212 2178
2213 2179
2214 2180
2215 2181
2216 2182
2217 2183
2218 2184
2219 2185
2220 2186
2221 2187
2222 2188
2223 2189
2224 2190
2225 2191
2226 2192
2227 2193
2228 2194
2229 2195
2230 2196
2231 2197
2232 2198
2233 2199
2234 573
2235 2200
2236 2201
2237 2202
2238 2203
2239 2204
2240 2205
2241 2206
2242 2207
2243 2208
2244 2209
2245 2210
2246 2211
2247 2212
2248 2213
2249 2214
2250 2215
2251 2216
2252 2217
2253 2218
2254 2219
2255 2220
2256 2221
2257 2222
2258 2223
2259 2224
2260 5140
2261 2225
2262 2226
2263 2227
2264 2228
2265 2229
2266 2230
2267 2231
2268 2232
2269 2233
2270 2234
2271 2235
2272 2236
2273 2237
2274 2238
2275 5140
2276 2239
2277 2240
2278 2241
2279 2242
2280 4208
2281 2243
2282 2244
2283 2245
2284 2246
2285 2247
2286 2248
2287 2249
2288 2250
2289 2251
2290 2252
2291 2253
2292 2254
2293 2255
2294 2256
2295 2257
2296 2258
2297 2259
2298 2260
2299 2261
2300 2262
2301 2263
2302 2264
2303 2265
2304 2266
2305 2267
2306 2268
2307 2269
2308 2270
2309 2271
2310 3554
2311 2272
2312 2273
2313 2274
2314 2275
2315 2276
2316 2277
2317 2278
2318 2279
2319 3034
2320 2280
2321 2281
2322 2282
2323 2283
2324 2284
2325 2285
2326 2286
2327 2287
2328 2288
2329 2289
2330 2290
2331 2291
2332 2292
2333 2293
2334 2294
2335 2295
2336 2296
2337 2297
2338 2298
2339 2299
2340 2300
2341 2301
2342 2302
2343 2303
2344 2304
2345 2305
2346 2306
2347 2307
2348 2308
2349 2309
2350 2310
2351 2311
2352 2312
2353 2313
2354 2314
2355 2315
2356 2316
2357 2317
2358 2318
2359 2319
2360 2320
2361 2321
2362 2322
2363 2323
2364 2324
2365 2325
2366 2326
2367 2327
2368 2328
2369 2329
2370 2330
2371 2331
2372 2332
2373 2333
2374 2334
2375 2335
2376 2336
2377 2337
2378 2338
2379 2339
2380 2340
2381 2341
2382 2342
2383 2343
2384 2344
2385 2345
2386 2346
2387 2347
2388 2348
2389 2349
2390 2350
2391 2351
2392 2352
2393 2353
2394 2354
2395 2355
2396 2356
2397 2357
2398 2358
2399 2359
2400 2360
2401 2361
2402 2362
2403 2363
2404 2364
2405 2365
2406 2366
2407 2367
2408 2368
2409 2369
2410 2370
2411 2371
2412 2372
2413 2373
2414 2374
2415 2375
2416 2376
2417 2377
2418 2378
2419 4208
2420 2379
2421 2380
2422 2381
2423 2382
2424 2383
2425 2384
2426 2385
2427 2386
2428 2387
2429 2388
2430 2389
2431 2390
2432 2391
2433 2392
2434 2393
2435 2394
2436 2395
2437 2396
2438 2397
2439 2398
2440 2399
2441 2400
2442 2401
2443 2402
2444 2403
2445 2404
2446 2405
2447 2406
2448 2407
2449 2408
2450 2409
2451 2410
2452 2411
2453 2412
2454 2413
2455 2414
2456 2415
2457 2416
2458 2417
2459 2418
2460 2419
2461 2420
2462 2421
2463 2422
2464 2423
2465 2424
2466 2425
2467 2426
2468 2427
2469 2428
2470 2429
2471 2430
2472 2431
2473 2432
2474 2433
2475 2434
2476 2435
2477 2436
2478 2437
2479 2438
2480 2439
2481 2440
2482 2441
2483 2442
2484 2443
2485 2444
2486 2445
2487 2446
2488 2447
2489 2448
2490 2449
2491 2450
2492 2451
2493 2452
2494 2453
2495 2454
2496 2455
2497 2456
2498 2457
2499 2458
2500 2459
2501 2460
2502 2461
2503 2462
2504 2463
2505 2464
2506 2465
2507 2466
2508 2467
2509 2468
2510 2469
2511 2470
2512 2471
2513 2472
2514 2473
2515 2474
2516 573
2517 2475
2518 2476
2519 2477
2520 2478
2521 2479
2522 2480
2523 2481
2524 2482
2525 2483
2526 2484
2527 2485
2528 2486
2529 2487
2530 2488
2531 2489
2532 2490
2533 2491
2534 2492
2535 2493
2536 2494
2537 2495
2538 2496
2539 2497
2540 2498
2541 2499
2542 2500
2543 2501
2544 2502
2545 2503
2546 2504
2547 2505
2548 2506
2549 2507
2550 2508
2551 2509
2552 2510
2553 2511
2554 2512
2555 2513
2556 2514
2557 2515
2558 2516
2559 2517
2560 2518
2561 2519
2562 2520
2563 2521
2564 2522
2565 2523
2566 2524
2567 2525
2568 2526
2569 2527
2570 2528
2571 2529
2572 2530
2573 2531
2574 2532
2575 2533
2576 2534
2577 2535
2578 2536
2579 2537
2580 2538
2581 2539
2582 2540
2583 2541
2584 2542
2585 2543
2586 2544
2587 2545
2588 2546
2589 2547
2590 2548
2591 2549
2592 2550
2593 2551
2594 2552
2595 2553
2596 2554
2597 2555
2598 2556
2599 2557
2600 2558
2601 2559
2602 2560
2603 2561
2604 2562
2605 2563
2606 2564
2607 2565
2608 2566
2609 2567
2610 2568
2611 2569
2612 2570
2613 2571
2614 2572
2615 2573
2616 2574
2617 2575
2618 2576
2619 2577
2620 2578
2621 2579
2622 2580
2623 2581
2624 2582
2625 2583
2626 2584
2627 2585
2628 2586
2629 2587
2630 2588
2631 2589
2632 2590
2633 2591
2634 2592
2635 2593
2636 2594
2637 2595
2638 2596
2639 2597
2640 2598
2641 2599
2642 2600
2643 2601
2644 2602
2645 2603
2646 2604
2647 2605
2648 2606
2649 2607
2650 2608
2651 2609
2652 2610
2653 2611
2654 2612
2655 2613
2656 2614
2657 2615
2658 2616
2659 2617
2660 2618
2661 2619
2662 2620
2663 2621
2664 2622
2665 2623
2666 2624
2667 2625
2668 2626
2669 2627
2670 2628
2671 2629
2672 2630
2673 2631
2674 2632
2675 2633
2676 2634
2677 2635
2678 2636
2679 2637
2680 2638
2681 2639
2682 2640
2683 2641
2684 2642
2685 2643
2686 2644
2687 2645
2688 2646
2689 2647
2690 2648
2691 2649
2692 2650
2693 2651
2694 2652
2695 2653
2696 2654
2697 2655
2698 2656
2699 2657
2700 2658
2701 2659
2702 2660
2703 2661
2704 2662
2705 2663
2706 2664
2707 2665
2708 2666
2709 2667
2710 2668
2711 2669
2712 2670
2713 2671
2714 2672
2715 2673
2716 2674
2717 2675
2718 2676
2719 2677
2720 2678
2721 2679
2722 2680
2723 2681
2724 2682
2725 2683
2726 2684
2727 2685
2728 2686
2729 2687
2730 2688
2731 2689
2732 2690
2733 2691
2734 2692
2735 2693
2736 2694
2737 2695
2738 2696
2739 2697
2740 2698
2741 2699
2742 2700
2743 2701
2744 2702
2745 2703
2746 2704
2747 2705
2748 2706
2749 2707
2750 2708
2751 2709
2752 2710
2753 5140
2754 2711
2755 2712
2756 2713
2757 2714
2758 2715
2759 2716
2760 2717
2761 4208
2762 2718
2763 2719
2764 2720
2765 2721
2766 2722
2767 2723
2768 2724
2769 2725
2770 2726
2771 2727
2772 2728
2773 2729
2774 2730
2775 2731
2776 2732
2777 2733
2778 2734
2779 2735
2780 2736
2781 2737
2782 2738
2783 2739
2784 2740
2785 2741
2786 2742
2787 2743
2788 2744
2789 2745
2790 2746
2791 2747
2792 2748
2793 2749
2794 2750
2795 2751
2796 2752
2797 2753
2798 2754
2799 2755
2800 2756
2801 2757
2802 2758
2803 2759
2804 2760
2805 2761
2806 2762
2807 2763
2808 2764
2809 2765
2810 2766
2811 2767
2812 2768
2813 2769
2814 2770
2815 2771
2816 2772
2817 2773
2818 2774
2819 2775
2820 2776
2821 2777
2822 2778
2823 2779
2824 2780
2825 3034
2826 2781
2827 2782
2828 2783
2829 2784
2830 2785
2831 5140
2832 2786
2833 2787
2834 2788
2835 2789
2836 2790
2837 2791
2838 2792
2839 2793
2840 2794
2841 2795
2842 2796
2843 2797
2844 2798
2845 2799
2846 2800
2847 2801
2848 2802
2849 2803
2850 2804
2851 2805
2852 2806
2853 2807
2854 2808
2855 2809
2856 2810
2857 2811
2858 2812
2859 2813
2860 2814
2861 2815
2862 2816
2863 2817
2864 2818
2865 2819
2866 2820
2867 2821
2868 2822
2869 2823
2870 2824
2871 2825
2872 2826
2873 2827
2874 2828
2875 2829
2876 2830
2877 2831
2878 2832
2879 2833
2880 2834
2881 2835
2882 2836
2883 2837
2884 2838
2885 2839
2886 2840
2887 2841
2888 2842
2889 2843
2890 2844
2891 2845
2892 2846
2893 2847
2894 2848
2895 2849
2896 2850
2897 2851
2898 2852
2899 2853
2900 2854
2901 2855
2902 2856
2903 2857
2904 2858
2905 2859
2906 2860
2907 2861
2908 2862
2909 2863
2910 2864
2911 2865
2912 2866
2913 2867
2914 2868
2915 2869
2916 2870
2917 2871
2918 2872
2919 2873
2920 2874
2921 2875
2922 2876
2923 2877
2924 2878
2925 2879
2926 2880
2927 2881
2928 2882
2929 2883
2930 2884
2931 2885
2932 2886
2933 2887
2934 2888
2935 2889
2936 2890
2937 2891
2938 2892
2939 2893
2940 2894
2941 2895
2942 2896
2943 2897
2944 2898
2945 2899
2946 2900
2947 2901
2948 2902
2949 2903
2950 2904
2951 2905
2952 2906
2953 2907
2954 4302
2955 2908
2956 2909
2957 2910
2958 2911
2959 2912
2960 2913
2961 2914
2962 2915
2963 2916
2964 2917
2965 2918
2966 2919
2967 2920
2968 2921
2969 2922
2970 2923
2971 2924
2972 2925
2973 2926
2974 2927
2975 2928
2976 2929
2977 2930
2978 2931
2979 2932
2980 2933
2981 2934
2982 2935
2983 2936
2984 2937
2985 2938
2986 2939
2987 2940
2988 2941
2989 2942
2990 2943
2991 2944
2992 2945
2993 2946
2994 2947
2995 2948
2996 2949
2997 2950
2998 2951
2999 2952
3000 2953
3001 2954
3002 2955
3003 2956
3004 2957
3005 2958
3006 2959
3007 2960
3008 2961
3009 2962
3010 2963
3011 2964
3012 2965
3013 2966
3014 2967
3015 2968
3016 2969
3017 2970
3018 2971
3019 2972
3020 2973
3021 2974
3022 2975
3023 2976
3024 2977
3025 2978
3026 2979
3027 2980
3028 2981
3029 2982
3030 2983
3031 2984
3032 2985
3033 2986
3034 2987
3035 2988
3036 2989
3037 2990
3038 2991
3039 2992
3040 2993
3041 2994
3042 2995
3043 2996
3044 2997
3045 2998
3046 2999
3047 3000
3048 3001
3049 3002
3050 3003
3051 3004
3052 3005
3053 3006
3054 3007
3055 3008
3056 3009
3057 3010
3058 3011
3059 3012
3060 3013
3061 3014
3062 3015
3063 3016
3064 3017
3065 3018
3066 3019
3067 3020
3068 3021
3069 3022
3070 3023
3071 3024
3072 3025
3073 3026
3074 3027
3075 3554
3076 3028
3077 3029
3078 3030
3079 3031
3080 3032
3081 3033
3082 3034
3083 3035
3084 3036
3085 3037
3086 3038
3087 4302
3088 3039
3089 573
3090 3040
3091 3041
3092 3042
3093 3043
3094 3044
3095 3045
3096 3046
3097 3047
3098 3048
3099 3049
3100 3050
3101 3051
3102 3052
3103 3053
3104 3054
3105 3055
3106 3056
3107 3057
3108 3058
3109 3059
3110 3060
3111 3061
3112 3062
3113 3063
3114 3064
3115 3065
3116 3066
3117 3067
3118 3068
3119 3069
3120 3070
3121 3071
3122 3072
3123 3073
3124 3074
3125 3075
3126 3076
3127 3077
3128 3078
3129 3079
3130 3080
3131 3081
3132 3082
3133 3083
3134 3084
3135 3085
3136 3086
3137 3087
3138 3088
3139 3089
3140 3090
3141 3091
3142 3092
3143 3093
3144 3094
3145 3095
3146 3096
3147 3097
3148 3098
3149 4302
3150 3099
3151 3100
3152 3101
3153 3102
3154 3103
3155 3104
3156 3105
3157 3106
3158 3107
3159 3108
3160 3109
3161 3110
3162 3111
3163 3112
3164 3113
3165 3114
3166 3115
3167 3116
3168 3117
3169 3118
3170 3119
3171 3120
3172 3121
3173 3122
3174 3123
3175 3124
3176 3125
3177 3126
3178 3127
3179 3128
3180 3129
3181 3130
3182 4302
3183 573
3184 3131
3185 3132
3186 3133
3187 3134
3188 3135
3189 3136
3190 3137
3191 3138
3192 3139
3193 3140
3194 3141
3195 3142
3196 3143
3197 3144
3198 3145
3199 3146
3200 3147
3201 3148
3202 3149
3203 5140
3204 3150
3205 3151
3206 3152
3207 3153
3208 3154
3209 3155
3210 3156
3211 3157
3212 3158
3213 3159
3214 3160
3215 3161
3216 3162
3217 3163
3218 3164
3219 3165
3220 3166
3221 3167
3222 3168
3223 3169
3224 3170
3225 3171
3226 3172
3227 3173
3228 3174
3229 3175
3230 3176
3231 3177
3232 3178
3233 3179
3234 3180
3235 3181
3236 3182
3237 3183
3238 3184
3239 3185
3240 3186
3241 3187
3242 3188
3243 3189
3244 3190
3245 3191
3246 3192
3247 3193
3248 3194
3249 3195
3250 3196
3251 3197
3252 3198
3253 3199
3254 3200
3255 3201
3256 3202
3257 3203
3258 3204
3259 3205
3260 3206
3261 3207
3262 3208
3263 3209
3264 3210
3265 3211
3266 3212
3267 3213
3268 3214
3269 3215
3270 3216
3271 3217
3272 3218
3273 3219
3274 3220
3275 3221
3276 3222
3277 3223
3278 3224
3279 3225
3280 3226
3281 3227
3282 3228
3283 3229
3284 3230
3285 3231
3286 3232
3287 3233
3288 3234
3289 3235
3290 4302
3291 3236
3292 3237
3293 3238
3294 3239
3295 3240
3296 3241
3297 3242
3298 3243
3299 3244
3300 3245
3301 3246
3302 3247
3303 3248
3304 3249
3305 3250
3306 3251
3307 3252
3308 3253
3309 3254
3310 3255
3311 3256
3312 3257
3313 3258
3314 3259
3315 3260
3316 3261
3317 3262
3318 3263
3319 3264
3320 3265
3321 3266
3322 3267
3323 4302
3324 3268
3325 3269
3326 3270
3327 3271
3328 3272
3329 3273
3330 3274
3331 3275
3332 3276
3333 3277
3334 3278
3335 3279
3336 3280
3337 3281
3338 3282
3339 3283
3340 3284
3341 3285
3342 3286
3343 3287
3344 3288
3345 3289
3346 3290
3347 3291
3348 3292
3349 3293
3350 3294
3351 3295
3352 3296
3353 3297
3354 3298
3355 3299
3356 3300
3357 3301
3358 3302
3359 3303
3360 3304
3361 3305
3362 4302
3363 3306
3364 3307
3365 3308
3366 3309
3367 3310
3368 3311
3369 3312
3370 3313
3371 3314
3372 3315
3373 3316
3374 3317
3375 3318
3376 3319
3377 3320
3378 3321
3379 3322
3380 3323
3381 3324
3382 3325
3383 3326
3384 3327
3385 3328
3386 3329
3387 3330
3388 3331
3389 3332
3390 3333
3391 3334
3392 3335
3393 3336
3394 3337
3395 3338
3396 3339
3397 3340
3398 3341
3399 3342
3400 3343
3401 3344
3402 3345
3403 3346
3404 3347
3405 3348
3406 3349
3407 3350
3408 3351
3409 3352
3410 3353
3411 3354
3412 3355
3413 573
3414 3356
3415 3357
3416 3358
3417 3359
3418 3360
3419 3361
3420 3362
3421 3363
3422 3364
3423 3365
3424 3366
3425 3367
3426 3368
3427 3369
3428 3370
3429 3371
3430 3372
3431 3373
3432 3374
3433 3375
3434 3376
3435 3377
3436 3378
3437 3379
3438 3380
3439 3381
3440 3382
3441 3383
3442 3384
3443 3385
3444 3386
3445 3387
3446 3388
3447 3389
3448 3390
3449 3391
3450 3392
3451 3393
3452 3394
3453 3395
3454 3396
3455 3397
3456 3398
3457 3399
3458 3400
3459 3401
3460 3402
3461 3403
3462 3404
3463 3405
3464 3406
3465 3407
3466 3408
3467 3409
3468 3410
3469 3411
3470 3412
3471 3413
3472 3414
3473 3415
3474 3416
3475 3417
3476 3418
3477 3419
3478 3420
3479 3421
3480 3422
3481 3423
3482 3424
3483 3425
3484 3426
3485 3427
3486 3428
3487 3429
3488 3430
3489 3431
3490 3432
3491 3433
3492 3434
3493 3435
3494 3436
3495 3437
3496 3438
3497 3439
3498 3440
3499 3441
3500 3442
3501 3443
3502 3444
3503 3445
3504 3446
3505 3447
3506 3448
3507 3449
3508 3450
3509 3451
3510 3452
3511 3453
3512 3454
3513 3455
3514 3456
3515 3457
3516 3458
3517 3459
3518 3460
3519 3461
3520 3462
3521 3463
3522 3464
3523 3465
3524 3466
3525 3467
3526 3468
3527 3469
3528 3470
3529 3471
3530 3472
3531 3473
3532 3474
3533 3475
3534 3476
3535 4302
3536 3477
3537 3478
3538 3479
3539 3480
3540 3481
3541 3482
3542 3483
3543 3484
3544 3485
3545 3486
3546 3487
3547 3488
3548 3489
3549 3490
3550 3491
3551 3492
3552 3493
3553 3494
3554 3495
3555 3496
3556 3497
3557 3498
3558 3499
3559 3500
3560 3501
3561 3502
3562 3503
3563 3504
3564 3505
3565 3506
3566 3507
3567 3508
3568 3509
3569 3510
3570 3511
3571 3512
3572 3513
3573 3514
3574 3515
3575 3516
3576 3517
3577 3518
3578 3519
3579 3520
3580 3521
3581 3522
3582 3523
3583 3524
3584 3525
3585 3526
3586 3527
3587 3528
3588 3529
3589 3530
3590 3531
3591 3532
3592 3533
3593 3534
3594 3535
3595 3536
3596 3537
3597 3538
3598 3539
3599 3540
3600 3541
3601 3542
3602 3543
3603 3544
3604 3545
3605 3546
3606 3547
3607 3548
3608 3549
3609 3550
3610 3551
3611 3552
3612 3553
3613 3554
3614 3555
3615 3556
3616 3557
3617 3558
3618 5140
3619 3559
3620 3560
3621 3561
3622 3562
3623 3563
3624 3564
3625 3565
3626 3566
3627 3567
3628 3568
3629 3569
3630 3570
3631 3571
3632 3572
3633 3573
3634 3574
3635 3575
3636 3576
3637 3577
3638 3578
3639 3579
3640 3580
3641 3581
3642 3582
3643 3583
3644 3584
3645 3585
3646 3586
3647 3587
3648 3588
3649 3589
3650 3590
3651 3591
3652 3592
3653 3593
3654 3594
3655 3595
3656 3596
3657 3597
3658 3598
3659 3599
3660 3600
3661 3601
3662 3602
3663 3603
3664 3604
3665 3605
3666 3606
3667 3607
3668 3608
3669 3609
3670 3610
3671 3611
3672 3612
3673 3613
3674 3614
3675 3615
3676 3616
3677 3617
3678 3618
3679 3619
3680 3620
3681 3621
3682 3622
3683 3623
3684 3624
3685 3625
3686 4302
3687 3626
3688 3627
3689 3628
3690 3629
3691 3630
3692 3631
3693 3632
3694 3633
3695 3634
3696 3635
3697 3636
3698 3637
3699 3638
3700 3639
3701 3640
3702 3641
3703 3642
3704 3643
3705 3644
3706 3645
3707 3646
3708 3647
3709 3648
3710 3649
3711 3650
3712 3651
3713 3652
3714 3653
3715 3654
3716 3655
3717 3656
3718 3657
3719 3658
3720 3659
3721 3660
3722 3661
3723 3662
3724 3663
3725 3664
3726 3665
3727 3666
3728 3667
3729 3668
3730 3669
3731 3670
3732 3671
3733 3672
3734 3673
3735 3674
3736 3675
3737 3676
3738 3677
3739 3678
3740 3679
3741 3680
3742 3681
3743 3682
3744 3683
3745 3684
3746 3685
3747 3686
3748 3687
3749 3688
3750 3689
3751 3690
3752 3691
3753 3692
3754 3693
3755 3694
3756 3695
3757 3696
3758 3697
3759 3698
3760 3699
3761 3700
3762 3701
3763 3702
3764 3703
3765 3704
3766 3705
3767 3706
3768 3707
3769 3708
3770 3709
3771 3710
3772 3711
3773 3712
3774 3713
3775 3714
3776 3715
3777 3716
3778 3717
3779 3718
3780 3719
3781 3720
3782 3721
3783 3722
3784 3723
3785 3724
3786 3725
3787 3726
3788 3727
3789 3728
3790 3729
3791 3730
3792 3731
3793 3732
3794 3733
3795 3734
3796 3735
3797 3736
3798 3737
3799 3738
3800 3739
3801 3740
3802 3741
3803 3742
3804 3743
3805 3744
3806 3745
3807 3746
3808 3747
3809 3748
3810 3749
3811 3750
3812 3751
3813 3752
3814 3753
3815 3754
3816 3755
3817 3756
3818 3757
3819 3758
3820 3759
3821 3760
3822 3761
3823 3762
3824 3763
3825 573
3826 3764
3827 3765
3828 3766
3829 3767
3830 3768
3831 3769
3832 3770
3833 3771
3834 3772
3835 3773
3836 3774
3837 3775
3838 3776
3839 3777
3840 3778
3841 3779
3842 3780
3843 3781
3844 3782
3845 3783
3846 3784
3847 3785
3848 3786
3849 3787
3850 3788
3851 3789
3852 3790
3853 3791
3854 3792
3855 3793
3856 3794
3857 3795
3858 3796
3859 3797
3860 3798
3861 3799
3862 3800
3863 3801
3864 3802
3865 3803
3866 3804
3867 3805
3868 3806
3869 3807
3870 3808
3871 3809
3872 3810
3873 3811
3874 3812
3875 3813
3876 3814
3877 3815
3878 3816
3879 3817
3880 3818
3881 3819
3882 3820
3883 3821
3884 3822
3885 3823
3886 3824
3887 3825
3888 3826
3889 3827
3890 3828
3891 3829
3892 3830
3893 3831
3894 3832
3895 3833
3896 3834
3897 3835
3898 3836
3899 3837
3900 3838
3901 3839
3902 3840
3903 3841
3904 3842
3905 3843
3906 3844
3907 3845
3908 3846
3909 3847
3910 3848
3911 3849
3912 3850
3913 3851
3914 3852
3915 3853
3916 3854
3917 3855
3918 3856
3919 3857
3920 3858
3921 3859
3922 3860
3923 3861
3924 3862
3925 3863
3926 3864
3927 3865
3928 3866
3929 3867
3930 3868
3931 3869
3932 3870
3933 3871
3934 3872
3935 3873
3936 3874
3937 3875
3938 3876
3939 3877
3940 3878
3941 3879
3942 3880
3943 3881
3944 3882
3945 3883
3946 4302
3947 3884
3948 3885
3949 3886
3950 3887
3951 3888
3952 3889
3953 3890
3954 3891
3955 3892
3956 3893
3957 3894
3958 3895
3959 3896
3960 3897
3961 3898
3962 3899
3963 3900
3964 3901
3965 3902
3966 3903
3967 3904
3968 3905
3969 3906
3970 3907
3971 3908
3972 3909
3973 3910
3974 4302
3975 3911
3976 3912
3977 3913
3978 3914
3979 3915
3980 3916
3981 3917
3982 3918
3983 3919
3984 3920
3985 3921
3986 3922
3987 3923
3988 3924
3989 3925
3990 3926
3991 3927
3992 4208
3993 3928
3994 3929
3995 3930
3996 3931
3997 3932
3998 3933
3999 3934
4000 3935
4001 3936
4002 3937
4003 3938
4004 3939
4005 3940
4006 3941
4007 3942
4008 3943
4009 3944
4010 3945
4011 3946
4012 3947
4013 3948
4014 3949
4015 3950
4016 3951
4017 3952
4018 3953
4019 3954
4020 3955
4021 3956
4022 3957
4023 3958
4024 3959
4025 4302
4026 3960
4027 3961
4028 3962
4029 3963
4030 3964
4031 3965
4032 3966
4033 3967
4034 3968
4035 3969
4036 3970
4037 3971
4038 3972
4039 3973
4040 3974
4041 3975
4042 3976
4043 3977
4044 3978
4045 3979
4046 3980
4047 3981
4048 3982
4049 3983
4050 3984
4051 3985
4052 3986
4053 3987
4054 3988
4055 3989
4056 3990
4057 3991
4058 3992
4059 3993
4060 3994
4061 3995
4062 3996
4063 3997
4064 3998
4065 3999
4066 4000
4067 4001
4068 4002
4069 4003
4070 4004
4071 4005
4072 4006
4073 4007
4074 4008
4075 4009
4076 4010
4077 4011
4078 4012
4079 4013
4080 4014
4081 4015
4082 4016
4083 4017
4084 4018
4085 4019
4086 4020
4087 4021
4088 4022
4089 4023
4090 4024
4091 4025
4092 4026
4093 4027
4094 4028
4095 4029
4096 4030
4097 4031
4098 4032
4099 4033
4100 4034
4101 4035
4102 4036
4103 4037
4104 4038
4105 4039
4106 4040
4107 4041
4108 4042
4109 4043
4110 4044
4111 4045
4112 4046
4113 4047
4114 4048
4115 4049
4116 4050
4117 4051
4118 4052
4119 4053
4120 4054
4121 4055
4122 4056
4123 4057
4124 4058
4125 4059
4126 4060
4127 4061
4128 4062
4129 4063
4130 4064
4131 4065
4132 4066
4133 4067
4134 4068
4135 4069
4136 4070
4137 4071
4138 4072
4139 4073
4140 4074
4141 4075
4142 4076
4143 4077
4144 4078
4145 4079
4146 4080
4147 4081
4148 4082
4149 4083
4150 4084
4151 4085
4152 4086
4153 4087
4154 4088
4155 4089
4156 4090
4157 4091
4158 4092
4159 4093
4160 4094
4161 4095
4162 4096
4163 4097
4164 4098
4165 4099
4166 4100
4167 4101
4168 4102
4169 4103
4170 4104
4171 4105
4172 4106
4173 4107
4174 4108
4175 4109
4176 4110
4177 4111
4178 4112
4179 4113
4180 4114
4181 4115
4182 4116
4183 4302
4184 4117
4185 4118
4186 4119
4187 4120
4188 4121
4189 4122
4190 4123
4191 4124
4192 4125
4193 4126
4194 4127
4195 4128
4196 4129
4197 4130
4198 4131
4199 4132
4200 4133
4201 4134
4202 4135
4203 4136
4204 4137
4205 4138
4206 4139
4207 4140
4208 4141
4209 4142
4210 4143
4211 4144
4212 4145
4213 4146
4214 4147
4215 4148
4216 4149
4217 4150
4218 4151
4219 4152
4220 4153
4221 4154
4222 4155
4223 4156
4224 4157
4225 4158
4226 4159
4227 4160
4228 4161
4229 4162
4230 4163
4231 4164
4232 4165
4233 4166
4234 4167
4235 4168
4236 4169
4237 4170
4238 4171
4239 4172
4240 4173
4241 4174
4242 4175
4243 4176
4244 4177
4245 4178
4246 4179
4247 4180
4248 4181
4249 4182
4250 4183
4251 4302
4252 4184
4253 4185
4254 4186
4255 4187
4256 4188
4257 4189
4258 4190
4259 4191
4260 4192
4261 4193
4262 4194
4263 4195
4264 4196
4265 4197
4266 4198
4267 4199
4268 4200
4269 4201
4270 4202
4271 4203
4272 4204
4273 4205
4274 4206
4275 4207
4276 4208
4277 4209
4278 4210
4279 4211
4280 4212
4281 4213
4282 4214
4283 4215
4284 4216
4285 4217
4286 4218
4287 4219
4288 4220
4289 4221
4290 4222
4291 4223
4292 4224
4293 4225
4294 4226
4295 4227
4296 4228
4297 4229
4298 4230
4299 4231
4300 4232
4301 4233
4302 4234
4303 4235
4304 4236
4305 4237
4306 4238
4307 4239
4308 4240
4309 4241
4310 4242
4311 4243
4312 4244
4313 4245
4314 4246
4315 4247
4316 4248
4317 4249
4318 4250
4319 4251
4320 4252
4321 4253
4322 4254
4323 4255
4324 4256
4325 4257
4326 4258
4327 4259
4328 4260
4329 4261
4330 4262
4331 4263
4332 4264
4333 4265
4334 4266
4335 4267
4336 4268
4337 4269
4338 4270
4339 4271
4340 4272
4341 4273
4342 4274
4343 4275
4344 4276
4345 4277
4346 4278
4347 4279
4348 4280
4349 4281
4350 4282
4351 4283
4352 4284
4353 4285
4354 4286
4355 4287
4356 4288
4357 4289
4358 4290
4359 4291
4360 4292
4361 4293
4362 4294
4363 4295
4364 4296
4365 4297
4366 4298
4367 4299
4368 4300
4369 4301
4370 4302
4371 4303
4372 4304
4373 4305
4374 4306
4375 4307
4376 4308
4377 4309
4378 4310
4379 4311
4380 4312
4381 4313
4382 4314
4383 4315
4384 4316
4385 4317
4386 4318
4387 4319
4388 4320
4389 4321
4390 4322
4391 4323
4392 4324
4393 4325
4394 4326
4395 4327
4396 4328
4397 4329
4398 4330
4399 4331
4400 4332
4401 4333
4402 4302
4403 4334
4404 4335
4405 4336
4406 4337
4407 4338
4408 4339
4409 4340
4410 4341
4411 4342
4412 4343
4413 4344
4414 4345
4415 4346
4416 4347
4417 4348
4418 4349
4419 4350
4420 4351
4421 4352
4422 4353
4423 4354
4424 4355
4425 4356
4426 4357
4427 4358
4428 4359
4429 4360
4430 4361
4431 4362
4432 4363
4433 4364
4434 4365
4435 4366
4436 4367
4437 4368
4438 4369
4439 4370
4440 4371
4441 4372
4442 4373
4443 4374
4444 4375
4445 4376
4446 4377
4447 4378
4448 4379
4449 4380
4450 4381
4451 4382
4452 4383
4453 4384
4454 4385
4455 4386
4456 4387
4457 4388
4458 4389
4459 4390
4460 4391
4461 4392
4462 4393
4463 4394
4464 4395
4465 4396
4466 4397
4467 4398
4468 4399
4469 4400
4470 4401
4471 4402
4472 4403
4473 4404
4474 4405
4475 4406
4476 4407
4477 4408
4478 4409
4479 4410
4480 4411
4481 4412
4482 4413
4483 4414
4484 4415
4485 4416
4486 4417
4487 4418
4488 4419
4489 4420
4490 4421
4491 4422
4492 4423
4493 4424
4494 4425
4495 4426
4496 4427
4497 4428
4498 4429
4499 4430
4500 4431
4501 4432
4502 4433
4503 4434
4504 4435
4505 4436
4506 4437
4507 4438
4508 4439
4509 4440
4510 4441
4511 4442
4512 4443
4513 4444
4514 4445
4515 4446
4516 4447
4517 4448
4518 4449
4519 4450
4520 4451
4521 4452
4522 4453
4523 4454
4524 4455
4525 4456
4526 4457
4527 4458
4528 4459
4529 4460
4530 4461
4531 4462
4532 4463
4533 4464
4534 4465
4535 4466
4536 4467
4537 4468
4538 4469
4539 4470
4540 4471
4541 4472
4542 4473
4543 4474
4544 4475
4545 4476
4546 4477
4547 4478
4548 4479
4549 4480
4550 4481
4551 4482
4552 4483
4553 4484
4554 4485
4555 4486
4556 4487
4557 4488
4558 4489
4559 4490
4560 4491
4561 4492
4562 4493
4563 4494
4564 4495
4565 4496
4566 4497
4567 4498
4568 4499
4569 4500
4570 4501
4571 4502
4572 4503
4573 4504
4574 4505
4575 4302
4576 4506
4577 4507
4578 4508
4579 4509
4580 4510
4581 4511
4582 4512
4583 4513
4584 4514
4585 4515
4586 4516
4587 4517
4588 4518
4589 4519
4590 4520
4591 4521
4592 4522
4593 4523
4594 4524
4595 4525
4596 4526
4597 4527
4598 4528
4599 4529
4600 4530
4601 4531
4602 4532
4603 4533
4604 4534
4605 4535
4606 4536
4607 4537
4608 4538
4609 4539
4610 4540
4611 4541
4612 4542
4613 4543
4614 4544
4615 4545
4616 4546
4617 4547
4618 4548
4619 4549
4620 4550
4621 4551
4622 4552
4623 4553
4624 4554
4625 4555
4626 4556
4627 4557
4628 4558
4629 4559
4630 4560
4631 4561
4632 4562
4633 4563
4634 4564
4635 4565
4636 4566
4637 4567
4638 4568
4639 4569
4640 4570
4641 4571
4642 4572
4643 4573
4644 4574
4645 4575
4646 4576
4647 4577
4648 4578
4649 4579
4650 4580
4651 4581
4652 4582
4653 4583
4654 4584
4655 4585
4656 4586
4657 4587
4658 4588
4659 4589
4660 4590
4661 4591
4662 4592
4663 4593
4664 4594
4665 4595
4666 4596
4667 4597
4668 4598
4669 4599
4670 4600
4671 4601
4672 4602
4673 4603
4674 4604
4675 4605
4676 4606
4677 4607
4678 4608
4679 4609
4680 4610
4681 4611
4682 4612
4683 4613
4684 4614
4685 4615
4686 4616
4687 4617
4688 4618
4689 4619
4690 4620
4691 4621
4692 4622
4693 4623
4694 4624
4695 4625
4696 4626
4697 4627
4698 4628
4699 4629
4700 4630
4701 4631
4702 4632
4703 4633
4704 4634
4705 4635
4706 4636
4707 4637
4708 4638
4709 4639
4710 4640
4711 4641
4712 4642
4713 4643
4714 4644
4715 4645
4716 4646
4717 4647
4718 4648
4719 4649
4720 4650
4721 4651
4722 4652
4723 4653
4724 4654
4725 4655
4726 4656
4727 4657
4728 4658
4729 4659
4730 4660
4731 4661
4732 4662
4733 4663
4734 4664
4735 4665
4736 4666
4737 4667
4738 4668
4739 4669
4740 4670
4741 4671
4742 4672
4743 4673
4744 4674
4745 4675
4746 4676
4747 4677
4748 4678
4749 4679
4750 4680
4751 4681
4752 4682
4753 4683
4754 4684
4755 4685
4756 4686
4757 4687
4758 4688
4759 4689
4760 4690
4761 4691
4762 4692
4763 4693
4764 4694
4765 4695
4766 4696
4767 4697
4768 4698
4769 4699
4770 4700
4771 4701
4772 4702
4773 4703
4774 4704
4775 4705
4776 4706
4777 4707
4778 4708
4779 4709
4780 4710
4781 4711
4782 4712
4783 4713
4784 4714
4785 4715
4786 4716
4787 4717
4788 4718
4789 4719
4790 4720
4791 4721
4792 4722
4793 4723
4794 4724
4795 4725
4796 4726
4797 4727
4798 4728
4799 4729
4800 4730
4801 4731
4802 4732
4803 4733
4804 4734
4805 4735
4806 4736
4807 4737
4808 4738
4809 4739
4810 4740
4811 4741
4812 4742
4813 4743
4814 4744
4815 4745
4816 4746
4817 4747
4818 4748
4819 4749
4820 4750
4821 4751
4822 4752
4823 4753
4824 4754
4825 4755
4826 4756
4827 4757
4828 4758
4829 4759
4830 4760
4831 4761
4832 4762
4833 4763
4834 4764
4835 4765
4836 4766
4837 4767
4838 4768
4839 4769
4840 4770
4841 4771
4842 4772
4843 4773
4844 4774
4845 4775
4846 4776
4847 4777
4848 4778
4849 4779
4850 4780
4851 4781
4852 4782
4853 4783
4854 4784
4855 4785
4856 4786
4857 4787
4858 4788
4859 4789
4860 4790
4861 4791
4862 4792
4863 4793
4864 4794
4865 4795
4866 4796
4867 4797
4868 4798
4869 4799
4870 4800
4871 4801
4872 4802
4873 4803
4874 4804
4875 4805
4876 4806
4877 4807
4878 4808
4879 4809
4880 4810
4881 4811
4882 4812
4883 4813
4884 4814
4885 4815
4886 4816
4887 4817
4888 4818
4889 4819
4890 4820
4891 4821
4892 4822
4893 4823
4894 4824
4895 4825
4896 4826
4897 4827
4898 4828
4899 4829
4900 4830
4901 4831
4902 4832
4903 4833
4904 4834
4905 4835
4906 4836
4907 4837
4908 4838
4909 4839
4910 4840
4911 4841
4912 4842
4913 4843
4914 4844
4915 4845
4916 4846
4917 4847
4918 4848
4919 4849
4920 4850
4921 4851
4922 4852
4923 4853
4924 4854
4925 4855
4926 4856
4927 4857
4928 4858
4929 573
4930 4859
4931 4860
4932 4861
4933 4862
4934 4208
4935 4863
4936 4864
4937 4865
4938 4866
4939 4867
4940 4868
4941 4869
4942 4870
4943 4871
4944 4872
4945 4873
4946 4874
4947 4875
4948 4876
4949 4877
4950 4878
4951 4879
4952 4880
4953 4881
4954 4882
4955 4883
4956 4884
4957 4885
4958 4886
4959 4887
4960 4888
4961 4889
4962 4890
4963 4891
4964 4892
4965 4893
4966 4894
4967 4895
4968 4896
4969 4897
4970 4898
4971 4899
4972 4900
4973 4901
4974 4302
4975 4902
4976 4903
4977 4904
4978 4905
4979 4906
4980 4302
4981 4907
4982 4908
4983 4909
4984 4910
4985 4911
4986 4912
4987 4913
4988 4914
4989 4915
4990 4302
4991 4916
4992 4917
4993 4918
4994 4919
4995 4920
4996 4921
4997 4922
4998 4923
4999 4924
5000 4925
5001 4926
5002 4927
5003 4928
5004 4929
5005 4930
5006 4931
5007 4932
5008 4933
5009 4934
5010 4935
5011 4936
5012 4937
5013 4938
5014 4939
5015 4940
5016 4941
5017 4942
5018 4943
5019 4944
5020 4945
5021 4946
5022 4947
5023 4948
5024 4949
5025 4950
5026 4951
5027 4952
5028 4953
5029 4954
5030 4955
5031 4956
5032 4957
5033 4958
5034 4959
5035 4960
5036 4961
5037 4962
5038 4963
5039 4964
5040 4965
5041 4966
5042 4967
5043 4968
5044 4969
5045 4970
5046 4971
5047 4972
5048 4973
5049 4974
5050 4975
5051 4976
5052 4977
5053 4978
5054 4979
5055 4980
5056 4981
5057 4982
5058 4983
5059 4984
5060 4985
5061 4986
5062 4987
5063 4988
5064 4989
5065 4990
5066 4991
5067 4992
5068 4993
5069 4994
5070 4995
5071 4996
5072 4997
5073 4998
5074 4999
5075 5000
5076 5001
5077 5002
5078 5003
5079 5004
5080 5005
5081 5006
5082 5007
5083 5008
5084 5009
5085 5010
5086 5011
5087 5012
5088 5013
5089 5014
5090 5015
5091 5016
5092 5017
5093 5018
5094 5019
5095 5020
5096 5021
5097 5022
5098 5023
5099 5024
5100 5025
5101 5026
5102 5027
5103 5028
5104 5029
5105 5030
5106 5031
5107 5032
5108 5033
5109 5034
5110 5035
5111 5036
5112 5037
5113 5038
5114 5039
5115 5040
5116 5041
5117 5042
5118 5043
5119 5044
5120 5045
5121 5046
5122 5047
5123 5048
5124 5049
5125 5050
5126 5051
5127 5052
5128 5053
5129 5054
5130 5055
5131 5056
5132 5057
5133 5058
5134 5059
5135 5060
5136 5061
5137 5062
5138 5063
5139 5064
5140 5065
5141 5066
5142 5067
5143 5068
5144 5069
5145 5070
5146 5071
5147 5072
5148 5073
5149 5074
5150 5075
5151 5076
5152 5077
5153 5078
5154 5079
5155 5080
5156 5081
5157 5082
5158 5140
5159 5083
5160 5084
5161 5085
5162 5086
5163 5087
5164 5088
5165 5089
5166 5090
5167 5091
5168 5092
5169 5093
5170 5094
5171 5095
5172 5096
5173 5097
5174 5098
5175 5099
5176 5100
5177 5101
5178 5102
5179 5103
5180 5104
5181 5105
5182 5106
5183 5107
5184 5108
5185 5109
5186 5110
5187 5111
5188 5112
5189 5113
5190 5114
5191 5115
5192 5116
5193 5117
5194 5118
5195 5119
5196 5120
5197 5121
5198 5122
5199 573
5200 5123
5201 5124
5202 5125
5203 5126
5204 5127
5205 5128
5206 4302
5207 5129
5208 5130
5209 5131
5210 5132
5211 5133
5212 5134
5213 5135
5214 5136
5215 5137
5216 5138
5217 5139
5218 5140
