0 0
1 1
2 2
3 3
4 4
5 5
6 6
7 7
8 8
9 9
10 10
11 11
12 12
13 13
14 14
15 15
16 2658
17 16
18 17
19 18
20 19
21 20
22 21
23 22
24 23
25 24
26 25
27 26
28 4562
29 27
30 28
31 29
32 30
33 31
34 32
35 33
36 34
37 35
38 36
39 37
40 38
41 39
42 40
43 41
44 42
45 43
46 44
47 45
48 46
49 47
50 48
51 49
52 50
53 51
54 2658
55 52
56 53
57 54
58 4216
59 55
60 56
61 57
62 58
63 59
64 60
65 61
66 62
67 63
68 64
69 65
70 66
71 67
72 68
73 69
74 70
75 71
76 72
77 73
78 74
79 75
80 76
81 77
82 78
83 79
84 80
85 81
86 82
87 83
88 84
89 85
90 86
91 87
92 88
93 89
94 90
95 91
96 92
97 93
98 94
99 95
100 96
101 97
102 98
103 99
104 100
105 101
106 102
107 103
108 104
109 105
110 106
111 107
112 108
113 109
114 110
115 111
116 112
117 113
118 114
119 115
120 116
121 117
122 118
123 119
124 120
125 121
126 122
127 123
128 124
129 125
130 126
131 127
132 128
133 129
134 130
135 131
136 4562
137 132
138 133
139 134
140 135
141 136
142 137
143 138
144 139
145 140
146 141
147 142
148 143
149 144
150 145
151 146
152 147
153 148
154 149
155 150
156 151
157 152
158 153
159 154
160 155
161 156
162 157
163 158
164 159
165 160
166 161
167 162
168 163
169 164
170 165
171 166
172 167
173 168
174 169
175 170
176 171
177 172
178 173
179 174
180 175
181 176
182 177
183 178
184 179
185 180
186 181
187 182
188 183
189 184
190 185
191 186
192 4216
193 187
194 188
195 189
196 190
197 191
198 192
199 193
200 194
201 195
202 196
203 197
204 198
205 199
206 200
207 201
208 202
209 203
210 204
211 205
212 206
213 207
214 208
215 209
216 210
217 211
218 212
219 213
220 214
221 215
222 216
223 217
224 218
225 219
226 220
227 221
228 222
229 223
230 224
231 225
232 226
233 227
234 228
235 229
236 230
237 231
238 232
239 233
240 234
241 235
242 236
243 237
244 238
245 239
246 240
247 241
248 242
249 243
250 244
251 245
252 246
253 247
254 248
255 249
256 250
257 251
258 252
259 253
260 254
261 255
262 256
263 257
264 258
265 259
266 260
267 261
268 262
269 263
270 264
271 265
272 266
273 267
274 268
275 269
276 270
277 271
278 272
279 273
280 274
281 275
282 276
283 277
284 278
285 279
286 280
287 281
288 282
289 283
290 284
291 285
292 286
293 287
294 288
295 289
296 290
297 291
298 292
299 293
300 294
301 295
302 296
303 297
304 298
305 299
306 300
307 301
308 302
309 303
310 304
311 305
312 306
313 307
314 308
315 309
316 310
317 311
318 312
319 313
320 314
321 315
322 316
323 317
324 318
325 319
326 320
327 321
328 322
329 323
330 4562
331 324
332 325
333 326
334 327
335 328
336 329
337 4562
338 330
339 331
340 332
341 333
342 334
343 335
344 336
345 337
346 338
347 339
348 340
349 341
350 342
351 343
352 344
353 345
354 346
355 347
356 348
357 349
358 350
359 351
360 352
361 353
362 354
363 355
364 356
365 357
366 358
367 359
368 360
369 361
370 362
371 363
372 364
373 365
374 366
375 367
376 368
377 369
378 370
379 371
380 372
381 373
382 374
383 375
384 376
385 377
386 378
387 379
388 380
389 381
390 382
391 383
392 384
393 385
394 386
395 387
396 388
397 389
398 390
399 391
400 392
401 393
402 394
403 395
404 396
405 397
406 398
407 399
408 400
409 401
410 402
411 403
412 404
413 405
414 406
415 407
416 408
417 409
418 410
419 411
420 412
421 413
422 414
423 415
424 416
425 417
426 418
427 419
428 420
429 421
430 422
431 423
432 424
433 425
434 426
435 427
436 428
437 429
438 430
439 431
440 432
441 433
442 434
443 435
444 436
445 437
446 438
447 439
448 440
449 441
450 442
451 443
452 444
453 3032
454 445
455 446
456 447
457 448
458 449
459 450
460 451
461 452
462 453
463 454
464 455
465 456
466 457
467 458
468 459
469 460
470 461
471 462
472 463
473 464
474 465
475 466
476 467
477 468
478 469
479 470
480 471
481 472
482 473
483 474
484 475
485 476
486 477
487 478
488 479
489 480
490 481
491 482
492 483
493 484
494 485
495 486
496 487
497 488
498 489
499 490
500 491
501 492
502 493
503 494
504 495
505 496
506 497
507 4216
508 498
509 499
510 500
511 501
512 502
513 503
514 504
515 505
516 506
517 507
518 508
519 509
520 510
521 511
522 512
523 513
524 514
525 515
526 516
527 517
528 518
529 519
530 520
531 521
532 522
533 523
534 524
535 525
536 4562
537 526
538 527
539 528
540 529
541 530
542 531
543 532
544 533
545 534
546 535
547 536
548 537
549 538
550 539
551 540
552 541
553 542
554 543
555 544
556 545
557 3032
558 546
559 547
560 548
561 549
562 550
563 551
564 552
565 553
566 554
567 555
568 556
569 557
570 558
571 559
572 560
573 561
574 562
575 563
576 564
577 565
578 566
579 567
580 568
581 569
582 570
583 571
584 572
585 573
586 574
587 575
588 576
589 577
590 578
591 579
592 580
593 581
594 582
595 583
596 584
597 585
598 586
599 587
600 588
601 589
602 590
603 591
604 592
605 3032
606 593
607 594
608 595
609 596
610 597
611 598
612 599
613 600
614 601
615 602
616 603
617 604
618 605
619 606
620 607
621 608
622 609
623 610
624 611
625 612
626 613
627 614
628 615
629 616
630 617
631 618
632 619
633 620
634 621
635 622
636 623
637 624
638 625
639 626
640 627
641 628
642 629
643 630
644 631
645 632
646 633
647 634
648 635
649 636
650 637
651 638
652 639
653 640
654 641
655 642
656 643
657 644
658 645
659 646
660 647
661 648
662 649
663 650
664 651
665 652
666 653
667 654
668 655
669 656
670 657
671 4216
672 658
673 659
674 660
675 661
676 662
677 663
678 664
679 665
680 666
681 667
682 668
683 669
684 670
685 671
686 672
687 673
688 674
689 675
690 676
691 677
692 678
693 679
694 680
695 681
696 682
697 683
698 684
699 685
700 686
701 687
702 688
703 689
704 690
705 691
706 692
707 693
708 694
709 695
710 696
711 697
712 698
713 699
714 700
715 701
716 702
717 703
718 704
719 705
720 706
721 707
722 708
723 709
724 710
725 711
726 712
727 713
728 4216
729 714
730 715
731 716
732 717
733 718
734 719
735 720
736 721
737 722
738 723
739 724
740 725
741 726
742 727
743 728
744 729
745 730
746 731
747 732
748 733
749 734
750 735
751 736
752 737
753 738
754 739
755 4216
756 740
757 741
758 742
759 743
760 744
761 745
762 746
763 747
764 748
765 749
766 750
767 751
768 752
769 753
770 754
771 755
772 756
773 757
774 758
775 759
776 760
777 761
778 762
779 763
780 764
781 765
782 766
783 767
784 768
785 769
786 770
787 771
788 772
789 773
790 774
791 775
792 776
793 777
794 778
795 779
796 780
797 781
798 782
799 783
800 784
801 785
802 786
803 787
804 788
805 789
806 790
807 791
808 792
809 793
810 794
811 795
812 796
813 797
814 798
815 799
816 800
817 801
818 802
819 803
820 804
821 805
822 806
823 807
824 808
825 809
826 810
827 811
828 812
829 813
830 814
831 815
832 816
833 817
834 818
835 819
836 820
837 821
838 822
839 823
840 824
841 825
842 826
843 827
844 828
845 829
846 830
847 831
848 832
849 833
850 834
851 835
852 836
853 837
854 838
855 839
856 840
857 841
858 842
859 843
860 844
861 845
862 846
863 847
864 848
865 849
866 850
867 851
868 852
869 853
870 854
871 855
872 856
873 857
874 858
875 859
876 860
877 4216
878 861
879 862
880 863
881 864
882 865
883 866
884 867
885 868
886 869
887 870
888 871
889 872
890 873
891 874
892 875
893 876
894 877
895 878
896 879
897 880
898 881
899 882
900 883
901 884
902 885
903 886
904 887
905 888
906 889
907 890
908 891
909 892
910 893
911 894
912 895
913 896
914 897
915 898
916 899
917 900
918 901
919 902
920 903
921 904
922 905
923 906
924 907
925 908
926 909
927 910
928 911
929 912
930 913
931 914
932 3032
933 915
934 916
935 917
936 918
937 919
938 920
939 921
940 922
941 923
942 924
943 925
944 926
945 927
946 928
947 929
948 930
949 931
950 932
951 933
952 934
953 935
954 936
955 937
956 938
957 939
958 940
959 941
960 942
961 943
962 944
963 945
964 946
965 947
966 948
967 949
968 950
969 951
970 952
971 953
972 954
973 4216
974 955
975 956
976 957
977 958
978 959
979 960
980 961
981 2658
982 962
983 963
984 964
985 965
986 966
987 967
988 968
989 969
990 970
991 971
992 972
993 973
994 974
995 975
996 976
997 977
998 978
999 979
1000 980
1001 981
1002 982
1003 983
1004 984
1005 985
1006 986
1007 987
1008 988
1009 989
1010 990
1011 991
1012 992
1013 4216
1014 993
1015 994
1016 995
1017 996
1018 997
1019 998
1020 999
1021 1000
1022 1001
1023 1002
1024 1003
1025 1004
1026 1005
1027 1006
1028 1007
1029 1008
1030 1009
1031 1010
1032 1011
1033 1012
1034 1013
1035 1014
1036 1015
1037 1016
1038 1017
1039 1018
1040 1019
1041 1020
1042 1021
1043 1022
1044 1023
1045 1024
1046 1025
1047 1026
1048 1027
1049 1028
1050 1029
1051 1030
1052 1696
1053 1031
1054 1032
1055 1033
1056 1034
1057 1035
1058 1036
1059 1037
1060 1038
1061 1039
1062 1040
1063 1041
1064 1042
1065 1043
1066 1044
1067 1045
1068 1046
1069 1047
1070 1048
1071 1049
1072 1050
1073 1051
1074 1052
1075 1053
1076 1054
1077 1055
1078 1056
1079 1057
1080 1058
1081 1059
1082 1060
1083 1061
1084 1062
1085 1063
1086 1064
1087 1065
1088 1066
1089 1067
1090 1068
1091 1069
1092 1070
1093 1071
1094 1072
1095 1073
1096 1074
1097 1075
1098 1076
1099 1077
1100 1078
1101 1079
1102 1080
1103 1081
1104 1082
1105 1083
1106 1084
1107 1085
1108 1086
1109 1087
1110 1088
1111 1089
1112 1090
1113 1091
1114 1092
1115 1093
1116 1094
1117 1095
1118 1096
1119 1097
1120 1098
1121 1099
1122 1100
1123 1101
1124 4562
1125 1102
1126 1103
1127 1104
1128 1105
1129 1106
1130 1107
1131 1108
1132 1109
1133 1110
1134 1111
1135 1112
1136 1113
1137 1114
1138 1115
1139 1116
1140 1117
1141 1118
1142 1119
1143 1120
1144 1121
1145 1122
1146 1123
1147 1124
1148 1125
1149 1126
1150 1127
1151 1128
1152 1129
1153 1130
1154 1131
1155 1132
1156 1133
1157 1134
1158 1135
1159 1136
1160 1137
1161 1138
1162 1139
1163 1140
1164 1141
1165 1142
1166 1143
1167 1144
1168 1145
1169 1146
1170 1147
1171 1148
1172 1149
1173 1150
1174 1151
1175 1152
1176 1153
1177 1154
1178 1155
1179 1156
1180 1157
1181 1158
1182 1159
1183 1160
1184 1161
1185 1162
1186 1163
1187 1164
1188 1165
1189 1166
1190 1167
1191 1168
1192 1169
1193 1170
1194 1171
1195 1172
1196 1173
1197 1174
1198 1175
1199 1176
1200 1177
1201 1178
1202 1179
1203 1180
1204 1181
1205 1182
1206 1183
1207 1184
1208 1185
1209 1186
1210 4216
1211 1187
1212 1188
1213 1189
1214 1190
1215 1191
1216 1192
1217 1193
1218 1194
1219 1195
1220 1196
1221 1197
1222 1198
1223 1199
1224 1200
1225 1201
1226 4216
1227 1202
1228 1203
1229 1204
1230 1205
1231 1206
1232 1207
1233 1208
1234 1209
1235 1210
1236 1211
1237 1212
1238 1213
1239 1214
1240 1215
1241 1216
1242 1217
1243 1218
1244 1219
1245 1220
1246 1221
1247 1222
1248 1223
1249 1224
1250 1225
1251 1226
1252 1227
1253 1228
1254 1229
1255 1230
1256 1231
1257 1232
1258 1233
1259 1234
1260 1235
1261 1236
1262 1237
1263 1238
1264 1239
1265 1240
1266 1241
1267 1242
1268 1243
1269 1244
1270 1245
1271 1246
1272 1247
1273 1248
1274 1249
1275 1250
1276 1251
1277 1252
1278 1253
1279 1254
1280 1255
1281 1256
1282 1257
1283 1258
1284 1259
1285 1260
1286 1261
1287 1262
1288 1263
1289 1264
1290 1265
1291 1266
1292 1267
1293 1268
1294 1269
1295 1270
1296 1271
1297 1272
1298 1273
1299 1274
1300 1275
1301 1276
1302 1277
1303 1278
1304 1279
1305 1280
1306 1281
1307 1282
1308 1283
1309 1284
1310 1285
1311 1286
1312 4216
1313 1287
1314 1288
1315 1289
1316 1290
1317 1291
1318 1292
1319 1293
1320 1294
1321 1295
1322 1296
1323 1297
1324 1298
1325 1299
1326 1300
1327 1301
1328 1302
1329 1303
1330 1304
1331 1305
1332 1306
1333 1307
1334 1308
1335 1309
1336 1310
1337 1311
1338 1312
1339 1313
1340 1314
1341 1315
1342 1316
1343 1317
1344 1318
1345 1319
1346 1320
1347 4562
1348 1321
1349 1322
1350 1323
1351 1324
1352 1325
1353 1326
1354 1327
1355 1328
1356 1329
1357 1330
1358 1331
1359 1332
1360 1333
1361 1334
1362 1335
1363 1336
1364 1337
1365 1338
1366 1339
1367 1340
1368 1341
1369 1342
1370 1343
1371 1344
1372 1345
1373 1346
1374 1347
1375 1348
1376 4216
1377 1349
1378 1350
1379 1351
1380 1352
1381 1353
1382 1354
1383 1355
1384 1356
1385 1357
1386 1358
1387 1359
1388 1360
1389 1361
1390 1362
1391 1363
1392 1364
1393 1365
1394 1366
1395 1367
1396 1368
1397 1369
1398 1370
1399 1371
1400 1372
1401 1373
1402 1374
1403 1375
1404 1376
1405 1377
1406 1378
1407 1379
1408 1380
1409 1381
1410 1382
1411 1383
1412 1384
1413 1385
1414 1386
1415 1387
1416 1388
1417 1389
1418 1390
1419 1391
1420 1392
1421 1393
1422 1394
1423 1395
1424 1396
1425 1397
1426 1398
1427 1399
1428 1400
1429 1401
1430 1402
1431 1403
1432 1404
1433 1405
1434 1406
1435 1407
1436 1408
1437 1409
1438 1410
1439 1411
1440 1412
1441 1413
1442 1414
1443 1415
1444 1416
1445 1417
1446 3032
1447 1418
1448 1419
1449 1420
1450 1421
1451 1422
1452 1423
1453 1424
1454 1425
1455 1426
1456 1427
1457 1428
1458 1429
1459 1430
1460 1431
1461 1432
1462 1433
1463 1434
1464 1435
1465 1436
1466 1437
1467 1438
1468 1439
1469 1440
1470 1441
1471 1442
1472 1443
1473 1444
1474 1445
1475 1446
1476 1447
1477 1448
1478 1449
1479 1450
1480 1451
1481 1452
1482 1453
1483 1454
1484 1455
1485 1456
1486 1457
1487 1458
1488 1459
1489 1460
1490 1461
1491 1462
1492 1463
1493 1464
1494 1465
1495 1466
1496 1467
1497 1468
1498 1469
1499 1470
1500 1471
1501 1472
1502 1473
1503 1474
1504 1475
1505 1476
1506 1477
1507 1478
1508 1479
1509 1480
1510 1481
1511 1482
1512 1483
1513 1484
1514 1485
1515 1486
1516 1487
1517 1488
1518 1489
1519 1490
1520 1491
1521 1492
1522 1493
1523 1494
1524 1495
1525 1496
1526 1497
1527 1498
1528 1499
1529 1500
1530 1501
1531 1502
1532 1503
1533 1504
1534 1505
1535 1506
1536 1507
1537 1508
1538 1509
1539 1510
1540 1511
1541 1512
1542 1513
1543 1514
1544 1515
1545 1516
1546 1517
1547 1518
1548 1519
1549 1520
1550 1521
1551 1522
1552 1523
1553 1524
1554 1525
1555 1526
1556 1527
1557 1528
1558 1529
1559 1530
1560 1531
1561 1532
1562 1533
1563 4216
1564 1534
1565 4562
1566 1535
1567 1536
1568 1537
1569 1538
1570 1539
1571 1540
1572 1541
1573 1542
1574 1543
1575 1544
1576 1545
1577 1546
1578 1547
1579 1548
1580 1549
1581 1550
1582 1551
1583 1552
1584 1553
1585 1554
1586 1555
1587 1556
1588 1557
1589 1558
1590 1559
1591 1560
1592 1561
1593 1562
1594 1563
1595 1564
1596 1565
1597 1566
1598 1567
1599 1568
1600 1569
1601 1570
1602 1571
1603 1572
1604 1573
1605 1574
1606 1575
1607 1576
1608 1577
1609 1578
1610 1579
1611 1580
1612 1581
1613 1582
1614 1583
1615 1584
1616 1585
1617 1586
1618 1587
1619 1588
1620 1589
1621 1590
1622 1591
1623 4216
1624 1592
1625 1593
1626 1594
1627 1595
1628 1596
1629 1597
1630 1598
1631 1599
1632 1600
1633 1601
1634 1602
1635 1603
1636 1604
1637 1605
1638 1606
1639 1607
1640 1608
1641 1609
1642 1610
1643 1611
1644 1612
1645 1613
1646 1614
1647 1615
1648 1616
1649 1617
1650 1618
1651 1619
1652 1620
1653 1621
1654 1622
1655 1623
1656 1624
1657 1625
1658 1626
1659 1627
1660 1628
1661 1629
1662 1630
1663 1631
1664 1632
1665 1633
1666 1634
1667 1635
1668 1636
1669 1637
1670 1638
1671 1639
1672 1640
1673 1641
1674 1642
1675 1643
1676 1644
1677 1645
1678 1646
1679 1647
1680 1648
1681 1649
1682 1650
1683 1651
1684 1652
1685 1653
1686 1654
1687 1655
1688 1656
1689 1657
1690 1658
1691 1659
1692 1660
1693 1661
1694 1662
1695 1663
1696 1664
1697 4216
1698 1665
1699 1666
1700 1667
1701 1668
1702 1669
1703 1670
1704 1671
1705 1672
1706 1673
1707 1674
1708 1675
1709 1676
1710 1677
1711 1678
1712 1679
1713 1680
1714 1681
1715 1682
1716 1683
1717 1684
1718 1685
1719 1686
1720 1687
1721 1688
1722 1689
1723 1690
1724 1691
1725 1692
1726 1693
1727 1694
1728 1695
1729 1696
1730 1697
1731 1698
1732 1699
1733 1700
1734 1701
1735 1702
1736 1703
1737 1704
1738 1705
1739 1706
1740 1707
1741 1708
1742 1709
1743 1710
1744 1711
1745 1712
1746 1713
1747 1714
1748 1715
1749 1716
1750 1717
1751 1718
1752 1719
1753 1720
1754 1721
1755 1722
1756 1723
1757 4216
1758 1724
1759 1725
1760 1726
1761 1727
1762 1728
1763 1729
1764 1730
1765 1731
1766 1732
1767 1733
1768 1734
1769 1735
1770 1736
1771 1737
1772 1738
1773 1739
1774 4216
1775 4216
1776 1740
1777 1741
1778 1742
1779 1743
1780 1744
1781 1745
1782 1746
1783 1747
1784 1748
1785 1749
1786 1750
1787 1751
1788 1752
1789 1753
1790 1754
1791 1755
1792 1756
1793 1757
1794 1758
1795 1759
1796 1760
1797 1761
1798 1762
1799 1763
1800 1764
1801 1765
1802 1766
1803 1767
1804 1768
1805 1769
1806 1770
1807 1771
1808 1772
1809 1773
1810 1774
1811 1775
1812 1776
1813 1777
1814 1778
1815 1779
1816 1780
1817 1781
1818 1782
1819 1783
1820 1784
1821 1785
1822 1786
1823 1787
1824 1788
1825 1789
1826 1790
1827 1791
1828 1792
1829 1793
1830 1794
1831 1795
1832 1796
1833 1797
1834 1798
1835 4216
1836 1799
1837 1800
1838 1801
1839 1802
1840 1803
1841 1804
1842 1805
1843 1806
1844 1807
1845 1808
1846 1809
1847 1810
1848 1811
1849 1812
1850 1813
1851 1814
1852 1815
1853 1816
1854 1817
1855 1818
1856 1819
1857 1820
1858 1821
1859 1822
1860 1823
1861 1824
1862 1825
1863 1826
1864 1827
1865 1828
1866 1829
1867 1830
1868 1831
1869 1832
1870 1833
1871 1834
1872 1835
1873 1836
1874 1837
1875 1838
1876 1839
1877 1840
1878 1841
1879 1842
1880 1843
1881 1844
1882 1845
1883 1846
1884 1847
1885 1848
1886 1849
1887 1850
1888 1851
1889 1852
1890 1853
1891 1854
1892 1855
1893 4216
1894 1856
1895 1857
1896 1858
1897 1859
1898 1860
1899 1861
1900 4216
1901 1862
1902 1863
1903 1864
1904 1865
1905 1866
1906 1867
1907 1868
1908 1869
1909 1870
1910 1871
1911 1872
1912 1873
1913 1874
1914 1875
1915 1876
1916 1877
1917 1878
1918 1879
1919 1880
1920 4562
1921 1881
1922 1882
1923 1883
1924 1884
1925 1885
1926 1886
1927 1887
1928 1888
1929 1889
1930 1890
1931 1891
1932 1892
1933 1893
1934 1894
1935 1895
1936 1896
1937 1897
1938 1898
1939 1899
1940 1900
1941 1901
1942 1902
1943 1903
1944 1904
1945 1905
1946 1906
1947 1907
1948 1908
1949 1909
1950 1910
1951 1911
1952 1912
1953 1913
1954 1914
1955 1915
1956 1916
1957 1917
1958 1918
1959 1919
1960 1920
1961 1921
1962 1922
1963 1923
1964 1924
1965 1925
1966 1926
1967 1927
1968 1928
1969 1929
1970 1930
1971 1931
1972 1932
1973 1933
1974 1934
1975 1935
1976 1936
1977 1937
1978 1938
1979 1939
1980 1940
1981 1941
1982 1942
1983 1943
1984 1944
1985 1945
1986 1946
1987 1947
1988 1948
1989 1949
1990 1950
1991 1951
1992 1952
1993 1953
1994 1954
1995 1955
1996 1956
1997 1957
1998 1958
1999 1959
2000 1960
2001 1961
2002 1962
2003 1963
2004 1964
2005 1965
2006 1966
2007 4216
2008 1967
2009 1968
2010 1969
2011 1970
2012 1971
2013 1972
2014 1973
2015 1974
2016 1975
2017 1976
2018 1977
2019 1978
2020 1979
2021 1980
2022 1981
2023 1982
2024 1983
2025 1984
2026 1985
2027 1986
2028 1987
2029 1988
2030 1989
2031 1990
2032 1991
2033 1992
2034 1993
2035 1994
2036 1995
2037 1996
2038 1997
2039 1998
2040 1999
2041 2000
2042 2001
2043 2002
2044 2003
2045 2004
2046 2005
2047 2006
2048 2007
2049 2008
2050 2009
2051 2010
2052 2011
2053 2012
2054 2013
2055 2014
2056 2015
2057 2016
2058 2017
2059 2018
2060 2019
2061 2020
2062 2021
2063 2022
2064 2023
2065 2024
2066 2025
2067 2026
2068 2027
2069 2028
2070 2029
2071 2030
2072 2031
2073 2032
2074 2033
2075 2034
2076 2035
2077 2036
2078 2037
2079 2038
2080 2039
2081 2040
2082 2041
2083 2042
2084 2043
2085 2044
2086 2045
2087 2046
2088 2047
2089 2048
2090 2049
2091 2050
2092 2051
2093 2052
2094 2053
2095 2054
2096 2055
2097 2056
2098 2057
2099 2058
2100 2658
2101 2059
2102 2060
2103 2061
2104 2062
2105 2063
2106 2064
2107 2065
2108 2066
2109 2067
2110 2068
2111 2069
2112 2070
2113 2071
2114 2072
2115 2073
2116 2074
2117 2075
2118 2076
2119 2077
2120 2078
2121 2079
2122 2080
2123 2081
2124 2082
2125 2083
2126 2084
2127 2085
2128 2086
2129 2087
2130 2088
2131 2089
2132 2090
2133 2091
2134 2092
2135 2093
2136 2094
2137 2095
2138 2096
2139 2097
2140 2098
2141 2099
2142 2100
2143 2101
2144 2102
2145 2103
2146 2104
2147 2105
2148 2106
2149 2107
2150 2108
2151 2109
2152 2110
2153 2111
2154 2112
2155 2113
2156 2114
2157 2115
2158 2116
2159 2117
2160 2118
2161 2119
2162 2120
2163 2121
2164 2122
2165 2123
2166 2124
2167 2125
2168 2126
2169 2127
2170 2128
2171 2129
2172 2130
2173 2131
2174 2132
2175 2133
2176 2134
2177 2135
2178 2136
2179 2137
2180 2138
2181 2139
2182 2140
2183 2141
2184 2142
2185 2143
2186 2144
2187 2145
2188 2146
2189 2147
2190 4216
2191 2148
2192 2149
2193 2150
2194 2151
2195 2152
2196 2153
2197 2154
2198 2155
2199 2156
2200 2157
2201 2158
2202 2159
2203 4216
2204 2160
2205 2161
2206 2162
2207 2163
2208 2164
2209 4562
2210 2165
2211 2166
2212 2167
2213 2168
2214 2169
2215 2170
2216 2171
2217 2172
2218 2173
2219 2174
2220 2175
2221 2176
2222 2177
2223 2178
2224 2179
2225 2180
2226 2181
2227 2182
2228 2183
2229 2184
2230 2185
2231 2186
2232 2187
2233 2188
2234 2189
2235 2190
2236 2191
2237 2192
2238 2193
2239 2194
2240 2195
2241 2196
2242 2197
2243 2198
2244 2199
2245 2200
2246 2201
2247 2202
2248 2203
2249 2204
2250 2205
2251 2206
2252 2207
2253 2208
2254 2209
2255 2210
2256 4562
2257 2211
2258 2212
2259 2213
2260 2214
2261 2215
2262 2216
2263 2217
2264 2218
2265 2219
2266 2220
2267 2221
2268 2222
2269 2223
2270 2224
2271 2225
2272 2226
2273 2658
2274 2227
2275 2228
2276 2229
2277 2230
2278 2231
2279 2232
2280 2233
2281 2234
2282 2235
2283 2236
2284 2237
2285 2238
2286 2239
2287 2240
2288 2241
2289 2242
2290 2243
2291 2244
2292 2245
2293 2246
2294 2247
2295 2248
2296 2249
2297 2250
2298 2251
2299 2252
2300 2253
2301 2254
2302 2255
2303 2256
2304 2257
2305 2258
2306 2259
2307 2260
2308 2261
2309 2262
2310 2263
2311 2264
2312 2265
2313 2266
2314 2267
2315 2268
2316 2269
2317 2270
2318 2271
2319 2272
2320 2273
2321 2274
2322 2275
2323 2276
2324 2277
2325 2278
2326 2279
2327 2280
2328 2281
2329 2282
2330 2283
2331 2284
2332 2285
2333 4216
2334 2286
2335 4216
2336 2287
2337 2288
2338 2289
2339 2290
2340 2291
2341 2292
2342 2293
2343 2294
2344 2295
2345 2296
2346 2297
2347 2298
2348 2299
2349 2300
2350 2301
2351 2302
2352 2303
2353 2304
2354 2305
2355 2306
2356 2307
2357 2308
2358 4562
2359 2309
2360 2310
2361 2311
2362 2312
2363 2313
2364 2314
2365 2315
2366 2316
2367 2317
2368 2318
2369 2319
2370 2320
2371 2321
2372 2322
2373 2323
2374 2324
2375 4216
2376 2325
2377 2326
2378 2327
2379 2328
2380 2329
2381 2330
2382 2331
2383 2332
2384 2333
2385 2334
2386 2335
2387 2336
2388 2337
2389 2338
2390 2339
2391 2340
2392 2341
2393 2342
2394 2343
2395 2344
2396 2345
2397 2346
2398 2347
2399 2348
2400 2349
2401 2350
2402 2351
2403 2352
2404 2353
2405 2354
2406 2658
2407 2355
2408 2356
2409 2357
2410 2358
2411 2359
2412 2360
2413 2361
2414 4562
2415 2362
2416 2363
2417 2364
2418 2365
2419 2366
2420 2367
2421 2368
2422 2369
2423 2370
2424 2371
2425 2372
2426 2373
2427 2374
2428 2375
2429 2376
2430 2377
2431 2378
2432 2379
2433 2380
2434 2381
2435 2382
2436 2383
2437 2384
2438 2385
2439 2386
2440 2387
2441 2388
2442 2389
2443 2390
2444 2391
2445 2392
2446 2393
2447 2394
2448 2395
2449 2396
2450 2397
2451 2398
2452 2399
2453 2400
2454 2401
2455 2402
2456 2403
2457 2404
2458 2405
2459 2406
2460 2407
2461 2408
2462 2409
2463 2410
2464 2411
2465 2412
2466 2413
2467 2414
2468 2415
2469 2416
2470 2417
2471 2418
2472 2419
2473 2420
2474 2421
2475 2422
2476 2423
2477 2424
2478 2425
2479 2426
2480 2427
2481 2428
2482 2429
2483 2430
2484 2431
2485 2432
2486 2433
2487 2434
2488 2435
2489 2436
2490 2437
2491 2438
2492 2439
2493 2440
2494 2441
2495 2442
2496 2443
2497 2444
2498 2445
2499 2446
2500 2447
2501 2448
2502 2449
2503 2450
2504 2451
2505 2452
2506 2453
2507 2454
2508 2455
2509 2456
2510 2457
2511 2458
2512 2459
2513 2460
2514 4216
2515 2461
2516 2462
2517 2463
2518 2464
2519 2465
2520 2466
2521 2467
2522 2468
2523 2469
2524 2470
2525 2471
2526 2472
2527 2473
2528 2474
2529 2475
2530 2476
2531 2477
2532 2478
2533 2479
2534 2480
2535 2481
2536 4562
2537 2482
2538 2483
2539 2484
2540 2485
2541 2486
2542 2487
2543 2488
2544 2489
2545 2490
2546 2491
2547 2492
2548 2493
2549 2494
2550 2495
2551 2496
2552 2497
2553 2498
2554 2499
2555 2500
2556 2501
2557 2502
2558 2503
2559 2504
2560 2505
2561 2506
2562 2507
2563 2508
2564 2509
2565 2510
2566 2511
2567 2512
2568 2513
2569 2514
2570 2515
2571 2516
2572 2517
2573 2518
2574 2519
2575 2520
2576 2521
2577 2522
2578 2523
2579 2524
2580 2525
2581 2526
2582 2527
2583 2528
2584 2529
2585 2530
2586 2531
2587 2532
2588 2533
2589 2534
2590 2535
2591 2536
2592 2537
2593 2538
2594 2539
2595 2540
2596 2541
2597 2542
2598 2543
2599 2544
2600 2545
2601 2546
2602 2547
2603 2548
2604 2549
2605 2550
2606 2551
2607 2552
2608 2553
2609 2554
2610 2555
2611 2556
2612 2557
2613 2558
2614 2559
2615 2560
2616 2561
2617 2562
2618 4562
2619 2563
2620 2564
2621 2565
2622 2566
2623 2567
2624 2568
2625 2569
2626 2570
2627 2571
2628 2572
2629 2573
2630 2574
2631 2575
2632 2576
2633 2577
2634 2578
2635 2579
2636 2580
2637 2581
2638 2582
2639 2583
2640 2584
2641 2585
2642 2586
2643 2587
2644 2588
2645 2589
2646 2590
2647 2591
2648 2592
2649 2593
2650 2594
2651 2595
2652 2596
2653 2597
2654 2598
2655 2599
2656 2600
2657 4562
2658 2601
2659 2602
2660 2603
2661 2604
2662 2605
2663 2606
2664 2607
2665 4216
2666 2608
2667 2609
2668 2610
2669 2611
2670 2612
2671 2613
2672 2614
2673 2615
2674 2616
2675 2617
2676 2618
2677 2619
2678 2620
2679 2621
2680 2622
2681 2623
2682 2624
2683 2625
2684 2626
2685 2627
2686 4562
2687 2628
2688 2629
2689 2630
2690 2631
2691 2632
2692 2633
2693 2634
2694 2635
2695 2636
2696 2637
2697 2638
2698 2639
2699 2640
2700 2641
2701 2642
2702 2643
2703 2644
2704 4562
2705 2645
2706 2646
2707 2647
2708 2648
2709 2649
2710 2650
2711 2651
2712 2652
2713 2653
2714 2654
2715 2655
2716 2656
2717 2657
2718 2658
2719 2659
2720 2660
2721 2661
2722 2662
2723 2663
2724 2664
2725 2665
2726 2666
2727 2667
2728 2668
2729 2669
2730 2670
2731 2671
2732 2672
2733 2673
2734 2674
2735 2675
2736 2676
2737 2677
2738 2678
2739 2679
2740 2680
2741 2681
2742 2682
2743 2683
2744 2684
2745 2685
2746 2686
2747 2687
2748 2688
2749 2689
2750 2690
2751 4216
2752 2691
2753 2692
2754 2693
2755 2694
2756 2695
2757 2696
2758 2697
2759 2698
2760 2699
2761 2700
2762 2701
2763 2702
2764 2703
2765 2704
2766 2705
2767 2706
2768 2707
2769 2708
2770 2709
2771 2710
2772 2711
2773 2712
2774 2713
2775 2714
2776 2715
2777 2716
2778 2717
2779 2718
2780 2719
2781 2720
2782 2721
2783 2722
2784 2723
2785 2724
2786 2725
2787 2726
2788 2727
2789 2728
2790 2729
2791 2730
2792 2731
2793 2732
2794 2733
2795 2734
2796 2735
2797 2736
2798 2737
2799 2738
2800 2739
2801 2740
2802 2741
2803 2742
2804 2743
2805 2744
2806 2745
2807 2746
2808 2747
2809 2748
2810 2749
2811 2750
2812 2751
2813 2752
2814 2753
2815 2754
2816 2755
2817 2756
2818 2757
2819 2758
2820 2759
2821 2760
2822 2761
2823 2762
2824 2763
2825 2764
2826 2765
2827 2766
2828 2767
2829 2768
2830 2769
2831 2770
2832 2771
2833 2772
2834 2773
2835 2774
2836 2775
2837 2776
2838 2777
2839 2778
2840 2779
2841 2780
2842 2781
2843 2782
2844 2783
2845 2784
2846 2785
2847 2786
2848 2787
2849 2788
2850 2789
2851 2790
2852 2791
2853 2792
2854 2793
2855 2794
2856 2795
2857 2796
2858 2797
2859 2798
2860 2799
2861 2800
2862 2801
2863 2802
2864 2803
2865 2804
2866 2805
2867 2806
2868 2807
2869 2808
2870 2809
2871 2810
2872 2811
2873 2812
2874 2813
2875 2814
2876 2815
2877 2816
2878 2817
2879 2818
2880 2819
2881 2820
2882 2821
2883 2822
2884 2823
2885 2824
2886 2825
2887 2826
2888 2827
2889 2828
2890 2829
2891 2830
2892 2831
2893 2832
2894 2833
2895 2834
2896 2835
2897 2836
2898 2837
2899 2838
2900 2839
2901 2840
2902 2841
2903 2842
2904 2843
2905 2844
2906 2845
2907 2846
2908 2847
2909 2848
2910 2849
2911 2850
2912 2851
2913 2852
2914 2853
2915 2854
2916 2855
2917 2856
2918 2857
2919 2858
2920 2859
2921 2860
2922 2861
2923 2862
2924 2863
2925 2864
2926 2865
2927 2866
2928 2867
2929 2868
2930 2869
2931 2870
2932 2871
2933 2872
2934 4562
2935 2873
2936 2874
2937 2875
2938 2876
2939 2877
2940 2878
2941 2879
2942 4216
2943 2880
2944 2881
2945 2882
2946 2883
2947 2658
2948 2884
2949 2885
2950 2886
2951 2887
2952 2888
2953 2889
2954 2890
2955 2891
2956 2892
2957 2893
2958 2894
2959 2895
2960 2896
2961 2897
2962 2898
2963 2899
2964 2900
2965 2901
2966 2902
2967 2903
2968 2904
2969 2905
2970 2906
2971 2907
2972 2908
2973 2909
2974 2910
2975 2911
2976 4562
2977 2912
2978 2913
2979 2914
2980 2915
2981 2916
2982 2917
2983 2918
2984 2919
2985 2920
2986 2921
2987 2922
2988 2923
2989 2924
2990 2925
2991 2926
2992 2927
2993 2928
2994 2929
2995 2930
2996 2931
2997 2932
2998 2933
2999 2934
3000 2935
3001 2936
3002 2937
3003 2938
3004 2939
3005 2940
3006 2941
3007 2942
3008 2943
3009 2944
3010 2945
3011 2946
3012 2947
3013 2948
3014 2949
3015 2950
3016 4216
3017 2951
3018 2952
3019 2953
3020 2954
3021 2955
3022 2956
3023 2957
3024 2958
3025 2959
3026 2960
3027 2961
3028 2962
3029 2963
3030 2964
3031 2965
3032 2966
3033 2967
3034 2968
3035 2969
3036 2970
3037 2971
3038 2972
3039 2973
3040 2974
3041 2975
3042 2976
3043 2977
3044 2978
3045 2979
3046 2980
3047 2981
3048 2982
3049 2983
3050 2984
3051 2985
3052 2986
3053 2987
3054 2988
3055 2989
3056 2990
3057 2991
3058 2992
3059 2993
3060 2994
3061 2995
3062 2996
3063 2997
3064 2998
3065 2999
3066 3000
3067 3001
3068 3002
3069 3003
3070 3004
3071 3005
3072 3006
3073 3007
3074 3008
3075 3009
3076 3010
3077 3011
3078 3012
3079 3013
3080 3014
3081 3015
3082 3016
3083 4216
3084 3017
3085 3018
3086 3019
3087 3020
3088 3021
3089 3022
3090 3023
3091 3024
3092 3025
3093 3026
3094 3027
3095 3028
3096 3029
3097 3030
3098 3031
3099 4562
3100 4216
3101 3033
3102 3034
3103 3035
3104 3036
3105 3037
3106 3038
3107 3039
3108 3040
3109 3041
3110 3042
3111 3043
3112 3044
3113 3045
3114 3046
3115 3047
3116 3048
3117 3049
3118 3050
3119 3051
3120 3052
3121 3053
3122 3054
3123 3055
3124 3056
3125 3057
3126 3058
3127 3059
3128 3060
3129 3061
3130 3062
3131 3063
3132 3064
3133 3065
3134 3066
3135 3067
3136 3068
3137 3069
3138 3070
3139 3071
3140 3072
3141 3073
3142 3074
3143 3075
3144 3076
3145 3077
3146 3078
3147 3079
3148 3080
3149 3081
3150 3082
3151 3083
3152 3084
3153 3085
3154 3086
3155 3087
3156 3088
3157 3089
3158 3090
3159 4216
3160 3091
3161 3092
3162 3093
3163 3094
3164 3095
3165 3096
3166 3097
3167 3098
3168 3099
3169 3100
3170 3101
3171 3102
3172 3103
3173 3104
3174 3105
3175 3106
3176 3107
3177 3108
3178 3109
3179 3110
3180 3111
3181 3112
3182 3113
3183 3114
3184 3115
3185 3116
3186 3117
3187 3118
3188 3119
3189 3120
3190 3121
3191 3122
3192 3123
3193 3124
3194 3125
3195 3126
3196 4562
3197 3127
3198 3128
3199 3129
3200 3130
3201 3131
3202 3132
3203 3133
3204 3134
3205 3135
3206 3136
3207 3137
3208 3138
3209 3139
3210 3140
3211 3141
3212 3142
3213 3143
3214 3144
3215 3145
3216 3146
3217 3147
3218 3148
3219 3149
3220 3150
3221 3151
3222 3152
3223 3153
3224 3154
3225 3155
3226 3156
3227 3157
3228 3158
3229 3159
3230 3160
3231 4562
3232 3161
3233 3162
3234 3163
3235 3164
3236 3165
3237 4562
3238 3166
3239 3167
3240 3168
3241 3169
3242 3170
3243 3171
3244 3172
3245 3173
3246 3174
3247 3175
3248 3176
3249 3177
3250 3178
3251 3179
3252 3180
3253 3181
3254 3182
3255 3183
3256 3184
3257 3185
3258 3186
3259 3187
3260 3188
3261 3189
3262 3190
3263 3191
3264 3192
3265 3193
3266 3194
3267 3195
3268 3196
3269 3197
3270 3198
3271 3199
3272 3200
3273 3201
3274 3202
3275 3203
3276 3204
3277 3205
3278 3206
3279 3207
3280 3208
3281 3209
3282 3210
3283 3211
3284 3212
3285 3213
3286 3214
3287 3215
3288 3216
3289 3217
3290 3218
3291 3219
3292 3220
3293 3221
3294 3222
3295 3223
3296 3224
3297 3225
3298 3226
3299 3227
3300 3228
3301 3229
3302 3230
3303 3231
3304 3232
3305 3233
3306 3234
3307 3235
3308 3236
3309 3237
3310 3238
3311 3239
3312 3240
3313 3241
3314 3242
3315 3243
3316 3244
3317 3245
3318 3246
3319 3247
3320 3248
3321 3249
3322 3250
3323 3251
3324 3252
3325 3253
3326 3254
3327 3255
3328 3256
3329 3257
3330 3258
3331 3259
3332 3260
3333 3261
3334 3262
3335 3263
3336 3264
3337 3265
3338 3266
3339 3267
3340 3268
3341 3269
3342 3270
3343 3271
3344 3272
3345 3273
3346 3274
3347 4216
3348 3275
3349 3276
3350 3277
3351 3278
3352 3279
3353 3280
3354 3281
3355 3282
3356 3283
3357 3284
3358 3285
3359 3286
3360 3287
3361 3288
3362 3289
3363 3290
3364 3291
3365 3292
3366 4216
3367 3293
3368 4562
3369 3294
3370 3295
3371 3296
3372 3297
3373 3298
3374 3299
3375 3300
3376 3301
3377 3302
3378 3303
3379 3304
3380 3305
3381 3306
3382 3307
3383 3308
3384 3309
3385 3310
3386 3311
3387 3312
3388 3313
3389 3314
3390 3315
3391 3316
3392 3317
3393 3318
3394 3319
3395 3320
3396 3321
3397 3322
3398 3323
3399 3324
3400 3325
3401 3326
3402 3327
3403 3328
3404 3329
3405 3330
3406 3331
3407 3332
3408 3333
3409 3334
3410 3335
3411 3336
3412 3337
3413 3338
3414 3339
3415 3340
3416 3341
3417 3342
3418 3343
3419 3344
3420 3345
3421 3346
3422 3347
3423 3348
3424 3349
3425 3350
3426 3351
3427 3352
3428 3353
3429 3354
3430 3355
3431 3356
3432 3357
3433 3358
3434 3359
3435 3360
3436 3361
3437 4562
3438 3362
3439 3363
3440 3364
3441 3365
3442 3366
3443 3367
3444 3368
3445 3369
3446 3370
3447 3371
3448 3372
3449 3373
3450 3374
3451 3375
3452 3376
3453 3377
3454 3378
3455 3379
3456 4562
3457 3380
3458 3381
3459 3382
3460 3383
3461 3384
3462 3385
3463 3386
3464 3387
3465 3388
3466 3389
3467 3390
3468 3391
3469 3392
3470 3393
3471 3394
3472 3395
3473 3396
3474 3397
3475 3398
3476 3399
3477 3400
3478 3401
3479 3402
3480 3403
3481 3404
3482 3405
3483 3406
3484 3407
3485 3408
3486 3409
3487 3410
3488 3411
3489 3412
3490 3413
3491 3414
3492 3415
3493 3416
3494 3417
3495 3418
3496 3419
3497 3420
3498 3421
3499 3422
3500 3423
3501 3424
3502 3425
3503 3426
3504 3427
3505 3428
3506 3429
3507 3430
3508 3431
3509 3432
3510 3433
3511 4216
3512 3434
3513 3435
3514 3436
3515 3437
3516 3438
3517 3439
3518 3440
3519 3441
3520 3442
3521 3443
3522 3444
3523 3445
3524 3446
3525 4562
3526 3447
3527 3448
3528 3449
3529 3450
3530 3451
3531 3452
3532 3453
3533 3454
3534 3455
3535 3456
3536 3457
3537 3458
3538 3459
3539 3460
3540 3461
3541 3462
3542 3463
3543 3464
3544 3465
3545 3466
3546 3467
3547 3468
3548 3469
3549 3470
3550 3471
3551 3472
3552 3473
3553 3474
3554 3475
3555 3476
3556 3477
3557 3478
3558 3479
3559 3480
3560 3481
3561 2658
3562 3482
3563 3483
3564 3484
3565 3485
3566 3486
3567 3487
3568 3488
3569 3489
3570 3490
3571 3491
3572 3492
3573 3493
3574 3494
3575 3495
3576 3496
3577 3497
3578 3498
3579 3499
3580 3500
3581 3501
3582 3502
3583 3503
3584 3504
3585 3505
3586 3506
3587 3507
3588 3508
3589 3509
3590 3510
3591 4216
3592 3511
3593 3512
3594 3513
3595 3514
3596 3515
3597 3516
3598 3517
3599 3518
3600 3519
3601 3520
3602 3521
3603 3522
3604 3523
3605 3524
3606 3525
3607 3526
3608 3527
3609 3528
3610 3529
3611 3530
3612 3531
3613 3532
3614 3533
3615 3534
3616 3535
3617 3536
3618 3537
3619 3538
3620 3539
3621 3540
3622 3541
3623 3542
3624 3543
3625 3544
3626 3545
3627 3546
3628 3547
3629 3548
3630 3549
3631 3550
3632 3551
3633 3552
3634 3553
3635 3554
3636 3555
3637 3556
3638 3557
3639 3558
3640 3559
3641 3560
3642 3561
3643 3562
3644 3563
3645 3564
3646 3565
3647 3566
3648 3567
3649 3568
3650 3569
3651 3570
3652 3571
3653 3572
3654 3573
3655 3574
3656 3575
3657 3576
3658 3577
3659 3578
3660 3579
3661 3580
3662 3581
3663 3582
3664 3583
3665 3584
3666 3585
3667 3586
3668 3587
3669 3588
3670 3589
3671 3590
3672 3591
3673 3592
3674 3593
3675 3594
3676 3595
3677 3596
3678 3597
3679 3598
3680 3599
3681 3600
3682 3601
3683 3602
3684 3603
3685 3604
3686 3605
3687 3606
3688 3607
3689 3608
3690 3609
3691 3610
3692 3611
3693 3612
3694 3613
3695 3614
3696 3615
3697 3616
3698 3617
3699 3618
3700 3619
3701 3620
3702 3621
3703 3622
3704 3623
3705 3624
3706 3625
3707 3626
3708 3627
3709 3628
3710 3629
3711 3630
3712 3631
3713 3632
3714 3633
3715 3634
3716 3635
3717 3636
3718 3637
3719 3638
3720 3639
3721 3640
3722 3641
3723 3642
3724 3643
3725 3644
3726 3645
3727 3646
3728 3647
3729 3648
3730 3649
3731 3650
3732 3651
3733 3652
3734 4216
3735 3653
3736 3654
3737 3655
3738 3656
3739 3657
3740 3658
3741 3659
3742 3660
3743 3661
3744 3662
3745 3663
3746 3664
3747 3665
3748 3666
3749 3667
3750 3668
3751 3669
3752 3670
3753 3671
3754 3672
3755 3673
3756 3674
3757 3675
3758 3676
3759 3677
3760 3678
3761 3679
3762 3680
3763 3681
3764 3682
3765 3683
3766 3684
3767 3685
3768 3686
3769 3687
3770 3688
3771 3689
3772 3690
3773 3691
3774 3692
3775 3693
3776 3694
3777 3695
3778 3696
3779 3697
3780 3698
3781 3699
3782 3700
3783 3701
3784 3702
3785 3703
3786 3704
3787 3705
3788 3706
3789 3707
3790 3708
3791 3709
3792 3710
3793 3711
3794 3712
3795 3713
3796 3714
3797 3715
3798 3716
3799 3717
3800 3718
3801 3719
3802 3720
3803 3721
3804 3722
3805 3723
3806 3724
3807 3725
3808 3726
3809 3727
3810 3728
3811 4562
3812 3729
3813 3730
3814 3731
3815 3732
3816 3733
3817 3734
3818 3735
3819 3736
3820 3737
3821 3738
3822 3739
3823 3740
3824 3741
3825 3742
3826 3743
3827 3744
3828 3745
3829 3746
3830 3747
3831 3748
3832 3749
3833 3750
3834 3751
3835 3752
3836 3753
3837 3754
3838 3755
3839 3756
3840 3757
3841 3758
3842 3759
3843 3760
3844 3761
3845 3762
3846 3763
3847 3764
3848 3765
3849 3766
3850 3767
3851 3768
3852 3769
3853 3770
3854 3771
3855 3772
3856 3773
3857 3774
3858 3775
3859 3776
3860 3777
3861 3778
3862 3779
3863 3780
3864 3781
3865 3782
3866 3032
3867 3783
3868 3784
3869 3785
3870 3786
3871 3787
3872 3788
3873 3789
3874 3790
3875 3791
3876 3792
3877 3793
3878 3794
3879 3795
3880 3796
3881 3797
3882 3798
3883 3799
3884 3800
3885 3801
3886 3802
3887 3803
3888 3804
3889 3805
3890 3806
3891 3807
3892 3808
3893 3809
3894 3810
3895 3811
3896 4216
3897 3812
3898 3813
3899 3814
3900 3815
3901 3816
3902 3817
3903 3818
3904 3819
3905 3820
3906 3821
3907 3822
3908 3823
3909 3824
3910 3825
3911 3826
3912 3827
3913 3828
3914 3829
3915 3830
3916 4216
3917 3831
3918 3832
3919 3833
3920 3834
3921 3835
3922 3836
3923 3837
3924 3838
3925 3839
3926 3840
3927 3841
3928 3842
3929 3843
3930 3844
3931 3845
3932 3846
3933 3847
3934 3848
3935 3849
3936 3850
3937 4562
3938 3851
3939 3852
3940 3853
3941 3854
3942 3855
3943 3856
3944 3857
3945 3858
3946 3859
3947 3860
3948 3861
3949 3862
3950 3863
3951 3864
3952 4216
3953 3865
3954 3866
3955 3867
3956 4216
3957 3868
3958 3869
3959 3870
3960 3871
3961 3872
3962 3873
3963 3874
3964 3875
3965 3876
3966 3877
3967 3878
3968 3879
3969 3880
3970 3881
3971 3882
3972 3883
3973 3884
3974 3885
3975 3886
3976 3887
3977 3888
3978 3889
3979 3890
3980 3891
3981 3892
3982 3893
3983 3894
3984 3895
3985 3896
3986 3897
3987 3898
3988 3899
3989 3900
3990 3901
3991 3902
3992 3903
3993 3904
3994 3905
3995 3906
3996 3907
3997 3908
3998 3909
3999 3910
4000 3911
4001 3912
4002 3913
4003 3914
4004 3915
4005 3916
4006 3917
4007 3918
4008 3919
4009 3920
4010 3921
4011 3922
4012 3923
4013 3924
4014 3925
4015 3926
4016 3927
4017 3928
4018 3929
4019 3930
4020 3931
4021 3932
4022 3933
4023 3934
4024 3935
4025 3936
4026 3937
4027 3938
4028 3939
4029 3940
4030 3941
4031 3942
4032 3943
4033 3944
4034 3945
4035 3946
4036 3947
4037 3948
4038 3949
4039 3950
4040 3951
4041 3952
4042 3953
4043 3954
4044 3955
4045 3956
4046 3957
4047 3958
4048 3959
4049 3960
4050 3961
4051 3962
4052 3963
4053 3964
4054 3965
4055 3966
4056 3967
4057 3968
4058 3969
4059 3970
4060 3971
4061 3972
4062 3973
4063 3974
4064 3975
4065 3976
4066 3977
4067 3978
4068 3979
4069 3980
4070 3981
4071 3982
4072 3983
4073 3984
4074 3985
4075 3986
4076 3987
4077 3988
4078 3989
4079 3990
4080 3991
4081 3992
4082 3993
4083 4562
4084 3994
4085 3995
4086 3996
4087 3997
4088 3998
4089 3999
4090 4000
4091 4001
4092 4002
4093 4003
4094 4004
4095 4005
4096 4006
4097 4007
4098 4008
4099 4009
4100 4010
4101 4011
4102 4012
4103 4013
4104 4014
4105 4015
4106 4016
4107 4017
4108 4018
4109 4019
4110 4020
4111 4021
4112 4022
4113 4023
4114 4024
4115 4562
4116 4025
4117 4026
4118 4027
4119 4028
4120 4029
4121 4030
4122 4031
4123 4032
4124 4033
4125 4034
4126 4035
4127 4036
4128 4037
4129 4038
4130 4039
4131 4040
4132 4041
4133 4042
4134 4043
4135 4044
4136 4045
4137 4046
4138 4047
4139 4048
4140 4049
4141 4050
4142 4051
4143 4052
4144 4053
4145 4054
4146 4055
4147 4056
4148 4057
4149 4058
4150 4059
4151 4060
4152 4061
4153 4062
4154 4063
4155 4064
4156 4065
4157 4066
4158 4067
4159 4068
4160 4069
4161 4070
4162 4071
4163 4072
4164 4073
4165 4074
4166 4075
4167 4076
4168 4077
4169 4078
4170 4079
4171 4080
4172 4081
4173 4082
4174 4083
4175 4084
4176 4085
4177 4562
4178 4086
4179 4087
4180 4088
4181 4089
4182 4090
4183 4091
4184 4092
4185 4093
4186 4094
4187 4095
4188 4096
4189 4097
4190 3032
4191 4098
4192 4099
4193 4100
4194 4101
4195 4102
4196 4103
4197 4104
4198 4105
4199 4106
4200 4107
4201 4108
4202 4109
4203 4110
4204 4111
4205 4112
4206 4113
4207 4114
4208 4115
4209 4116
4210 4117
4211 4118
4212 4119
4213 4120
4214 4121
4215 4122
4216 4123
4217 4124
4218 4125
4219 4126
4220 4127
4221 4128
4222 4129
4223 4130
4224 4216
4225 4131
4226 4132
4227 4133
4228 4216
4229 4134
4230 4135
4231 4136
4232 4137
4233 4138
4234 4139
4235 4140
4236 4216
4237 4141
4238 4142
4239 4143
4240 4144
4241 4145
4242 4146
4243 4147
4244 4148
4245 4149
4246 4150
4247 4151
4248 4152
4249 4153
4250 4154
4251 4155
4252 4156
4253 4157
4254 4158
4255 4159
4256 4160
4257 4161
4258 4162
4259 4163
4260 4164
4261 4165
4262 4166
4263 4167
4264 4168
4265 4169
4266 4170
4267 4171
4268 4172
4269 4173
4270 4174
4271 4175
4272 4176
4273 4177
4274 4178
4275 4216
4276 4179
4277 4180
4278 4181
4279 4182
4280 4183
4281 4184
4282 4185
4283 4186
4284 4187
4285 4188
4286 4189
4287 4190
4288 4191
4289 4192
4290 4193
4291 4194
4292 4195
4293 4196
4294 4197
4295 4198
4296 4199
4297 4200
4298 4201
4299 4202
4300 4203
4301 4204
4302 4205
4303 4216
4304 4206
4305 4207
4306 4208
4307 4209
4308 4210
4309 4211
4310 4212
4311 4213
4312 4214
4313 4215
4314 4216
4315 4217
4316 4218
4317 4219
4318 4220
4319 4221
4320 4222
4321 4223
4322 4224
4323 4225
4324 4226
4325 4227
4326 4228
4327 4229
4328 4230
4329 4231
4330 4232
4331 4233
4332 4234
4333 4235
4334 4236
4335 4237
4336 4238
4337 4239
4338 4240
4339 4241
4340 4242
4341 4243
4342 4244
4343 4245
4344 4246
4345 4247
4346 4248
4347 4249
4348 4250
4349 4251
4350 4252
4351 4253
4352 4254
4353 4216
4354 4216
4355 4255
4356 4256
4357 4257
4358 4258
4359 4259
4360 4260
4361 4261
4362 4262
4363 4263
4364 4264
4365 4265
4366 4266
4367 4267
4368 4268
4369 4269
4370 4270
4371 4271
4372 4272
4373 4273
4374 4274
4375 4275
4376 4276
4377 4277
4378 4278
4379 4279
4380 4280
4381 4281
4382 4282
4383 4283
4384 4284
4385 4285
4386 4286
4387 4287
4388 4288
4389 4289
4390 4290
4391 4291
4392 4292
4393 4293
4394 4294
4395 4295
4396 4296
4397 4297
4398 4298
4399 4299
4400 4300
4401 4301
4402 4302
4403 4303
4404 4304
4405 4305
4406 4306
4407 4307
4408 4308
4409 4309
4410 3032
4411 4310
4412 4311
4413 4312
4414 4313
4415 4314
4416 4315
4417 2658
4418 4316
4419 4317
4420 4318
4421 4319
4422 4320
4423 4321
4424 4322
4425 4323
4426 4324
4427 4325
4428 4326
4429 4327
4430 4328
4431 4329
4432 4330
4433 4331
4434 4332
4435 4333
4436 4334
4437 4335
4438 4336
4439 4337
4440 4338
4441 4339
4442 4340
4443 4341
4444 4342
4445 4343
4446 4344
4447 4345
4448 4346
4449 4347
4450 4348
4451 4349
4452 4350
4453 4351
4454 4352
4455 4353
4456 4354
4457 4355
4458 4356
4459 4357
4460 4358
4461 4359
4462 4360
4463 4361
4464 4362
4465 4363
4466 4364
4467 4562
4468 4365
4469 4366
4470 4367
4471 4562
4472 4368
4473 4369
4474 4370
4475 4371
4476 4372
4477 4373
4478 4374
4479 4375
4480 4376
4481 4377
4482 4378
4483 4379
4484 4380
4485 4381
4486 4382
4487 4383
4488 4384
4489 4385
4490 4386
4491 4387
4492 4388
4493 4389
4494 4390
4495 4391
4496 4392
4497 4393
4498 4394
4499 4395
4500 4396
4501 4397
4502 4398
4503 4399
4504 4400
4505 4401
4506 4402
4507 4403
4508 4404
4509 4405
4510 4406
4511 4407
4512 4408
4513 4409
4514 4410
4515 4411
4516 4412
4517 4413
4518 4414
4519 4415
4520 4416
4521 4417
4522 4418
4523 4419
4524 4420
4525 4421
4526 4422
4527 4423
4528 4424
4529 4425
4530 4426
4531 4427
4532 4428
4533 4429
4534 4430
4535 4431
4536 4432
4537 4562
4538 4433
4539 4434
4540 4435
4541 4436
4542 4437
4543 4438
4544 4439
4545 4440
4546 4441
4547 4442
4548 4443
4549 4444
4550 4445
4551 4446
4552 4447
4553 4448
4554 4449
4555 4450
4556 4451
4557 4452
4558 4453
4559 4454
4560 4455
4561 4456
4562 4457
4563 4458
4564 4459
4565 4460
4566 4461
4567 4462
4568 4463
4569 4464
4570 4465
4571 4466
4572 4467
4573 4468
4574 4469
4575 4470
4576 4471
4577 4472
4578 4473
4579 4474
4580 4475
4581 4476
4582 4477
4583 4478
4584 4479
4585 4480
4586 4481
4587 4482
4588 4483
4589 4484
4590 4485
4591 4486
4592 4487
4593 4488
4594 4489
4595 4490
4596 4491
4597 4492
4598 4493
4599 4494
4600 4495
4601 4496
4602 4497
4603 4498
4604 4499
4605 4500
4606 4501
4607 4502
4608 4503
4609 4504
4610 4505
4611 4506
4612 4507
4613 4508
4614 4509
4615 4510
4616 4511
4617 4512
4618 4513
4619 4514
4620 4515
4621 4516
4622 4517
4623 4518
4624 4519
4625 4520
4626 4521
4627 4522
4628 4523
4629 4524
4630 4525
4631 4526
4632 4527
4633 4528
4634 4529
4635 4530
4636 4531
4637 4532
4638 4533
4639 4534
4640 4535
4641 4536
4642 4537
4643 4538
4644 3032
4645 4539
4646 4540
4647 4541
4648 4542
4649 4543
4650 4544
4651 4545
4652 4546
4653 4547
4654 4548
4655 4549
4656 4550
4657 4551
4658 4552
4659 4553
4660 4554
4661 4555
4662 4556
4663 4557
4664 4558
4665 4559
4666 4560
4667 4561
4668 4562
4669 4563
4670 4564
4671 4565
4672 4566
4673 4567
4674 4568
4675 4569
4676 4570
4677 4571
4678 4572
4679 4573
4680 4574
4681 4575
4682 4576
4683 4577
4684 4578
4685 4579
4686 4580
4687 4581
4688 4582
4689 4583
4690 4584
4691 4585
4692 4586
4693 4587
4694 4588
4695 4589
4696 4590
4697 4562
4698 4591
4699 4592
4700 4593
4701 4594
4702 4595
4703 4596
4704 4597
4705 4598
4706 4599
4707 4600
4708 4601
4709 4602
4710 4603
4711 4604
4712 4605
4713 4606
4714 4607
4715 4608
4716 4609
4717 4610
4718 4611
4719 4612
4720 4613
4721 4614
4722 4615
4723 4616
4724 4617
4725 4618
4726 4619
4727 4216
4728 4620
4729 4621
4730 4622
4731 4623
4732 4624
4733 4625
4734 4626
4735 4627
4736 4628
4737 4629
4738 4630
4739 4631
4740 4632
4741 4633
4742 4634
4743 4562
4744 4635
4745 4636
4746 4637
4747 4638
4748 4639
4749 4640
4750 4641
4751 4642
4752 4643
4753 4644
4754 4645
4755 4646
4756 4647
4757 4648
4758 4649
4759 4650
4760 4651
4761 4652
4762 4653
4763 4654
4764 4655
4765 4656
4766 4657
4767 4658
4768 4659
4769 4660
4770 4661
4771 4662
4772 4663
4773 4664
4774 4665
4775 4666
4776 4667
4777 4668
4778 4669
4779 4670
4780 4671
4781 4672
4782 4673
4783 4674
4784 4675
4785 4676
4786 4677
4787 4678
4788 4679
4789 4680
4790 4681
4791 4682
4792 4683
4793 4684
4794 4685
4795 4686
4796 4687
4797 4688
4798 4689
4799 4690
4800 4691
4801 4692
4802 4216
4803 4693
4804 4694
4805 4695
4806 4696
4807 4697
4808 4698
4809 4699
4810 4700
4811 4701
4812 4702
4813 4703
4814 4704
4815 4705
4816 4706
4817 4707
4818 4708
4819 4709
4820 4710
4821 4711
4822 4712
4823 4713
4824 4714
4825 4715
4826 4716
4827 4717
4828 4718
4829 4719
4830 4720
4831 4721
4832 4722
4833 4723
4834 4724
4835 4725
4836 4726
4837 4727
4838 4728
4839 4729
4840 4730
4841 4731
4842 4732
4843 4733
4844 4734
4845 4735
4846 4736
4847 4737
4848 4738
4849 4739
4850 4740
4851 4741
4852 4742
4853 4743
4854 4744
4855 4745
4856 4746
4857 4747
4858 4748
4859 4749
4860 4750
4861 4751
4862 4752
4863 4753
4864 4754
4865 4755
4866 4756
4867 4216
4868 4757
4869 4758
4870 4759
4871 4760
4872 4761
4873 4762
4874 4763
4875 4764
4876 4765
4877 4766
4878 4767
4879 4768
4880 4769
4881 4770
4882 4771
4883 4772
4884 4773
4885 4774
4886 4775
4887 4776
4888 4777
4889 4778
4890 4779
4891 4780
4892 4781
4893 4782
4894 4783
4895 4784
4896 4785
4897 4786
4898 4787
4899 4788
4900 4789
4901 4790
4902 4791
4903 4792
4904 4793
4905 4794
4906 4795
4907 4796
4908 4797
4909 4798
4910 4799
4911 4800
4912 4216
4913 4801
4914 4802
4915 4803
4916 4804
4917 4805
4918 4806
4919 4807
4920 4808
4921 4809
4922 4810
4923 4811
4924 4812
4925 4813
4926 4814
4927 4815
4928 4816
4929 4817
4930 4818
4931 4819
4932 4820
4933 4821
4934 4822
4935 4823
4936 4824
4937 4825
4938 4826
4939 4827
4940 4828
4941 4829
4942 4830
4943 4831
4944 4562
4945 4832
4946 4833
4947 4834
4948 4835
4949 4836
4950 4837
4951 4838
4952 4839
4953 4840
4954 4841
4955 4842
4956 4843
4957 4844
4958 4845
4959 4846
4960 4847
4961 4848
4962 4849
4963 4850
4964 4851
4965 4852
4966 4853
4967 4854
4968 4855
4969 4856
4970 4562
4971 4857
4972 4858
4973 4859
4974 4860
4975 4861
4976 4862
4977 4863
4978 4864
4979 4865
4980 4866
4981 4867
4982 4868
4983 4869
4984 4870
4985 4871
4986 4872
4987 4873
4988 4874
4989 4875
4990 4876
4991 4877
4992 4878
4993 4879
4994 4880
4995 4881
4996 4882
4997 4883
4998 4884
4999 4885
5000 4886
5001 4887
5002 4888
5003 4889
5004 4890
5005 4891
5006 4892
5007 4893
5008 4894
5009 4895
5010 4896
5011 4897
5012 4898
5013 4899
5014 4900
5015 4901
5016 4902
5017 4903
5018 4904
5019 4905
5020 4906
5021 4907
5022 4908
5023 4909
5024 4910
5025 4911
5026 4912
5027 4913
5028 4914
5029 4915
5030 4916
5031 4917
5032 4918
5033 4919
5034 4920
5035 4921
5036 4922
5037 4923
5038 4924
5039 4925
5040 4926
5041 4927
5042 4928
5043 4929
5044 4930
5045 4931
5046 4932
5047 4933
5048 4934
5049 4935
5050 4936
5051 4937
5052 4938
5053 4939
5054 4940
5055 4941
5056 4942
5057 4943
5058 4944
5059 4945
5060 4946
5061 4947
5062 4948
5063 3032
5064 4949
5065 4950
5066 4951
5067 4216
5068 4952
5069 4953
5070 4954
5071 4955
5072 4956
5073 4957
5074 4958
5075 4959
5076 4960
5077 4961
5078 4962
5079 4963
5080 4964
5081 4965
5082 4966
5083 4967
5084 4968
5085 4969
5086 4970
5087 4971
5088 4972
5089 4973
5090 4974
5091 4975
5092 4976
5093 4977
5094 4978
5095 4979
5096 4980
5097 4981
5098 4562
5099 4982
5100 4983
5101 4984
5102 4985
5103 4986
5104 4987
5105 4988
5106 4989
5107 4990
5108 4991
5109 4992
5110 4993
5111 4994
5112 4995
5113 4996
5114 4997
5115 4998
5116 4999
5117 5000
5118 5001
5119 5002
5120 5003
5121 5004
5122 5005
5123 5006
5124 5007
5125 5008
5126 5009
5127 5010
5128 5011
5129 5012
5130 5013
5131 5014
5132 5015
5133 5016
5134 5017
5135 5018
5136 5019
5137 5020
5138 5021
5139 5022
5140 5023
5141 5024
5142 5025
5143 5026
5144 5027
5145 5028
5146 5029
5147 5030
5148 5031
5149 5032
5150 5033
5151 5034
5152 5035
5153 5036
5154 5037
5155 5038
5156 5039
5157 5040
5158 5041
5159 5042
5160 5043
5161 5044
5162 5045
5163 5046
5164 5047
5165 5048
5166 5049
5167 5050
5168 5051
5169 5052
5170 5053
5171 5054
5172 5055
5173 5056
5174 5057
5175 5058
5176 5059
5177 5060
5178 5061
5179 5062
5180 5063
5181 5064
5182 5065
5183 5066
5184 5067
5185 5068
5186 5069
5187 5070
5188 5071
5189 5072
5190 5073
5191 5074
5192 5075
5193 5076
5194 5077
5195 5078
5196 5079
5197 5080
5198 5081
5199 5082
5200 5083
5201 5084
5202 5085
5203 5086
5204 5087
5205 5088
5206 5089
5207 5090
5208 5091
5209 4216
5210 5092
5211 5093
5212 5094
5213 5095
5214 5096
5215 5097
5216 5098
5217 5099
5218 5100
5219 5101
5220 5102
5221 5103
5222 5104
5223 4216
