0 0
1 1
2 2
3 3
4 4
5 5
6 6
7 7
8 8
9 9
10 10
11 11
12 12
13 13
14 14
15 15
16 16
17 17
18 18
19 19
20 20
21 21
22 22
23 23
24 24
25 25
26 26
27 27
28 28
29 29
30 30
31 31
32 32
33 33
34 34
35 35
36 36
37 37
38 38
39 39
40 40
41 41
42 42
43 43
44 44
45 45
46 46
47 47
48 48
49 49
50 50
51 1885
52 51
53 52
54 53
55 54
56 55
57 56
58 57
59 58
60 59
61 60
62 61
63 62
64 63
65 64
66 65
67 1885
68 66
69 67
70 68
71 69
72 70
73 71
74 72
75 73
76 74
77 75
78 76
79 77
80 78
81 79
82 80
83 81
84 82
85 2415
86 83
87 84
88 85
89 86
90 87
91 88
92 89
93 90
94 91
95 92
96 93
97 94
98 95
99 96
100 97
101 98
102 99
103 100
104 101
105 102
106 103
107 104
108 105
109 106
110 107
111 108
112 109
113 110
114 111
115 112
116 113
117 114
118 115
119 116
120 117
121 118
122 119
123 120
124 121
125 122
126 2210
127 123
128 124
129 125
130 126
131 127
132 128
133 129
134 130
135 131
136 132
137 133
138 134
139 135
140 136
141 137
142 138
143 139
144 140
145 141
146 142
147 2210
148 143
149 144
150 145
151 146
152 147
153 148
154 149
155 150
156 151
157 152
158 153
159 154
160 155
161 156
162 157
163 158
164 159
165 160
166 161
167 162
168 163
169 164
170 165
171 166
172 167
173 168
174 169
175 2210
176 170
177 171
178 172
179 173
180 174
181 175
182 176
183 177
184 178
185 179
186 180
187 181
188 182
189 183
190 184
191 185
192 186
193 187
194 188
195 189
196 190
197 191
198 192
199 193
200 194
201 195
202 196
203 197
204 198
205 199
206 200
207 201
208 202
209 203
210 204
211 205
212 206
213 207
214 208
215 209
216 210
217 211
218 212
219 213
220 214
221 215
222 216
223 217
224 218
225 219
226 220
227 221
228 222
229 223
230 224
231 225
232 226
233 227
234 228
235 229
236 230
237 231
238 232
239 233
240 234
241 235
242 236
243 237
244 238
245 239
246 240
247 241
248 242
249 243
250 244
251 245
252 246
253 247
254 248
255 249
256 250
257 251
258 252
259 253
260 254
261 255
262 256
263 257
264 258
265 259
266 260
267 261
268 262
269 263
270 264
271 265
272 266
273 267
274 268
275 269
276 270
277 271
278 272
279 273
280 274
281 275
282 276
283 277
284 278
285 279
286 280
287 2210
288 281
289 282
290 283
291 284
292 285
293 286
294 287
295 288
296 289
297 290
298 291
299 292
300 293
301 294
302 295
303 2210
304 296
305 297
306 298
307 299
308 300
309 301
310 302
311 303
312 304
313 305
314 306
315 307
316 308
317 309
318 310
319 311
320 312
321 313
322 314
323 315
324 316
325 317
326 318
327 319
328 320
329 321
330 322
331 323
332 324
333 325
334 326
335 327
336 328
337 329
338 330
339 331
340 332
341 333
342 334
343 335
344 336
345 337
346 338
347 339
348 340
349 341
350 342
351 343
352 344
353 345
354 2210
355 346
356 347
357 348
358 349
359 350
360 351
361 352
362 353
363 354
364 355
365 356
366 357
367 358
368 359
369 360
370 361
371 362
372 363
373 2210
374 364
375 365
376 366
377 367
378 368
379 369
380 370
381 371
382 372
383 373
384 374
385 375
386 376
387 2210
388 377
389 378
390 379
391 380
392 381
393 382
394 383
395 384
396 385
397 386
398 387
399 388
400 389
401 390
402 391
403 392
404 393
405 394
406 395
407 396
408 397
409 398
410 399
411 400
412 401
413 402
414 403
415 2210
416 404
417 405
418 406
419 407
420 408
421 409
422 410
423 411
424 412
425 413
426 414
427 415
428 416
429 417
430 418
431 419
432 420
433 421
434 422
435 423
436 424
437 425
438 426
439 427
440 428
441 429
442 430
443 431
444 432
445 433
446 434
447 435
448 436
449 437
450 438
451 2210
452 439
453 440
454 441
455 442
456 443
457 444
458 445
459 446
460 447
461 448
462 449
463 450
464 451
465 452
466 453
467 2210
468 454
469 455
470 456
471 457
472 458
473 459
474 460
475 461
476 462
477 463
478 464
479 465
480 466
481 467
482 468
483 1885
484 1885
485 469
486 470
487 471
488 472
489 2685
490 473
491 474
492 475
493 476
494 477
495 478
496 479
497 480
498 481
499 482
500 483
501 484
502 485
503 486
504 487
505 488
506 489
507 490
508 491
509 492
510 493
511 494
512 495
513 496
514 497
515 498
516 499
517 500
518 501
519 502
520 503
521 504
522 505
523 506
524 507
525 508
526 509
527 510
528 511
529 512
530 513
531 514
532 515
533 516
534 517
535 518
536 519
537 520
538 521
539 522
540 523
541 524
542 525
543 526
544 527
545 528
546 529
547 530
548 531
549 532
550 533
551 534
552 535
553 536
554 537
555 538
556 539
557 540
558 541
559 542
560 543
561 544
562 545
563 546
564 547
565 548
566 549
567 550
568 551
569 552
570 553
571 554
572 555
573 556
574 557
575 558
576 559
577 560
578 561
579 562
580 563
581 564
582 565
583 566
584 567
585 568
586 569
587 570
588 571
589 572
590 573
591 574
592 575
593 576
594 577
595 578
596 579
597 580
598 581
599 582
600 583
601 584
602 585
603 586
604 587
605 588
606 589
607 590
608 591
609 592
610 593
611 594
612 595
613 596
614 597
615 598
616 599
617 600
618 601
619 602
620 603
621 604
622 605
623 606
624 607
625 608
626 609
627 610
628 611
629 612
630 613
631 614
632 615
633 616
634 617
635 618
636 619
637 620
638 621
639 622
640 623
641 624
642 625
643 626
644 627
645 628
646 629
647 630
648 631
649 632
650 633
651 634
652 635
653 636
654 637
655 638
656 639
657 640
658 641
659 642
660 643
661 644
662 645
663 646
664 647
665 648
666 649
667 650
668 651
669 652
670 653
671 654
672 655
673 656
674 657
675 658
676 659
677 660
678 661
679 662
680 663
681 664
682 665
683 666
684 667
685 668
686 669
687 670
688 671
689 672
690 673
691 2210
692 674
693 675
694 676
695 677
696 678
697 679
698 680
699 681
700 682
701 683
702 684
703 685
704 686
705 687
706 688
707 689
708 690
709 691
710 692
711 693
712 694
713 695
714 696
715 1885
716 697
717 698
718 699
719 700
720 701
721 702
722 703
723 704
724 705
725 706
726 707
727 708
728 709
729 710
730 711
731 712
732 713
733 714
734 715
735 716
736 717
737 718
738 719
739 720
740 721
741 722
742 723
743 724
744 725
745 726
746 727
747 728
748 729
749 730
750 731
751 732
752 733
753 734
754 735
755 736
756 737
757 738
758 739
759 1885
760 740
761 741
762 742
763 743
764 744
765 745
766 746
767 747
768 748
769 749
770 750
771 751
772 752
773 753
774 754
775 755
776 756
777 757
778 758
779 759
780 760
781 761
782 762
783 763
784 764
785 765
786 766
787 767
788 1885
789 768
790 769
791 770
792 771
793 772
794 773
795 774
796 775
797 776
798 777
799 778
800 779
801 780
802 781
803 782
804 783
805 784
806 785
807 786
808 787
809 788
810 789
811 790
812 791
813 792
814 793
815 794
816 795
817 796
818 797
819 798
820 799
821 800
822 801
823 802
824 803
825 804
826 805
827 806
828 807
829 808
830 809
831 810
832 811
833 812
834 813
835 814
836 815
837 816
838 817
839 818
840 819
841 820
842 821
843 822
844 823
845 824
846 825
847 826
848 827
849 828
850 829
851 830
852 831
853 832
854 833
855 834
856 835
857 836
858 837
859 838
860 839
861 840
862 841
863 842
864 843
865 844
866 845
867 846
868 847
869 848
870 1885
871 849
872 850
873 851
874 852
875 853
876 854
877 855
878 856
879 857
880 858
881 859
882 2210
883 860
884 861
885 862
886 863
887 864
888 865
889 866
890 867
891 868
892 869
893 870
894 871
895 872
896 873
897 874
898 2210
899 875
900 876
901 877
902 878
903 879
904 880
905 881
906 882
907 883
908 884
909 885
910 886
911 887
912 1885
913 1885
914 2210
915 888
916 889
917 890
918 891
919 892
920 893
921 1885
922 894
923 895
924 896
925 897
926 898
927 899
928 900
929 2210
930 901
931 902
932 903
933 904
934 905
935 906
936 907
937 908
938 909
939 910
940 911
941 912
942 913
943 914
944 915
945 916
946 917
947 918
948 919
949 920
950 921
951 922
952 923
953 924
954 925
955 926
956 927
957 928
958 929
959 930
960 931
961 932
962 933
963 934
964 935
965 936
966 937
967 938
968 939
969 940
970 941
971 942
972 943
973 944
974 945
975 946
976 1885
977 947
978 948
979 949
980 950
981 951
982 952
983 953
984 954
985 955
986 956
987 1885
988 957
989 958
990 959
991 960
992 961
993 962
994 963
995 964
996 965
997 966
998 967
999 968
1000 969
1001 970
1002 2210
1003 971
1004 972
1005 973
1006 974
1007 975
1008 976
1009 977
1010 978
1011 979
1012 980
1013 981
1014 982
1015 983
1016 984
1017 985
1018 986
1019 2315
1020 987
1021 988
1022 989
1023 990
1024 991
1025 992
1026 993
1027 994
1028 995
1029 996
1030 997
1031 998
1032 999
1033 1000
1034 1001
1035 1002
1036 1003
1037 1004
1038 1005
1039 1006
1040 1007
1041 1008
1042 1009
1043 1010
1044 1011
1045 1012
1046 1013
1047 1014
1048 1015
1049 1016
1050 1017
1051 1018
1052 1019
1053 1020
1054 1021
1055 1022
1056 1023
1057 1024
1058 1025
1059 2210
1060 1026
1061 1027
1062 1028
1063 1029
1064 1030
1065 1031
1066 1032
1067 1033
1068 1034
1069 1035
1070 1036
1071 1037
1072 1038
1073 1039
1074 1040
1075 1041
1076 1042
1077 1043
1078 1044
1079 1045
1080 1046
1081 1047
1082 1048
1083 1049
1084 1050
1085 1051
1086 1052
1087 1053
1088 1054
1089 1055
1090 1056
1091 1057
1092 1058
1093 1059
1094 1060
1095 1061
1096 1062
1097 1063
1098 1064
1099 1065
1100 1066
1101 1067
1102 1068
1103 1069
1104 1070
1105 1071
1106 1072
1107 1073
1108 1074
1109 1075
1110 1076
1111 1077
1112 1078
1113 1079
1114 2210
1115 1080
1116 1081
1117 1082
1118 1083
1119 1084
1120 1085
1121 1086
1122 1087
1123 1088
1124 1089
1125 1090
1126 1091
1127 1092
1128 1093
1129 1094
1130 1095
1131 1096
1132 1097
1133 1098
1134 1099
1135 1100
1136 1101
1137 2210
1138 1102
1139 1103
1140 1104
1141 1105
1142 1106
1143 1107
1144 1108
1145 1109
1146 1110
1147 1111
1148 1112
1149 1113
1150 1114
1151 1115
1152 1116
1153 1117
1154 1118
1155 1119
1156 1120
1157 1121
1158 1122
1159 1123
1160 1124
1161 1125
1162 1126
1163 1127
1164 1128
1165 1129
1166 1130
1167 1131
1168 1132
1169 1133
1170 1134
1171 1135
1172 1136
1173 1137
1174 1885
1175 1138
1176 1139
1177 1140
1178 1141
1179 1885
1180 1142
1181 1143
1182 1144
1183 1145
1184 1146
1185 1147
1186 1148
1187 1149
1188 1150
1189 1151
1190 1152
1191 1153
1192 1154
1193 1155
1194 1156
1195 1157
1196 1158
1197 1159
1198 1160
1199 1161
1200 1162
1201 1163
1202 1164
1203 1165
1204 1166
1205 1167
1206 1168
1207 1169
1208 1170
1209 1171
1210 1172
1211 1173
1212 1174
1213 1175
1214 1176
1215 1177
1216 1178
1217 1179
1218 1180
1219 1181
1220 1885
1221 1182
1222 1183
1223 2210
1224 1184
1225 1185
1226 1186
1227 1187
1228 1188
1229 1189
1230 1190
1231 1191
1232 1192
1233 1193
1234 1194
1235 1195
1236 1196
1237 1197
1238 1198
1239 2210
1240 1199
1241 1200
1242 1201
1243 1202
1244 1203
1245 1204
1246 1205
1247 1206
1248 1207
1249 1208
1250 1209
1251 1210
1252 1211
1253 1212
1254 1213
1255 1214
1256 1215
1257 1216
1258 1217
1259 1218
1260 1219
1261 1220
1262 1221
1263 1222
1264 1223
1265 1224
1266 1225
1267 1226
1268 1227
1269 1228
1270 1229
1271 1230
1272 1885
1273 1231
1274 2210
1275 1232
1276 1233
1277 1234
1278 1235
1279 1236
1280 1237
1281 1238
1282 1239
1283 1240
1284 1241
1285 1242
1286 1243
1287 1244
1288 1245
1289 1246
1290 1247
1291 1248
1292 1249
1293 1885
1294 1250
1295 1251
1296 1252
1297 1885
1298 1253
1299 1254
1300 1255
1301 1256
1302 1257
1303 1258
1304 1259
1305 1260
1306 1261
1307 1262
1308 1263
1309 1264
1310 1733
1311 1265
1312 1266
1313 1267
1314 1268
1315 1269
1316 1270
1317 1271
1318 1272
1319 1273
1320 1274
1321 1275
1322 1276
1323 1277
1324 1278
1325 1279
1326 1280
1327 1281
1328 1282
1329 1283
1330 1284
1331 1285
1332 1286
1333 1287
1334 1288
1335 1289
1336 1290
1337 1291
1338 1292
1339 1293
1340 1294
1341 1295
1342 1296
1343 1297
1344 1298
1345 1299
1346 1300
1347 1301
1348 1302
1349 1303
1350 1304
1351 1305
1352 1306
1353 1307
1354 1308
1355 1309
1356 1310
1357 1311
1358 1312
1359 1313
1360 1314
1361 1315
1362 1316
1363 1317
1364 1318
1365 1319
1366 1320
1367 1321
1368 1322
1369 1323
1370 1324
1371 1325
1372 1326
1373 1327
1374 1328
1375 1329
1376 1330
1377 1331
1378 1332
1379 2210
1380 1333
1381 1334
1382 1335
1383 1336
1384 1337
1385 1338
1386 1339
1387 1340
1388 1341
1389 1342
1390 1343
1391 1344
1392 1345
1393 1346
1394 1347
1395 1348
1396 4446
1397 1349
1398 1350
1399 1351
1400 1352
1401 1353
1402 1354
1403 1355
1404 1356
1405 1885
1406 1733
1407 1357
1408 1358
1409 1359
1410 1360
1411 1361
1412 1362
1413 1363
1414 1364
1415 1365
1416 1366
1417 1367
1418 1368
1419 1369
1420 2210
1421 1370
1422 1371
1423 1372
1424 1373
1425 1374
1426 1375
1427 1376
1428 2210
1429 1377
1430 1378
1431 1379
1432 1380
1433 1381
1434 1382
1435 1383
1436 1384
1437 1385
1438 1386
1439 1387
1440 1388
1441 1389
1442 1390
1443 1391
1444 1392
1445 1393
1446 1394
1447 1395
1448 1396
1449 1397
1450 1398
1451 1399
1452 1400
1453 1401
1454 1402
1455 1403
1456 1404
1457 1405
1458 1406
1459 1407
1460 1408
1461 1409
1462 1410
1463 1411
1464 2210
1465 1412
1466 1413
1467 1414
1468 1415
1469 1416
1470 1417
1471 1418
1472 1419
1473 1420
1474 1421
1475 1422
1476 1423
1477 1424
1478 1425
1479 1426
1480 1427
1481 1428
1482 1429
1483 1430
1484 1885
1485 1431
1486 1432
1487 1433
1488 1434
1489 1435
1490 1436
1491 1437
1492 1438
1493 1439
1494 1440
1495 1441
1496 1442
1497 1443
1498 1444
1499 1445
1500 1446
1501 2210
1502 1447
1503 1448
1504 1449
1505 1450
1506 1451
1507 1452
1508 1453
1509 1454
1510 1455
1511 1456
1512 1457
1513 1458
1514 1459
1515 1460
1516 1461
1517 1462
1518 1463
1519 1464
1520 1465
1521 1466
1522 1467
1523 1468
1524 1469
1525 1470
1526 1471
1527 1472
1528 1473
1529 1474
1530 1475
1531 1476
1532 1477
1533 1478
1534 1479
1535 1480
1536 1481
1537 1482
1538 1483
1539 1484
1540 1485
1541 1486
1542 1487
1543 2210
1544 1488
1545 1489
1546 1490
1547 1491
1548 1492
1549 1493
1550 2210
1551 1494
1552 1495
1553 1496
1554 1497
1555 1498
1556 1499
1557 1500
1558 1501
1559 1502
1560 1503
1561 1504
1562 1505
1563 1506
1564 1507
1565 1508
1566 1509
1567 1885
1568 1510
1569 1511
1570 1512
1571 1513
1572 1514
1573 1515
1574 1516
1575 1517
1576 1518
1577 2210
1578 1519
1579 1520
1580 1521
1581 1522
1582 1523
1583 1524
1584 1525
1585 1526
1586 1527
1587 1528
1588 1529
1589 2210
1590 1530
1591 1531
1592 1532
1593 1533
1594 1534
1595 1535
1596 1536
1597 1537
1598 1885
1599 1538
1600 1539
1601 1540
1602 1541
1603 1542
1604 1543
1605 1544
1606 1545
1607 1546
1608 1885
1609 1547
1610 1548
1611 1549
1612 1885
1613 1550
1614 1551
1615 1552
1616 1553
1617 2315
1618 1733
1619 1554
1620 1555
1621 1556
1622 1557
1623 1558
1624 1559
1625 1560
1626 1561
1627 1562
1628 1563
1629 1564
1630 1565
1631 1566
1632 1567
1633 1568
1634 1569
1635 1570
1636 1571
1637 1572
1638 1573
1639 1574
1640 1575
1641 1576
1642 1577
1643 1578
1644 1579
1645 1885
1646 1580
1647 2210
1648 1581
1649 1582
1650 1583
1651 1584
1652 1585
1653 1586
1654 1587
1655 1588
1656 1589
1657 1590
1658 1591
1659 1885
1660 1592
1661 1593
1662 1594
1663 1595
1664 1596
1665 1597
1666 1598
1667 1599
1668 1600
1669 1601
1670 1602
1671 1603
1672 1604
1673 1605
1674 2210
1675 1606
1676 1607
1677 1608
1678 1609
1679 1610
1680 1611
1681 1612
1682 1613
1683 1614
1684 1615
1685 2210
1686 1616
1687 1617
1688 1618
1689 1619
1690 1620
1691 1621
1692 1622
1693 1885
1694 1623
1695 1624
1696 1625
1697 1626
1698 1627
1699 1628
1700 1629
1701 1630
1702 1631
1703 1632
1704 1633
1705 1634
1706 1635
1707 1636
1708 1637
1709 1638
1710 1639
1711 1640
1712 1641
1713 1642
1714 1643
1715 1644
1716 1645
1717 1646
1718 1647
1719 1648
1720 1649
1721 1650
1722 1651
1723 1652
1724 1653
1725 1654
1726 1655
1727 1656
1728 1657
1729 1658
1730 1659
1731 1660
1732 1661
1733 1662
1734 1733
1735 1663
1736 1664
1737 1665
1738 1666
1739 1667
1740 1668
1741 1669
1742 1670
1743 1671
1744 1672
1745 2210
1746 1673
1747 1674
1748 1675
1749 1676
1750 1677
1751 1678
1752 1679
1753 1680
1754 1681
1755 1682
1756 1683
1757 1684
1758 1685
1759 1686
1760 1687
1761 1688
1762 1689
1763 1690
1764 1691
1765 1692
1766 1693
1767 1694
1768 1695
1769 1696
1770 1697
1771 1698
1772 4446
1773 1699
1774 1700
1775 1701
1776 1702
1777 1703
1778 1704
1779 1705
1780 1706
1781 1707
1782 1708
1783 1709
1784 1710
1785 1711
1786 1712
1787 1713
1788 1714
1789 1715
1790 1716
1791 1717
1792 1718
1793 1719
1794 1720
1795 1721
1796 1722
1797 1723
1798 1724
1799 1725
1800 1726
1801 1727
1802 1728
1803 1729
1804 1730
1805 1731
1806 1732
1807 1733
1808 1734
1809 1735
1810 1736
1811 1737
1812 1738
1813 1739
1814 1740
1815 1741
1816 1742
1817 1743
1818 1744
1819 1745
1820 1746
1821 1747
1822 1748
1823 1749
1824 1750
1825 1751
1826 1752
1827 1753
1828 1754
1829 1755
1830 1756
1831 1757
1832 1758
1833 1759
1834 1760
1835 1761
1836 1762
1837 1763
1838 1764
1839 1765
1840 1766
1841 1767
1842 1768
1843 1769
1844 1770
1845 1771
1846 1772
1847 1773
1848 1774
1849 1775
1850 1776
1851 1777
1852 1778
1853 1779
1854 1780
1855 1781
1856 1782
1857 1783
1858 1784
1859 1785
1860 1786
1861 1787
1862 1788
1863 1789
1864 1790
1865 1791
1866 1792
1867 1793
1868 1794
1869 1795
1870 1796
1871 1797
1872 1798
1873 1799
1874 1800
1875 1801
1876 1802
1877 1803
1878 1804
1879 1805
1880 1806
1881 1807
1882 1808
1883 1809
1884 1810
1885 1811
1886 1812
1887 1813
1888 1814
1889 1815
1890 1816
1891 1817
1892 1818
1893 1819
1894 1820
1895 1821
1896 1822
1897 1823
1898 1824
1899 1825
1900 1826
1901 1827
1902 1828
1903 1829
1904 1830
1905 1831
1906 1832
1907 1833
1908 1834
1909 1835
1910 1836
1911 1837
1912 1838
1913 1839
1914 1840
1915 2210
1916 1841
1917 1842
1918 1885
1919 1843
1920 1844
1921 1845
1922 1846
1923 1847
1924 1848
1925 1849
1926 1850
1927 1851
1928 1852
1929 1853
1930 1854
1931 1855
1932 1856
1933 1857
1934 1858
1935 1859
1936 1860
1937 1861
1938 1885
1939 1862
1940 1863
1941 1864
1942 1865
1943 1866
1944 1867
1945 1868
1946 1869
1947 1870
1948 1871
1949 1872
1950 1873
1951 1874
1952 1875
1953 1876
1954 1877
1955 1878
1956 1879
1957 1880
1958 1881
1959 1882
1960 1883
1961 1884
1962 1885
1963 1886
1964 1887
1965 1888
1966 1889
1967 2210
1968 1890
1969 1891
1970 1892
1971 1893
1972 1894
1973 1895
1974 1896
1975 1897
1976 1898
1977 1899
1978 1900
1979 1901
1980 1902
1981 1903
1982 1904
1983 1905
1984 1906
1985 1907
1986 1908
1987 1909
1988 1910
1989 1911
1990 1912
1991 1913
1992 1914
1993 1915
1994 1916
1995 1917
1996 1918
1997 1919
1998 1920
1999 1921
2000 1922
2001 1923
2002 1924
2003 1925
2004 1926
2005 1927
2006 1928
2007 1929
2008 1930
2009 1931
2010 1932
2011 1933
2012 1934
2013 1935
2014 1936
2015 1937
2016 1938
2017 1939
2018 1940
2019 1941
2020 1942
2021 1943
2022 1944
2023 1945
2024 1946
2025 1947
2026 1948
2027 1949
2028 1950
2029 1951
2030 1952
2031 1953
2032 1954
2033 1955
2034 1956
2035 1957
2036 1958
2037 1959
2038 1960
2039 1961
2040 1962
2041 1963
2042 1964
2043 1965
2044 1966
2045 1967
2046 1968
2047 1969
2048 1970
2049 2210
2050 1971
2051 1733
2052 1972
2053 1973
2054 1974
2055 1885
2056 1975
2057 1976
2058 1977
2059 1978
2060 1979
2061 1980
2062 2210
2063 1981
2064 1982
2065 1885
2066 1983
2067 2210
2068 1984
2069 1985
2070 1986
2071 1987
2072 1988
2073 1989
2074 1990
2075 1991
2076 1992
2077 1993
2078 1994
2079 1995
2080 1996
2081 1997
2082 1998
2083 1999
2084 2000
2085 2001
2086 2002
2087 1733
2088 2003
2089 2004
2090 2005
2091 2006
2092 2007
2093 2008
2094 2009
2095 2010
2096 2011
2097 2012
2098 2013
2099 2014
2100 2015
2101 2016
2102 2017
2103 2018
2104 1885
2105 2019
2106 2020
2107 2021
2108 2022
2109 2023
2110 2024
2111 2025
2112 2026
2113 2027
2114 2028
2115 2029
2116 2030
2117 2031
2118 1885
2119 2032
2120 2033
2121 2034
2122 2035
2123 2036
2124 2037
2125 2038
2126 2039
2127 2040
2128 2041
2129 2042
2130 2043
2131 2044
2132 2045
2133 2046
2134 2047
2135 2048
2136 2049
2137 2050
2138 2051
2139 2210
2140 2052
2141 2053
2142 2054
2143 2055
2144 2056
2145 2057
2146 2058
2147 2059
2148 2060
2149 2061
2150 2062
2151 2063
2152 2064
2153 2065
2154 2066
2155 2067
2156 2210
2157 2068
2158 2069
2159 2070
2160 2071
2161 2072
2162 2073
2163 2074
2164 2075
2165 2076
2166 2077
2167 2078
2168 2079
2169 2080
2170 2081
2171 2082
2172 2083
2173 2084
2174 2085
2175 2086
2176 2087
2177 2088
2178 2089
2179 2090
2180 2091
2181 2092
2182 2093
2183 2094
2184 2095
2185 2096
2186 2097
2187 2098
2188 2099
2189 2100
2190 2101
2191 2102
2192 2103
2193 2104
2194 1885
2195 2105
2196 2106
2197 2107
2198 2108
2199 2109
2200 2110
2201 2111
2202 2112
2203 2113
2204 2114
2205 2115
2206 2116
2207 2117
2208 2118
2209 2119
2210 2120
2211 2121
2212 2122
2213 2123
2214 2124
2215 2125
2216 2126
2217 2127
2218 2128
2219 2129
2220 2130
2221 2131
2222 2132
2223 2133
2224 2134
2225 2135
2226 2136
2227 2137
2228 2138
2229 2139
2230 2140
2231 2141
2232 2142
2233 2143
2234 2144
2235 2145
2236 2146
2237 2147
2238 2148
2239 2149
2240 2150
2241 2151
2242 2152
2243 2153
2244 2154
2245 2155
2246 2156
2247 2157
2248 2158
2249 2159
2250 2160
2251 2161
2252 2162
2253 2163
2254 2164
2255 2165
2256 2166
2257 2167
2258 2168
2259 2169
2260 2170
2261 2171
2262 2172
2263 2173
2264 2174
2265 2210
2266 2175
2267 2176
2268 2177
2269 2178
2270 2179
2271 2180
2272 2181
2273 2182
2274 2183
2275 2184
2276 2185
2277 2186
2278 2187
2279 2188
2280 2189
2281 2190
2282 2191
2283 2192
2284 2193
2285 2194
2286 2195
2287 2196
2288 2197
2289 2198
2290 2199
2291 2200
2292 2201
2293 2202
2294 2203
2295 2204
2296 2205
2297 2206
2298 2207
2299 2208
2300 2210
2301 2209
2302 2210
2303 2210
2304 2211
2305 2212
2306 2213
2307 2214
2308 2215
2309 2216
2310 2217
2311 2218
2312 2219
2313 2220
2314 2221
2315 2222
2316 2223
2317 2224
2318 2225
2319 2226
2320 2227
2321 2228
2322 2229
2323 2230
2324 2231
2325 2232
2326 2233
2327 1885
2328 2234
2329 2235
2330 2236
2331 2237
2332 2238
2333 2239
2334 2240
2335 2241
2336 2242
2337 2243
2338 2244
2339 2245
2340 2246
2341 2247
2342 2248
2343 2249
2344 2250
2345 2251
2346 2252
2347 2253
2348 2254
2349 2255
2350 2256
2351 2257
2352 2258
2353 2259
2354 2260
2355 2261
2356 2262
2357 2263
2358 2264
2359 2265
2360 2266
2361 2267
2362 2268
2363 2269
2364 2270
2365 2271
2366 2272
2367 2273
2368 2274
2369 2275
2370 2276
2371 2277
2372 2278
2373 2279
2374 2280
2375 2281
2376 2282
2377 2283
2378 2284
2379 2285
2380 2286
2381 2287
2382 2288
2383 2289
2384 2290
2385 2291
2386 2292
2387 2293
2388 2294
2389 2295
2390 2296
2391 2297
2392 2298
2393 2299
2394 2300
2395 2301
2396 2302
2397 2303
2398 2304
2399 2305
2400 2306
2401 2307
2402 2308
2403 2309
2404 2310
2405 2311
2406 2312
2407 2313
2408 2314
2409 2315
2410 2316
2411 2317
2412 2318
2413 2319
2414 2320
2415 2210
2416 2321
2417 2322
2418 2323
2419 2324
2420 2325
2421 2326
2422 2327
2423 2328
2424 2329
2425 2330
2426 2331
2427 2332
2428 2333
2429 2334
2430 2335
2431 2336
2432 2337
2433 2338
2434 2339
2435 1885
2436 2340
2437 2341
2438 2342
2439 2210
2440 2343
2441 2344
2442 2345
2443 2346
2444 2347
2445 2348
2446 2349
2447 2350
2448 2351
2449 2352
2450 2353
2451 2354
2452 2355
2453 2356
2454 2357
2455 2358
2456 2359
2457 2360
2458 2361
2459 1885
2460 2362
2461 1885
2462 2363
2463 2364
2464 2365
2465 2366
2466 2367
2467 2368
2468 2369
2469 2370
2470 2371
2471 2372
2472 2373
2473 2374
2474 2375
2475 2376
2476 2377
2477 2378
2478 2379
2479 2380
2480 2381
2481 2382
2482 2383
2483 2384
2484 2385
2485 2386
2486 2387
2487 2388
2488 2389
2489 2210
2490 2390
2491 2391
2492 2392
2493 2393
2494 2394
2495 2685
2496 2395
2497 2396
2498 2397
2499 2398
2500 2399
2501 2400
2502 2401
2503 2402
2504 2403
2505 2404
2506 2405
2507 2406
2508 2407
2509 2408
2510 2409
2511 2410
2512 2411
2513 2412
2514 2413
2515 2210
2516 2414
2517 2415
2518 2416
2519 2417
2520 2418
2521 2419
2522 2420
2523 2421
2524 2422
2525 2423
2526 2424
2527 2425
2528 2426
2529 2427
2530 2428
2531 2429
2532 2430
2533 2431
2534 2432
2535 2433
2536 2434
2537 2435
2538 2436
2539 2437
2540 2438
2541 2439
2542 2440
2543 2210
2544 2441
2545 2442
2546 2443
2547 2444
2548 2445
2549 2446
2550 2447
2551 2448
2552 2449
2553 2450
2554 2451
2555 2452
2556 2453
2557 2454
2558 2455
2559 2456
2560 2457
2561 2458
2562 2459
2563 2460
2564 2461
2565 2462
2566 2463
2567 2464
2568 2465
2569 2466
2570 2467
2571 2468
2572 2210
2573 2469
2574 2470
2575 2471
2576 2472
2577 2473
2578 2474
2579 2475
2580 2476
2581 2477
2582 2478
2583 2479
2584 2480
2585 2481
2586 2482
2587 1885
2588 2483
2589 2484
2590 2210
2591 2485
2592 2486
2593 2487
2594 2488
2595 2489
2596 2490
2597 2491
2598 2492
2599 2493
2600 1885
2601 2494
2602 2495
2603 2496
2604 2497
2605 2498
2606 2499
2607 2500
2608 2501
2609 2502
2610 2503
2611 2504
2612 2505
2613 2506
2614 2507
2615 2508
2616 2509
2617 2510
2618 2511
2619 2512
2620 2513
2621 2514
2622 2515
2623 2516
2624 2517
2625 2518
2626 2519
2627 2520
2628 2521
2629 2522
2630 2523
2631 2524
2632 2525
2633 2526
2634 2527
2635 2528
2636 2529
2637 1885
2638 2530
2639 2531
2640 2532
2641 2533
2642 2534
2643 2535
2644 2536
2645 2537
2646 2538
2647 2539
2648 2540
2649 2541
2650 2542
2651 2543
2652 2544
2653 2545
2654 2546
2655 2547
2656 2548
2657 2549
2658 2550
2659 2551
2660 2552
2661 2553
2662 2554
2663 2555
2664 2556
2665 2557
2666 2558
2667 2559
2668 2560
2669 2561
2670 2562
2671 2563
2672 2564
2673 2565
2674 2566
2675 2567
2676 2568
2677 2569
2678 2570
2679 2571
2680 2572
2681 2573
2682 2574
2683 2575
2684 2576
2685 2577
2686 2578
2687 2579
2688 2580
2689 2581
2690 2582
2691 2583
2692 2584
2693 2585
2694 2586
2695 2587
2696 2588
2697 2589
2698 2590
2699 2591
2700 2592
2701 2593
2702 2594
2703 2595
2704 2596
2705 2597
2706 2598
2707 2599
2708 2600
2709 2601
2710 2602
2711 1885
2712 2603
2713 2604
2714 2605
2715 2606
2716 2607
2717 2608
2718 2609
2719 2610
2720 2611
2721 2612
2722 2613
2723 2614
2724 2615
2725 2616
2726 2617
2727 2618
2728 2619
2729 2620
2730 2621
2731 2622
2732 2623
2733 2624
2734 2625
2735 2626
2736 2627
2737 2628
2738 2629
2739 2630
2740 2631
2741 2632
2742 2633
2743 2634
2744 2635
2745 2636
2746 2637
2747 2638
2748 2639
2749 2640
2750 2641
2751 2642
2752 2643
2753 2644
2754 2645
2755 2646
2756 2210
2757 2647
2758 2648
2759 2649
2760 2650
2761 2651
2762 2652
2763 2653
2764 2654
2765 2655
2766 2656
2767 2657
2768 2658
2769 2659
2770 2660
2771 2661
2772 2662
2773 2663
2774 2664
2775 2665
2776 2666
2777 2667
2778 2668
2779 2669
2780 2670
2781 2671
2782 2672
2783 2673
2784 2674
2785 2675
2786 2676
2787 2677
2788 2678
2789 2679
2790 2680
2791 2681
2792 2682
2793 2683
2794 2684
2795 2685
2796 2210
2797 2210
2798 2686
2799 2687
2800 2688
2801 2689
2802 2690
2803 2691
2804 2692
2805 2693
2806 2694
2807 2695
2808 2696
2809 2697
2810 2698
2811 2699
2812 2700
2813 2701
2814 2702
2815 2703
2816 2704
2817 2705
2818 2706
2819 2707
2820 2708
2821 2709
2822 2710
2823 2711
2824 2712
2825 2713
2826 2714
2827 2715
2828 2716
2829 2210
2830 2717
2831 2718
2832 2719
2833 2720
2834 1885
2835 2721
2836 2722
2837 2723
2838 2724
2839 2210
2840 2725
2841 2726
2842 2210
2843 2727
2844 2728
2845 2729
2846 2730
2847 2731
2848 2732
2849 2210
2850 2733
2851 2734
2852 2735
2853 2736
2854 2737
2855 2738
2856 2210
2857 2739
2858 2740
2859 2741
2860 2742
2861 2743
2862 2744
2863 2745
2864 2746
2865 2747
2866 2748
2867 2749
2868 2750
2869 2751
2870 2752
2871 2753
2872 2754
2873 2755
2874 2756
2875 2757
2876 2758
2877 2759
2878 2760
2879 2761
2880 2762
2881 2763
2882 2764
2883 2765
2884 1885
2885 2766
2886 2767
2887 2768
2888 2769
2889 2770
2890 2771
2891 2210
2892 2772
2893 2773
2894 2774
2895 2775
2896 2776
2897 2777
2898 2778
2899 2779
2900 2780
2901 2210
2902 2781
2903 2782
2904 2783
2905 2784
2906 2210
2907 2785
2908 2210
2909 1885
2910 2786
2911 2787
2912 2788
2913 2789
2914 2790
2915 2791
2916 2792
2917 2793
2918 2794
2919 2795
2920 2796
2921 2797
2922 2798
2923 2799
2924 2800
2925 2801
2926 2802
2927 2803
2928 2804
2929 2805
2930 2806
2931 2807
2932 2808
2933 2210
2934 2809
2935 2810
2936 2811
2937 2812
2938 2813
2939 2814
2940 2815
2941 2816
2942 2817
2943 2818
2944 2819
2945 2820
2946 2821
2947 2822
2948 2823
2949 2824
2950 2825
2951 2826
2952 2827
2953 2828
2954 2829
2955 2830
2956 2831
2957 2832
2958 2833
2959 2834
2960 2835
2961 2836
2962 2837
2963 2210
2964 2838
2965 2839
2966 2840
2967 2841
2968 2842
2969 2843
2970 2844
2971 2210
2972 2845
2973 2846
2974 2847
2975 2848
2976 2849
2977 2850
2978 2851
2979 2852
2980 2853
2981 2854
2982 2855
2983 2856
2984 2857
2985 2858
2986 2859
2987 2860
2988 2861
2989 2862
2990 2863
2991 2864
2992 2865
2993 2866
2994 2867
2995 2868
2996 2869
2997 2870
2998 2871
2999 2872
3000 2873
3001 2874
3002 2875
3003 2876
3004 2877
3005 2878
3006 2879
3007 2880
3008 2881
3009 2882
3010 2883
3011 2884
3012 2885
3013 2886
3014 2887
3015 2888
3016 2889
3017 2890
3018 2891
3019 2892
3020 2893
3021 2894
3022 2895
3023 2896
3024 2897
3025 2898
3026 2899
3027 2900
3028 2901
3029 2902
3030 2903
3031 2904
3032 2905
3033 2906
3034 2907
3035 2908
3036 2909
3037 2910
3038 2911
3039 2912
3040 2913
3041 2914
3042 2915
3043 2916
3044 2917
3045 2918
3046 2919
3047 2920
3048 2921
3049 2922
3050 2923
3051 2924
3052 2925
3053 2926
3054 2927
3055 1885
3056 2928
3057 2929
3058 2930
3059 2931
3060 2932
3061 2933
3062 2934
3063 2935
3064 2936
3065 2937
3066 2938
3067 2939
3068 2940
3069 2941
3070 2942
3071 2943
3072 2944
3073 2945
3074 2946
3075 2947
3076 2210
3077 2948
3078 2949
3079 2950
3080 2951
3081 2952
3082 2953
3083 2954
3084 1885
3085 2955
3086 2956
3087 2957
3088 2958
3089 2959
3090 2960
3091 2961
3092 2962
3093 2963
3094 2964
3095 2965
3096 2966
3097 2967
3098 2968
3099 2969
3100 2970
3101 2971
3102 2972
3103 2973
3104 2974
3105 2975
3106 2976
3107 2977
3108 2978
3109 2979
3110 2980
3111 2981
3112 2982
3113 2983
3114 2984
3115 2985
3116 2986
3117 2987
3118 2988
3119 2989
3120 1885
3121 2210
3122 2990
3123 2991
3124 2992
3125 2993
3126 2994
3127 2995
3128 2996
3129 2997
3130 2998
3131 2999
3132 3000
3133 3001
3134 3002
3135 3003
3136 3004
3137 3005
3138 3006
3139 3007
3140 3008
3141 3009
3142 3010
3143 2210
3144 3011
3145 3012
3146 3013
3147 3014
3148 3015
3149 3016
3150 3017
3151 3018
3152 3019
3153 3020
3154 2210
3155 3021
3156 3022
3157 3023
3158 3024
3159 3025
3160 3026
3161 3027
3162 3028
3163 3029
3164 3030
3165 3031
3166 3032
3167 3033
3168 3034
3169 3035
3170 3036
3171 3037
3172 3038
3173 3039
3174 3040
3175 3041
3176 3042
3177 3043
3178 3044
3179 3045
3180 3046
3181 3047
3182 3048
3183 3049
3184 3050
3185 2210
3186 3051
3187 3052
3188 3053
3189 3054
3190 3055
3191 3056
3192 3057
3193 3058
3194 3059
3195 3060
3196 3061
3197 3062
3198 3063
3199 3064
3200 3065
3201 3066
3202 3067
3203 3068
3204 3069
3205 3070
3206 3071
3207 3072
3208 3073
3209 3074
3210 3075
3211 3076
3212 3077
3213 3078
3214 3079
3215 3080
3216 3081
3217 3082
3218 3083
3219 3084
3220 3085
3221 3086
3222 3087
3223 3088
3224 3089
3225 3090
3226 3091
3227 3092
3228 3093
3229 3094
3230 3095
3231 3096
3232 3097
3233 3098
3234 3099
3235 3100
3236 3101
3237 3102
3238 3103
3239 3104
3240 3105
3241 3106
3242 3107
3243 3108
3244 3109
3245 3110
3246 3111
3247 3112
3248 3113
3249 3114
3250 3115
3251 3116
3252 3117
3253 3118
3254 3119
3255 3120
3256 3121
3257 3122
3258 3123
3259 3124
3260 3125
3261 3126
3262 3127
3263 3128
3264 3129
3265 3130
3266 3131
3267 3132
3268 3133
3269 3134
3270 3135
3271 3136
3272 3137
3273 3138
3274 3139
3275 3140
3276 3141
3277 3142
3278 3143
3279 3144
3280 3145
3281 3146
3282 3147
3283 3148
3284 3149
3285 3150
3286 3151
3287 3152
3288 3153
3289 3154
3290 3155
3291 3156
3292 3157
3293 3158
3294 3159
3295 3160
3296 3161
3297 3162
3298 3163
3299 3164
3300 2210
3301 3165
3302 3166
3303 3167
3304 3168
3305 2210
3306 3169
3307 3170
3308 3171
3309 3172
3310 3173
3311 3174
3312 3175
3313 3176
3314 3177
3315 3178
3316 3179
3317 3180
3318 3181
3319 3182
3320 3183
3321 3184
3322 3185
3323 3186
3324 3187
3325 3188
3326 3189
3327 3190
3328 3191
3329 3192
3330 3193
3331 3194
3332 3195
3333 3196
3334 3197
3335 3198
3336 3199
3337 3200
3338 3201
3339 3202
3340 3203
3341 3204
3342 3205
3343 3206
3344 3207
3345 3208
3346 3209
3347 3210
3348 3211
3349 1885
3350 3212
3351 3213
3352 1885
3353 3214
3354 3215
3355 3216
3356 3217
3357 3218
3358 3219
3359 3220
3360 3221
3361 3222
3362 3223
3363 3224
3364 3225
3365 3226
3366 3227
3367 3228
3368 3229
3369 3230
3370 3231
3371 3232
3372 3233
3373 3234
3374 3235
3375 3236
3376 3237
3377 3238
3378 3239
3379 3240
3380 3241
3381 3242
3382 3243
3383 3244
3384 3245
3385 3246
3386 3247
3387 3248
3388 3249
3389 2210
3390 3250
3391 3251
3392 3252
3393 3253
3394 3254
3395 3255
3396 3256
3397 2210
3398 3257
3399 3258
3400 3259
3401 3260
3402 3261
3403 3262
3404 3263
3405 3264
3406 3265
3407 3266
3408 3267
3409 3268
3410 3269
3411 3270
3412 3271
3413 3272
3414 3273
3415 3274
3416 3275
3417 3276
3418 3277
3419 3278
3420 3279
3421 3280
3422 3281
3423 3282
3424 3283
3425 3284
3426 3285
3427 3286
3428 3287
3429 3288
3430 3289
3431 3290
3432 3291
3433 3292
3434 2315
3435 3293
3436 3294
3437 3295
3438 3296
3439 3297
3440 3298
3441 3299
3442 2210
3443 3300
3444 3301
3445 3302
3446 3303
3447 3304
3448 3305
3449 3306
3450 3307
3451 3308
3452 3309
3453 3310
3454 3311
3455 3312
3456 3313
3457 3314
3458 3315
3459 3316
3460 3317
3461 3318
3462 3319
3463 3320
3464 3321
3465 3322
3466 3323
3467 3324
3468 3325
3469 3326
3470 3327
3471 3328
3472 3329
3473 3330
3474 3331
3475 3332
3476 3333
3477 3334
3478 3335
3479 1885
3480 3336
3481 2210
3482 3337
3483 3338
3484 3339
3485 3340
3486 3341
3487 3342
3488 3343
3489 3344
3490 3345
3491 3346
3492 3347
3493 3348
3494 3349
3495 3350
3496 3351
3497 3352
3498 3353
3499 3354
3500 3355
3501 3356
3502 3357
3503 3358
3504 3359
3505 3360
3506 3361
3507 3362
3508 3363
3509 3364
3510 3365
3511 3366
3512 3367
3513 3368
3514 3369
3515 3370
3516 3371
3517 3372
3518 3373
3519 3374
3520 3375
3521 3376
3522 3377
3523 3378
3524 3379
3525 3380
3526 1885
3527 3381
3528 3382
3529 3383
3530 3384
3531 2210
3532 3385
3533 3386
3534 3387
3535 3388
3536 3389
3537 3390
3538 3391
3539 3392
3540 3393
3541 3394
3542 3395
3543 3396
3544 3397
3545 3398
3546 3399
3547 3400
3548 3401
3549 3402
3550 3403
3551 3404
3552 3405
3553 3406
3554 3407
3555 3408
3556 3409
3557 3410
3558 3411
3559 3412
3560 3413
3561 3414
3562 3415
3563 3416
3564 3417
3565 3418
3566 3419
3567 3420
3568 3421
3569 3422
3570 3423
3571 3424
3572 3425
3573 3426
3574 3427
3575 3428
3576 3429
3577 3430
3578 3431
3579 3432
3580 3433
3581 3434
3582 3435
3583 3436
3584 3437
3585 3438
3586 3439
3587 3440
3588 3441
3589 3442
3590 2315
3591 3443
3592 3444
3593 3445
3594 3446
3595 3447
3596 3448
3597 3449
3598 3450
3599 3451
3600 3452
3601 3453
3602 3454
3603 3455
3604 2210
3605 3456
3606 3457
3607 3458
3608 3459
3609 3460
3610 3461
3611 3462
3612 3463
3613 3464
3614 3465
3615 3466
3616 3467
3617 3468
3618 3469
3619 3470
3620 3471
3621 2415
3622 3472
3623 3473
3624 3474
3625 3475
3626 3476
3627 3477
3628 3478
3629 3479
3630 3480
3631 3481
3632 3482
3633 3483
3634 3484
3635 3485
3636 3486
3637 3487
3638 3488
3639 3489
3640 3490
3641 3491
3642 3492
3643 3493
3644 3494
3645 3495
3646 3496
3647 3497
3648 3498
3649 3499
3650 3500
3651 1885
3652 3501
3653 3502
3654 3503
3655 3504
3656 3505
3657 3506
3658 3507
3659 3508
3660 3509
3661 3510
3662 3511
3663 3512
3664 3513
3665 3514
3666 3515
3667 3516
3668 2210
3669 3517
3670 3518
3671 3519
3672 3520
3673 3521
3674 3522
3675 3523
3676 3524
3677 3525
3678 3526
3679 3527
3680 3528
3681 3529
3682 3530
3683 3531
3684 3532
3685 3533
3686 3534
3687 3535
3688 3536
3689 3537
3690 3538
3691 3539
3692 3540
3693 3541
3694 1885
3695 3542
3696 3543
3697 3544
3698 3545
3699 3546
3700 3547
3701 3548
3702 3549
3703 3550
3704 3551
3705 3552
3706 3553
3707 3554
3708 3555
3709 3556
3710 3557
3711 3558
3712 3559
3713 3560
3714 3561
3715 3562
3716 3563
3717 3564
3718 3565
3719 3566
3720 3567
3721 3568
3722 3569
3723 3570
3724 3571
3725 3572
3726 3573
3727 3574
3728 3575
3729 3576
3730 3577
3731 3578
3732 3579
3733 3580
3734 3581
3735 3582
3736 3583
3737 3584
3738 3585
3739 3586
3740 3587
3741 3588
3742 3589
3743 3590
3744 3591
3745 3592
3746 2210
3747 3593
3748 3594
3749 3595
3750 3596
3751 3597
3752 3598
3753 3599
3754 3600
3755 3601
3756 3602
3757 3603
3758 3604
3759 3605
3760 3606
3761 3607
3762 3608
3763 3609
3764 3610
3765 3611
3766 3612
3767 3613
3768 2210
3769 3614
3770 3615
3771 3616
3772 3617
3773 3618
3774 3619
3775 3620
3776 3621
3777 3622
3778 3623
3779 3624
3780 3625
3781 3626
3782 3627
3783 3628
3784 3629
3785 3630
3786 3631
3787 3632
3788 3633
3789 3634
3790 3635
3791 3636
3792 3637
3793 3638
3794 1885
3795 3639
3796 3640
3797 3641
3798 3642
3799 3643
3800 3644
3801 3645
3802 3646
3803 3647
3804 3648
3805 3649
3806 3650
3807 3651
3808 3652
3809 3653
3810 2210
3811 3654
3812 3655
3813 3656
3814 3657
3815 3658
3816 3659
3817 3660
3818 3661
3819 3662
3820 3663
3821 3664
3822 3665
3823 3666
3824 3667
3825 3668
3826 3669
3827 3670
3828 3671
3829 3672
3830 3673
3831 3674
3832 3675
3833 3676
3834 3677
3835 3678
3836 3679
3837 3680
3838 3681
3839 3682
3840 3683
3841 2210
3842 3684
3843 3685
3844 3686
3845 3687
3846 3688
3847 3689
3848 3690
3849 3691
3850 3692
3851 3693
3852 3694
3853 2210
3854 3695
3855 3696
3856 3697
3857 3698
3858 3699
3859 3700
3860 3701
3861 3702
3862 3703
3863 3704
3864 3705
3865 3706
3866 3707
3867 3708
3868 3709
3869 3710
3870 3711
3871 3712
3872 3713
3873 3714
3874 3715
3875 3716
3876 2210
3877 3717
3878 3718
3879 3719
3880 3720
3881 3721
3882 3722
3883 3723
3884 3724
3885 3725
3886 3726
3887 3727
3888 3728
3889 3729
3890 3730
3891 3731
3892 3732
3893 3733
3894 3734
3895 3735
3896 3736
3897 3737
3898 3738
3899 3739
3900 3740
3901 3741
3902 3742
3903 3743
3904 3744
3905 3745
3906 3746
3907 3747
3908 3748
3909 3749
3910 3750
3911 3751
3912 3752
3913 3753
3914 3754
3915 3755
3916 3756
3917 3757
3918 3758
3919 3759
3920 3760
3921 3761
3922 3762
3923 3763
3924 3764
3925 3765
3926 3766
3927 3767
3928 3768
3929 3769
3930 3770
3931 3771
3932 3772
3933 3773
3934 1885
3935 3774
3936 2315
3937 3775
3938 1885
3939 3776
3940 1885
3941 3777
3942 3778
3943 3779
3944 3780
3945 3781
3946 3782
3947 3783
3948 3784
3949 1885
3950 3785
3951 3786
3952 3787
3953 3788
3954 3789
3955 3790
3956 3791
3957 2210
3958 3792
3959 3793
3960 3794
3961 3795
3962 3796
3963 3797
3964 3798
3965 3799
3966 3800
3967 3801
3968 3802
3969 2210
3970 3803
3971 3804
3972 3805
3973 3806
3974 3807
3975 3808
3976 3809
3977 3810
3978 3811
3979 3812
3980 3813
3981 3814
3982 3815
3983 3816
3984 3817
3985 3818
3986 3819
3987 3820
3988 3821
3989 3822
3990 3823
3991 3824
3992 3825
3993 3826
3994 3827
3995 3828
3996 3829
3997 3830
3998 3831
3999 3832
4000 3833
4001 3834
4002 3835
4003 3836
4004 3837
4005 3838
4006 3839
4007 3840
4008 3841
4009 3842
4010 3843
4011 3844
4012 3845
4013 3846
4014 3847
4015 3848
4016 1885
4017 3849
4018 3850
4019 3851
4020 3852
4021 3853
4022 3854
4023 3855
4024 3856
4025 3857
4026 3858
4027 3859
4028 3860
4029 3861
4030 3862
4031 3863
4032 3864
4033 3865
4034 3866
4035 3867
4036 3868
4037 3869
4038 3870
4039 3871
4040 3872
4041 3873
4042 3874
4043 3875
4044 3876
4045 3877
4046 3878
4047 3879
4048 3880
4049 3881
4050 3882
4051 3883
4052 3884
4053 3885
4054 3886
4055 3887
4056 3888
4057 3889
4058 3890
4059 3891
4060 3892
4061 3893
4062 3894
4063 3895
4064 3896
4065 3897
4066 3898
4067 3899
4068 3900
4069 1885
4070 3901
4071 3902
4072 3903
4073 3904
4074 3905
4075 3906
4076 3907
4077 3908
4078 3909
4079 3910
4080 3911
4081 3912
4082 3913
4083 3914
4084 3915
4085 3916
4086 3917
4087 3918
4088 3919
4089 3920
4090 3921
4091 3922
4092 3923
4093 3924
4094 3925
4095 3926
4096 3927
4097 3928
4098 3929
4099 3930
4100 3931
4101 2210
4102 3932
4103 3933
4104 3934
4105 3935
4106 3936
4107 3937
4108 4446
4109 3938
4110 3939
4111 3940
4112 3941
4113 2210
4114 3942
4115 3943
4116 3944
4117 3945
4118 3946
4119 3947
4120 3948
4121 3949
4122 2210
4123 3950
4124 3951
4125 3952
4126 3953
4127 3954
4128 3955
4129 3956
4130 3957
4131 3958
4132 3959
4133 3960
4134 3961
4135 3962
4136 3963
4137 3964
4138 3965
4139 3966
4140 3967
4141 3968
4142 3969
4143 3970
4144 3971
4145 3972
4146 3973
4147 3974
4148 3975
4149 3976
4150 3977
4151 3978
4152 3979
4153 3980
4154 3981
4155 3982
4156 3983
4157 3984
4158 3985
4159 3986
4160 3987
4161 2210
4162 3988
4163 3989
4164 3990
4165 3991
4166 3992
4167 3993
4168 3994
4169 3995
4170 3996
4171 3997
4172 3998
4173 3999
4174 4000
4175 4001
4176 4002
4177 4003
4178 4004
4179 4005
4180 4006
4181 4007
4182 4008
4183 4009
4184 4010
4185 4011
4186 4012
4187 4013
4188 4014
4189 4015
4190 4016
4191 4017
4192 1885
4193 4018
4194 4019
4195 4020
4196 4021
4197 4022
4198 4023
4199 4024
4200 4025
4201 4026
4202 4027
4203 4028
4204 4029
4205 4030
4206 4031
4207 4032
4208 4033
4209 4034
4210 4035
4211 4036
4212 4037
4213 4038
4214 4039
4215 4040
4216 4041
4217 4042
4218 4043
4219 4044
4220 4045
4221 4046
4222 4047
4223 4048
4224 4049
4225 4050
4226 4051
4227 4052
4228 4053
4229 1733
4230 4054
4231 4055
4232 4056
4233 4057
4234 4058
4235 4059
4236 4060
4237 4061
4238 4062
4239 4063
4240 4064
4241 4065
4242 4066
4243 4067
4244 4068
4245 4069
4246 4070
4247 4071
4248 4072
4249 4073
4250 4074
4251 4075
4252 4076
4253 4077
4254 4078
4255 4079
4256 4080
4257 4081
4258 4082
4259 4083
4260 4084
4261 4085
4262 4086
4263 4087
4264 4088
4265 4089
4266 1885
4267 4090
4268 4091
4269 4092
4270 4093
4271 4094
4272 4095
4273 2210
4274 4096
4275 4097
4276 4098
4277 4099
4278 4100
4279 4101
4280 4102
4281 4103
4282 4104
4283 4105
4284 4106
4285 4107
4286 4108
4287 4109
4288 4110
4289 4111
4290 4112
4291 2210
4292 4113
4293 4114
4294 4115
4295 4116
4296 4117
4297 4118
4298 4119
4299 4120
4300 4121
4301 4122
4302 4123
4303 4124
4304 4125
4305 4126
4306 4127
4307 4128
4308 4129
4309 4130
4310 4131
4311 4132
4312 4133
4313 4134
4314 4135
4315 4136
4316 4137
4317 4138
4318 4139
4319 4140
4320 4141
4321 4142
4322 4143
4323 4144
4324 4145
4325 4146
4326 2210
4327 4147
4328 4148
4329 4149
4330 4150
4331 4151
4332 4152
4333 4153
4334 4154
4335 4155
4336 4156
4337 4157
4338 4158
4339 4159
4340 4160
4341 4161
4342 4162
4343 4163
4344 4164
4345 4165
4346 4166
4347 4167
4348 4168
4349 4169
4350 4170
4351 4171
4352 4172
4353 4173
4354 4174
4355 4175
4356 4176
4357 4177
4358 4178
4359 4179
4360 4180
4361 4181
4362 4182
4363 4183
4364 4184
4365 4185
4366 4186
4367 4187
4368 4188
4369 2210
4370 4189
4371 4190
4372 4191
4373 4192
4374 4193
4375 4194
4376 4195
4377 4196
4378 4197
4379 2210
4380 4198
4381 4199
4382 4200
4383 4201
4384 4202
4385 4203
4386 4204
4387 4205
4388 4206
4389 4207
4390 4208
4391 4209
4392 4210
4393 4211
4394 4212
4395 4213
4396 4214
4397 4215
4398 4216
4399 4217
4400 4218
4401 4219
4402 4220
4403 4221
4404 4222
4405 4223
4406 4224
4407 4225
4408 4226
4409 4227
4410 4228
4411 4229
4412 4230
4413 4231
4414 4232
4415 4233
4416 4234
4417 4235
4418 4236
4419 4237
4420 4238
4421 4239
4422 4240
4423 4241
4424 4242
4425 4243
4426 4244
4427 4245
4428 4246
4429 4247
4430 4248
4431 4249
4432 1885
4433 4250
4434 4251
4435 4252
4436 4253
4437 4254
4438 4255
4439 4256
4440 4257
4441 4258
4442 2210
4443 4259
4444 4260
4445 4261
4446 4262
4447 4263
4448 4264
4449 4265
4450 4266
4451 4267
4452 4268
4453 4269
4454 4270
4455 2210
4456 4271
4457 4272
4458 4273
4459 2210
4460 4274
4461 4275
4462 4276
4463 1885
4464 4277
4465 4278
4466 4279
4467 4280
4468 4281
4469 4282
4470 4283
4471 4284
4472 4285
4473 4286
4474 4287
4475 4288
4476 4289
4477 4290
4478 4291
4479 4292
4480 4293
4481 4294
4482 4295
4483 4296
4484 4297
4485 4298
4486 4299
4487 4300
4488 4301
4489 4302
4490 4303
4491 4304
4492 4305
4493 4306
4494 4307
4495 4308
4496 4309
4497 4310
4498 4311
4499 4312
4500 4313
4501 4314
4502 4315
4503 4316
4504 4317
4505 4318
4506 4319
4507 4320
4508 4321
4509 4322
4510 4323
4511 4324
4512 4325
4513 4326
4514 4327
4515 4328
4516 4329
4517 4330
4518 4331
4519 4332
4520 4333
4521 4334
4522 4335
4523 4336
4524 4337
4525 4338
4526 4339
4527 4340
4528 4341
4529 4342
4530 4343
4531 4344
4532 4345
4533 4346
4534 4347
4535 4348
4536 4349
4537 4350
4538 4351
4539 4352
4540 4353
4541 4354
4542 4355
4543 4356
4544 4357
4545 4358
4546 4359
4547 4360
4548 4361
4549 4362
4550 4363
4551 4364
4552 4365
4553 4366
4554 4367
4555 2210
4556 2210
4557 4368
4558 4369
4559 4370
4560 4371
4561 4372
4562 4373
4563 4374
4564 4375
4565 4376
4566 4377
4567 4378
4568 4379
4569 4380
4570 4381
4571 4382
4572 4383
4573 4384
4574 4385
4575 4386
4576 4387
4577 4388
4578 4389
4579 4390
4580 4391
4581 4392
4582 4393
4583 4394
4584 4395
4585 2210
4586 4396
4587 4397
4588 4398
4589 4399
4590 4400
4591 4401
4592 2210
4593 4402
4594 4403
4595 4404
4596 4405
4597 4406
4598 4407
4599 4408
4600 4409
4601 1885
4602 4410
4603 4411
4604 4412
4605 4413
4606 4414
4607 4415
4608 4416
4609 4417
4610 4418
4611 4419
4612 4420
4613 4421
4614 1885
4615 4422
4616 4423
4617 4424
4618 4425
4619 4426
4620 4427
4621 4428
4622 4429
4623 4430
4624 4431
4625 4432
4626 4433
4627 4434
4628 4435
4629 4436
4630 4437
4631 4438
4632 4439
4633 4440
4634 4441
4635 2210
4636 4442
4637 4443
4638 4444
4639 4445
4640 4446
4641 4447
4642 4448
4643 4449
4644 4450
4645 4451
4646 4452
4647 4453
4648 4454
4649 4455
4650 4456
4651 4457
4652 4458
4653 4459
4654 4460
4655 4461
4656 4462
4657 4463
4658 4464
4659 4465
4660 4466
4661 4467
4662 4468
4663 4469
4664 1885
4665 4470
4666 4471
4667 4472
4668 4473
4669 4474
4670 4475
4671 4476
4672 4477
4673 4478
4674 4479
4675 2210
4676 4480
4677 4481
4678 4482
4679 4483
4680 4484
4681 4485
4682 4486
4683 4487
4684 4488
4685 4489
4686 4490
4687 4491
4688 4492
4689 4493
4690 2210
4691 4494
4692 4495
4693 4496
4694 4497
4695 4498
4696 4499
4697 4500
4698 4501
4699 4502
4700 4503
4701 4504
4702 4505
4703 4506
4704 4507
4705 4508
4706 4509
4707 2210
4708 4510
4709 4511
4710 4512
4711 2210
4712 4513
4713 4514
4714 4515
4715 4516
4716 4517
4717 4518
4718 4519
4719 4520
4720 4521
4721 4522
4722 2210
4723 4523
4724 4524
4725 4525
4726 4526
4727 4527
4728 4528
4729 4529
4730 4530
4731 4531
4732 4532
4733 4533
4734 4534
4735 4535
4736 4536
4737 4537
4738 4538
4739 4539
4740 4540
4741 4541
4742 4542
4743 4543
4744 4544
4745 4545
4746 4546
4747 4547
4748 4548
4749 4549
4750 4550
4751 4551
4752 4552
4753 4553
4754 4554
4755 4555
4756 4556
4757 4557
4758 4558
4759 4559
4760 4560
4761 4561
4762 4562
4763 4563
4764 4564
4765 4565
4766 4566
4767 4567
4768 4568
4769 4569
4770 4570
4771 4571
4772 4572
4773 4573
4774 4574
4775 4575
4776 4576
4777 4577
4778 4578
4779 4579
4780 4580
4781 4581
4782 4582
4783 4583
4784 4584
4785 4585
4786 4586
4787 4587
4788 1885
4789 4588
4790 4589
4791 4590
4792 4591
4793 4592
4794 4593
4795 4594
4796 4595
4797 4596
4798 4597
4799 4598
4800 4599
4801 1885
4802 4600
4803 4601
4804 4602
4805 4603
4806 4604
4807 4605
4808 4606
4809 4607
4810 4608
4811 4609
4812 4610
4813 4611
4814 4612
4815 4613
4816 4614
4817 4615
4818 4616
4819 4617
4820 4618
4821 4619
4822 4620
4823 4621
4824 4622
4825 4623
4826 4624
4827 4625
4828 4626
4829 4627
4830 4628
4831 4629
4832 4630
4833 4631
4834 4632
4835 4633
4836 4634
4837 4635
4838 4636
4839 4637
4840 2210
4841 4638
4842 4639
4843 4640
4844 4641
4845 4642
4846 4643
4847 4644
4848 4645
4849 4646
4850 4647
4851 4648
4852 4649
4853 4650
4854 4651
4855 4652
4856 4653
4857 4654
4858 4655
4859 4656
4860 4657
4861 4658
4862 4659
4863 4660
4864 4661
4865 4662
4866 4663
4867 4664
4868 4665
4869 4666
4870 4667
4871 4668
4872 4669
4873 4670
4874 4671
4875 4672
4876 4673
4877 4674
4878 4675
4879 4676
4880 4677
4881 4678
4882 4679
4883 4680
4884 4681
4885 4682
4886 4683
4887 4684
4888 4685
4889 4686
4890 4687
4891 4688
4892 4689
4893 4690
4894 4691
4895 4692
4896 4693
4897 4694
4898 4695
4899 4696
4900 4697
4901 4698
4902 4699
4903 4700
4904 4701
4905 4702
4906 4703
4907 4704
4908 4705
4909 4706
4910 4707
4911 4708
4912 4709
4913 4710
4914 4711
4915 4712
4916 4713
4917 4714
4918 4715
4919 4716
4920 4717
4921 4718
4922 4719
4923 4720
4924 4721
4925 4722
4926 4723
4927 4724
4928 4725
4929 4726
4930 4727
4931 4728
4932 4729
4933 4730
4934 4731
4935 4732
4936 4733
4937 4734
4938 4735
4939 4736
4940 4737
4941 4738
4942 4739
4943 4740
4944 4741
4945 4742
4946 4743
4947 4744
4948 4745
4949 4746
4950 4747
4951 4748
4952 4749
4953 4750
4954 4751
4955 4752
4956 4753
4957 4754
4958 4755
4959 4756
4960 4757
4961 4758
4962 4759
4963 4760
4964 4761
4965 1885
4966 4762
4967 4763
4968 4764
4969 4765
4970 4766
4971 4767
4972 4768
4973 4769
4974 4770
4975 4771
4976 4772
4977 4773
4978 4774
4979 4775
4980 4776
4981 4777
4982 4778
4983 4779
4984 4780
4985 4781
4986 4782
4987 4783
4988 4784
4989 4785
4990 4786
4991 4787
4992 4788
4993 4789
4994 4790
4995 4791
4996 4792
4997 4793
4998 4794
4999 4795
5000 4796
5001 4797
5002 4798
5003 4799
5004 4800
5005 4801
5006 4802
5007 4803
5008 4804
5009 4805
5010 4806
5011 4807
5012 4808
5013 4809
5014 4810
5015 4811
5016 4812
5017 4813
5018 4814
5019 4815
5020 4816
5021 4817
5022 4818
5023 4819
5024 4820
5025 4821
5026 4822
5027 4823
5028 4824
5029 4825
5030 4826
5031 4827
5032 2210
5033 4828
5034 4829
5035 4830
5036 4831
5037 1885
5038 4832
5039 4833
5040 4834
5041 4835
5042 4836
5043 4837
5044 4838
5045 4839
5046 4840
5047 4841
5048 4842
5049 4843
5050 4844
5051 4845
5052 4846
5053 4847
5054 4848
5055 4849
5056 4850
5057 4851
5058 4852
5059 4853
5060 4854
5061 4855
5062 4856
5063 4857
5064 4858
5065 4859
5066 4860
5067 4861
5068 4862
5069 4863
5070 4864
5071 1885
5072 4865
5073 4866
5074 4867
5075 4868
5076 4869
5077 4870
5078 4871
5079 4872
5080 4873
5081 4874
5082 4875
5083 4876
5084 4877
5085 4878
5086 4879
5087 4880
5088 4881
5089 4882
5090 4883
5091 4884
5092 4885
5093 2210
5094 4886
5095 4887
5096 4888
5097 4889
5098 4890
5099 4891
5100 4892
5101 4893
5102 4894
5103 4895
5104 2210
5105 4896
5106 4897
5107 4898
5108 4899
5109 4900
5110 4901
5111 4902
5112 4903
5113 4904
5114 4905
5115 4906
5116 4907
5117 4908
5118 4909
5119 4910
5120 4911
5121 4912
5122 4913
5123 2210
5124 4914
5125 4915
5126 4916
5127 4917
5128 2210
5129 4918
5130 4919
5131 4920
5132 4921
5133 4922
5134 4923
5135 4924
5136 4925
5137 4926
5138 4927
5139 4928
5140 4929
5141 4930
5142 4931
5143 4932
5144 4933
5145 4934
5146 4935
5147 4936
5148 4937
5149 4938
5150 4939
5151 4940
5152 4941
5153 4942
5154 4943
5155 4944
5156 4945
5157 4946
5158 4947
5159 4948
5160 4949
5161 4950
5162 4951
5163 4952
5164 4953
5165 4954
5166 4955
5167 1885
5168 4956
5169 2210
5170 4957
5171 4958
5172 4959
5173 4960
5174 4961
5175 4962
5176 4963
5177 4964
5178 4965
5179 4966
5180 4967
5181 4968
5182 4969
5183 4970
5184 4971
5185 4972
5186 4973
5187 4974
5188 2210
5189 4975
5190 4976
5191 4977
5192 4978
5193 4979
5194 4980
5195 4981
5196 4982
5197 4983
5198 4984
5199 4985
5200 4986
5201 4987
5202 4988
5203 4989
5204 4990
5205 4991
5206 4992
5207 4993
5208 4994
5209 4995
5210 4996
5211 4997
5212 4998
5213 4999
5214 5000
5215 5001
5216 5002
5217 5003
5218 5004
5219 5005
5220 5006
5221 5007
5222 5008
5223 5009
5224 5010
5225 5011
5226 5012
5227 5013
5228 5014
5229 5015
5230 5016
5231 5017
5232 5018
5233 5019
5234 1885
5235 5020
5236 5021
5237 5022
5238 5023
5239 5024
5240 5025
5241 5026
5242 5027
5243 5028
5244 5029
5245 5030
5246 5031
5247 5032
5248 5033
5249 5034
5250 2210
